0 0.3916015625 0.4873046875 0.35546875 0.826171875
0 0.77978515625 0.8486328125 0.0458984375 0.060546875
0 0.77880859375 0.21435546875 0.0341796875 0.0341796875
0 0.74609375 0.43017578125 0.078125 0.1865234375
0 0.111328125 0.44580078125 0.158203125 0.1806640625
0 0.63671875 0.60400390625 0.0546875 0.0537109375
0 0.70849609375 0.78662109375 0.0791015625 0.3720703125
0 0.26953125 0.03662109375 0.072265625 0.0712890625
0 0.9033203125 0.576171875 0.10546875 0.333984375
0 0.81298828125 0.62939453125 0.0361328125 0.0302734375
0 0.68115234375 0.11376953125 0.0693359375 0.1513671875
0 0.03271484375 0.60302734375 0.0458984375 0.0341796875
0 0.6357421875 0.2333984375 0.041015625 0.041015625
0 0.9697265625 0.09375 0.03125 0.0390625
0 0.84228515625 0.34912109375 0.0244140625 0.0205078125
0 0.82958984375 0.15185546875 0.0263671875 0.0283203125
0 0.6484375 0.82763671875 0.03125 0.0224609375
0 0.09912109375 0.671875 0.0224609375 0.01953125
0 0.86328125 0.81201171875 0.076171875 0.0771484375
0 0.15087890625 0.7451171875 0.0322265625 0.025390625
0 0.89990234375 0.2099609375 0.1044921875 0.0546875
0 0.05126953125 0.953125 0.0517578125 0.0625
0 0.865234375 0.158203125 0.029296875 0.03125
0 0.42529296875 0.03466796875 0.1220703125 0.0654296875
0 0.1005859375 0.0517578125 0.083984375 0.07421875
0 0.10693359375 0.21728515625 0.1259765625 0.1279296875
0 0.169921875 0.05224609375 0.037109375 0.0478515625
0 0.33544921875 0.0283203125 0.0361328125 0.0390625
0 0.7353515625 0.166015625 0.033203125 0.033203125
0 0.966796875 0.318359375 0.05078125 0.052734375
0 0.63525390625 0.34814453125 0.0341796875 0.0341796875
0 0.0498046875 0.8779296875 0.021484375 0.025390625
0 0.3935546875 0.96826171875 0.080078125 0.0322265625
0 0.70751953125 0.56982421875 0.0732421875 0.0224609375
0 0.86474609375 0.9296875 0.1494140625 0.05078125
0 0.88525390625 0.37939453125 0.0283203125 0.0302734375
0 0.73486328125 0.2294921875 0.0517578125 0.0546875
0 0.06591796875 0.79052734375 0.1123046875 0.1142578125
0 0.15576171875 0.59375 0.0849609375 0.09765625
0 0.79296875 0.04052734375 0.0625 0.0615234375
0 0.7900390625 0.296875 0.09375 0.033203125
0 0.2939453125 0.95654296875 0.056640625 0.0517578125