0 0.501953125 0.88037109375 0.140625 0.1435546875
0 0.84521484375 0.7880859375 0.1044921875 0.240234375
0 0.24755859375 0.8740234375 0.0224609375 0.029296875
0 0.3349609375 0.9140625 0.029296875 0.029296875
0 0.6181640625 0.34228515625 0.296875 0.6669921875
0 0.66162109375 0.734375 0.0751953125 0.068359375
0 0.24560546875 0.42236328125 0.1513671875 0.6533203125
0 0.68798828125 0.91650390625 0.1181640625 0.0615234375
0 0.92919921875 0.986328125 0.0166015625 0.01171875
0 0.3603515625 0.7109375 0.037109375 0.048828125
0 0.86962890625 0.27783203125 0.1552734375 0.1767578125
0 0.92919921875 0.01904296875 0.0908203125 0.0322265625
0 0.8779296875 0.44580078125 0.0546875 0.0556640625
0 0.796875 0.61669921875 0.0546875 0.0654296875
0 0.0322265625 0.03271484375 0.05859375 0.0576171875
0 0.87744140625 0.53857421875 0.0341796875 0.0361328125
0 0.064453125 0.31787109375 0.07421875 0.0302734375
0 0.40576171875 0.49755859375 0.0322265625 0.0244140625
0 0.955078125 0.60791015625 0.07421875 0.2216796875
0 0.099609375 0.62890625 0.12890625 0.041015625
0 0.6826171875 0.828125 0.169921875 0.091796875
0 0.451171875 0.1953125 0.021484375 0.0234375
0 0.9794921875 0.9775390625 0.021484375 0.021484375
0 0.12646484375 0.826171875 0.0576171875 0.125
0 0.07666015625 0.43603515625 0.0244140625 0.0185546875
0 0.9111328125 0.12548828125 0.12109375 0.1240234375
0 0.01611328125 0.89453125 0.0283203125 0.033203125
0 0.32861328125 0.79833984375 0.0400390625 0.0419921875
0 0.12109375 0.1728515625 0.044921875 0.044921875
0 0.37158203125 0.1396484375 0.0888671875 0.025390625
0 0.46484375 0.767578125 0.04296875 0.044921875
0 0.39599609375 0.63037109375 0.0576171875 0.0615234375
0 0.421875 0.677734375 0.0234375 0.021484375
0 0.70654296875 0.98291015625 0.0244140625 0.0205078125
0 0.94921875 0.88134765625 0.056640625 0.0615234375
0 0.92041015625 0.9462890625 0.0517578125 0.05078125
0 0.36376953125 0.46142578125 0.0478515625 0.1396484375
0 0.41259765625 0.2314453125 0.0322265625 0.02734375
0 0.03271484375 0.5185546875 0.0576171875 0.056640625
0 0.85107421875 0.0400390625 0.0244140625 0.03125
0 0.3544921875 0.970703125 0.02734375 0.02734375