0 0.11083984375 0.2021484375 0.0341796875 0.037109375
0 0.5166015625 0.822265625 0.0390625 0.0390625
0 0.927734375 0.8525390625 0.056640625 0.060546875
0 0.701171875 0.61181640625 0.076171875 0.0693359375
0 0.68896484375 0.4052734375 0.5029296875 0.1953125
0 0.3369140625 0.80224609375 0.07421875 0.3193359375
0 0.60595703125 0.72412109375 0.2568359375 0.0791015625
0 0.912109375 0.931640625 0.060546875 0.044921875
0 0.2177734375 0.521484375 0.13671875 0.490234375
0 0.0703125 0.4833984375 0.048828125 0.048828125
0 0.099609375 0.7548828125 0.087890625 0.203125
0 0.34814453125 0.56787109375 0.0263671875 0.0205078125
0 0.78466796875 0.89208984375 0.1201171875 0.1220703125
0 0.20458984375 0.90771484375 0.0830078125 0.0732421875
0 0.0703125 0.4228515625 0.0234375 0.015625
0 0.1904296875 0.80615234375 0.0703125 0.0712890625
0 0.41943359375 0.10009765625 0.1943359375 0.1943359375
0 0.06689453125 0.60400390625 0.0380859375 0.0400390625
0 0.263671875 0.1474609375 0.08203125 0.236328125
0 0.34130859375 0.3818359375 0.0556640625 0.0546875
0 0.447265625 0.62890625 0.021484375 0.01953125
0 0.89501953125 0.19482421875 0.0283203125 0.0283203125
0 0.892578125 0.09912109375 0.03125 0.0263671875
0 0.91162109375 0.69140625 0.1298828125 0.0703125
0 0.69384765625 0.158203125 0.1162109375 0.1015625
0 0.62451171875 0.8984375 0.0712890625 0.162109375
0 0.494140625 0.57763671875 0.021484375 0.0185546875
0 0.90185546875 0.5634765625 0.0263671875 0.03125
0 0.16552734375 0.1689453125 0.0283203125 0.029296875
0 0.02197265625 0.0361328125 0.0244140625 0.025390625
0 0.7294921875 0.796875 0.02734375 0.029296875
0 0.07470703125 0.29345703125 0.1181640625 0.1357421875
0 0.31494140625 0.50537109375 0.0556640625 0.0537109375
0 0.39892578125 0.9375 0.0400390625 0.048828125
0 0.623046875 0.06298828125 0.0234375 0.0283203125
0 0.07861328125 0.9365234375 0.1279296875 0.052734375
0 0.560546875 0.9404296875 0.052734375 0.068359375
0 0.73388671875 0.05126953125 0.1865234375 0.0634765625
0 0.53173828125 0.64208984375 0.0361328125 0.0361328125
0 0.34814453125 0.28076171875 0.0341796875 0.0439453125
0 0.48095703125 0.22705078125 0.2548828125 0.0537109375
0 0.91748046875 0.04150390625 0.1396484375 0.0732421875
0 0.4462890625 0.98291015625 0.080078125 0.0283203125
0 0.1513671875 0.0859375 0.1015625 0.03125
0 0.02783203125 0.44580078125 0.0224609375 0.0224609375
0 0.41162109375 0.76708984375 0.0673828125 0.2080078125
0 0.82275390625 0.22021484375 0.1025390625 0.1044921875