0 0.2763671875 0.783203125 0.064453125 0.146484375
0 0.8271484375 0.39453125 0.109375 0.111328125
0 0.4228515625 0.35595703125 0.103515625 0.0302734375
0 0.53564453125 0.19775390625 0.4150390625 0.0810546875
0 0.6240234375 0.7578125 0.0234375 0.029296875
0 0.09765625 0.4619140625 0.083984375 0.396484375
0 0.7490234375 0.96240234375 0.033203125 0.0283203125
0 0.26025390625 0.52392578125 0.0888671875 0.2861328125
0 0.63427734375 0.33154296875 0.1826171875 0.1591796875
0 0.0517578125 0.705078125 0.025390625 0.033203125
0 0.4833984375 0.09521484375 0.076171875 0.0751953125
0 0.548828125 0.541015625 0.107421875 0.123046875
0 0.03759765625 0.1787109375 0.0556640625 0.056640625
0 0.689453125 0.89794921875 0.056640625 0.0615234375
0 0.72119140625 0.58544921875 0.0634765625 0.0634765625
0 0.57666015625 0.62353515625 0.0400390625 0.0400390625
0 0.56005859375 0.783203125 0.0517578125 0.125
0 0.5322265625 0.9697265625 0.037109375 0.0390625
0 0.888671875 0.615234375 0.21875 0.21875
0 0.22998046875 0.13427734375 0.1767578125 0.1767578125
0 0.751953125 0.30615234375 0.013671875 0.0166015625
0 0.197265625 0.9677734375 0.048828125 0.046875
0 0.90087890625 0.28466796875 0.0439453125 0.0537109375
0 0.49560546875 0.82666015625 0.0634765625 0.2021484375
0 0.88671875 0.0419921875 0.05859375 0.021484375
0 0.3876953125 0.490234375 0.09765625 0.0390625
0 0.13330078125 0.904296875 0.0537109375 0.0703125
0 0.85302734375 0.75048828125 0.0263671875 0.0283203125
0 0.185546875 0.77099609375 0.060546875 0.0458984375
0 0.0283203125 0.36328125 0.041015625 0.03515625
0 0.40087890625 0.92578125 0.0849609375 0.029296875
0 0.21826171875 0.91064453125 0.0263671875 0.0263671875
0 0.87353515625 0.16552734375 0.1376953125 0.1572265625
0 0.22998046875 0.27197265625 0.0419921875 0.0380859375
0 0.64111328125 0.07177734375 0.1318359375 0.1162109375
0 0.96533203125 0.84912109375 0.0654296875 0.2021484375
0 0.96728515625 0.4716796875 0.0458984375 0.048828125
0 0.69091796875 0.66259765625 0.1435546875 0.0791015625
0 0.333984375 0.74462890625 0.037109375 0.0283203125
0 0.78369140625 0.09521484375 0.0380859375 0.1103515625
0 0.46337890625 0.3037109375 0.1416015625 0.072265625
0 0.6806640625 0.76513671875 0.07421875 0.0732421875
0 0.044921875 0.828125 0.017578125 0.01171875
0 0.37109375 0.6064453125 0.06640625 0.0703125
0 0.31982421875 0.806640625 0.0126953125 0.01171875
0 0.044921875 0.78466796875 0.04296875 0.0458984375
0 0.43359375 0.8916015625 0.0234375 0.0234375