0 0.96142578125 0.171875 0.0419921875 0.044921875
0 0.16259765625 0.84326171875 0.1416015625 0.1240234375
0 0.5078125 0.52197265625 0.41015625 0.9208984375
0 0.19384765625 0.1611328125 0.0263671875 0.02734375
0 0.962890625 0.6220703125 0.041015625 0.048828125
0 0.1484375 0.548828125 0.03125 0.041015625
0 0.21630859375 0.3486328125 0.0830078125 0.283203125
0 0.81591796875 0.47509765625 0.0615234375 0.0458984375
0 0.830078125 0.73291015625 0.04296875 0.0986328125
0 0.787109375 0.21240234375 0.107421875 0.3330078125
0 0.93017578125 0.8076171875 0.1357421875 0.119140625
0 0.0341796875 0.8818359375 0.0625 0.14453125
0 0.08642578125 0.703125 0.0283203125 0.025390625
0 0.14794921875 0.64501953125 0.1142578125 0.0361328125
0 0.87158203125 0.5234375 0.0361328125 0.03125
0 0.8759765625 0.115234375 0.021484375 0.021484375
0 0.0615234375 0.197265625 0.05859375 0.05859375
0 0.91552734375 0.0556640625 0.0537109375 0.0546875
0 0.27587890625 0.1572265625 0.0224609375 0.015625
0 0.9609375 0.2763671875 0.03515625 0.03515625
0 0.0390625 0.0869140625 0.03125 0.033203125
0 0.1064453125 0.4052734375 0.10546875 0.0546875
0 0.78076171875 0.92236328125 0.1259765625 0.1279296875
0 0.05517578125 0.51708984375 0.0986328125 0.1123046875
0 0.09130859375 0.74755859375 0.0556640625 0.0166015625
0 0.26220703125 0.6259765625 0.0732421875 0.201171875
0 0.7880859375 0.521484375 0.025390625 0.03125
0 0.6904296875 0.0302734375 0.044921875 0.044921875
0 0.2294921875 0.099609375 0.060546875 0.0546875
0 0.02490234375 0.2998046875 0.0341796875 0.033203125
0 0.1298828125 0.06689453125 0.029296875 0.0302734375
0 0.86181640625 0.90673828125 0.0263671875 0.0224609375
0 0.7314453125 0.79296875 0.02734375 0.02734375
0 0.8046875 0.62109375 0.15234375 0.08203125
0 0.9267578125 0.3671875 0.126953125 0.052734375
0 0.86083984375 0.27685546875 0.0341796875 0.0361328125
0 0.11328125 0.32373046875 0.095703125 0.0341796875
0 0.478515625 0.02490234375 0.203125 0.0400390625
0 0.9541015625 0.474609375 0.021484375 0.0234375
0 0.0791015625 0.11767578125 0.017578125 0.0126953125
0 0.87158203125 0.95703125 0.0458984375 0.060546875
0 0.85302734375 0.4072265625 0.0185546875 0.021484375