0 0.14501953125 0.90380859375 0.0283203125 0.0205078125
0 0.111328125 0.83984375 0.119140625 0.048828125
0 0.5029296875 0.2294921875 0.974609375 0.361328125
0 0.681640625 0.48828125 0.04296875 0.103515625
0 0.6044921875 0.73095703125 0.11328125 0.3388671875
0 0.763671875 0.859375 0.123046875 0.0390625
0 0.30712890625 0.66845703125 0.0185546875 0.0185546875
0 0.9453125 0.90087890625 0.041015625 0.0400390625
0 0.46484375 0.505859375 0.0546875 0.0546875
0 0.16455078125 0.64306640625 0.0986328125 0.0869140625
0 0.20458984375 0.521484375 0.0205078125 0.021484375
0 0.37255859375 0.91015625 0.0732421875 0.0546875
0 0.7607421875 0.646484375 0.037109375 0.037109375
0 0.4873046875 0.7314453125 0.0625 0.142578125
0 0.2861328125 0.80615234375 0.09375 0.0478515625
0 0.84375 0.6611328125 0.09375 0.095703125
0 0.23486328125 0.58203125 0.0302734375 0.025390625
0 0.37744140625 0.72900390625 0.0693359375 0.1904296875
0 0.82470703125 0.51708984375 0.0908203125 0.1044921875
0 0.71826171875 0.73046875 0.1083984375 0.033203125
0 0.4140625 0.47509765625 0.033203125 0.0322265625
0 0.0791015625 0.78125 0.025390625 0.025390625
0 0.68115234375 0.95458984375 0.3330078125 0.0712890625
0 0.1513671875 0.01708984375 0.029296875 0.0263671875
0 0.08837890625 0.51904296875 0.1630859375 0.0908203125
0 0.90380859375 0.7734375 0.0595703125 0.0625
0 0.322265625 0.46728515625 0.021484375 0.0263671875
0 0.89111328125 0.92626953125 0.0458984375 0.0498046875
0 0.541015625 0.4677734375 0.08203125 0.083984375
0 0.439453125 0.892578125 0.056640625 0.07421875
0 0.4609375 0.021484375 0.01953125 0.021484375
0 0.287109375 0.708984375 0.052734375 0.056640625
0 0.302734375 0.58837890625 0.08203125 0.0810546875
0 0.19677734375 0.9111328125 0.0224609375 0.029296875
0 0.40966796875 0.583984375 0.0849609375 0.07421875
0 0.63134765625 0.46435546875 0.0361328125 0.0439453125
0 0.908203125 0.8486328125 0.1328125 0.048828125
0 0.06689453125 0.62353515625 0.0693359375 0.0634765625
0 0.48388671875 0.580078125 0.0185546875 0.015625
0 0.443359375 0.97314453125 0.037109375 0.0283203125
0 0.23193359375 0.9130859375 0.0263671875 0.03125
0 0.05615234375 0.9580078125 0.0361328125 0.037109375
0 0.74853515625 0.02099609375 0.0263671875 0.0263671875