0 0.193359375 0.5 0.05859375 0.052734375
0 0.41552734375 0.27392578125 0.1513671875 0.5185546875
0 0.23046875 0.11376953125 0.197265625 0.0380859375
0 0.533203125 0.87646484375 0.01953125 0.0205078125
0 0.015625 0.01806640625 0.015625 0.0185546875
0 0.8115234375 0.3056640625 0.16015625 0.0546875
0 0.35595703125 0.69287109375 0.2451171875 0.2451171875
0 0.85693359375 0.53173828125 0.0458984375 0.1064453125
0 0.88134765625 0.68115234375 0.1396484375 0.1591796875
0 0.5390625 0.61376953125 0.01953125 0.0146484375
0 0.6357421875 0.458984375 0.0703125 0.025390625
0 0.7421875 0.38134765625 0.041015625 0.0302734375
0 0.73876953125 0.81591796875 0.1865234375 0.1005859375
0 0.12646484375 0.96484375 0.0400390625 0.052734375
0 0.873046875 0.10400390625 0.080078125 0.0791015625
0 0.0615234375 0.259765625 0.087890625 0.08984375
0 0.9755859375 0.67724609375 0.015625 0.0205078125
0 0.888671875 0.0244140625 0.044921875 0.046875
0 0.7568359375 0.65771484375 0.025390625 0.0244140625
0 0.95654296875 0.8017578125 0.0361328125 0.03125
0 0.77099609375 0.08740234375 0.0341796875 0.0341796875
0 0.3466796875 0.89208984375 0.03515625 0.0458984375
0 0.021484375 0.4951171875 0.033203125 0.03515625
0 0.59033203125 0.359375 0.0322265625 0.03515625
0 0.9365234375 0.05419921875 0.0234375 0.0205078125
0 0.80078125 0.44580078125 0.083984375 0.0341796875
0 0.2470703125 0.8642578125 0.095703125 0.048828125
0 0.9716796875 0.5302734375 0.052734375 0.056640625
0 0.05908203125 0.74072265625 0.1083984375 0.3193359375
0 0.53515625 0.74072265625 0.046875 0.1298828125
0 0.40576171875 0.88525390625 0.0498046875 0.1142578125
0 0.63037109375 0.1396484375 0.0849609375 0.0859375
0 0.5986328125 0.3994140625 0.021484375 0.021484375
0 0.0693359375 0.1650390625 0.03515625 0.03515625
0 0.16748046875 0.38330078125 0.3193359375 0.1181640625
0 0.83544921875 0.8984375 0.1142578125 0.033203125
0 0.86962890625 0.7958984375 0.0361328125 0.04296875
0 0.2626953125 0.21875 0.15234375 0.1328125
0 0.58837890625 0.30712890625 0.0439453125 0.0458984375
0 0.2001953125 0.04296875 0.0625 0.064453125
0 0.8212890625 0.212890625 0.0625 0.0625
0 0.67138671875 0.56591796875 0.1748046875 0.1533203125
0 0.544921875 0.84521484375 0.046875 0.0400390625
0 0.58349609375 0.74853515625 0.0302734375 0.0205078125
0 0.68603515625 0.24462890625 0.0205078125 0.0205078125