0 0.34814453125 0.73486328125 0.0517578125 0.0537109375
0 0.7724609375 0.14306640625 0.42578125 0.1650390625
0 0.0732421875 0.8310546875 0.0234375 0.021484375
0 0.96484375 0.93017578125 0.0390625 0.0380859375
0 0.583984375 0.51123046875 0.068359375 0.0517578125
0 0.37890625 0.29638671875 0.0546875 0.0576171875
0 0.26953125 0.37060546875 0.041015625 0.0537109375
0 0.62548828125 0.6279296875 0.0400390625 0.04296875
0 0.43408203125 0.97412109375 0.0380859375 0.0380859375
0 0.19140625 0.43994140625 0.056640625 0.0556640625
0 0.7314453125 0.36181640625 0.501953125 0.1552734375
0 0.53955078125 0.88232421875 0.1767578125 0.0556640625
0 0.35546875 0.548828125 0.22265625 0.046875
0 0.8203125 0.69482421875 0.13671875 0.4404296875
0 0.52294921875 0.49755859375 0.0283203125 0.0341796875
0 0.1796875 0.37744140625 0.037109375 0.0283203125
0 0.15087890625 0.33251953125 0.1201171875 0.0498046875
0 0.68994140625 0.71826171875 0.0654296875 0.0654296875
0 0.19677734375 0.77783203125 0.1083984375 0.1240234375
0 0.24072265625 0.01611328125 0.0263671875 0.0263671875
0 0.23193359375 0.35595703125 0.0244140625 0.0244140625
0 0.3525390625 0.0888671875 0.125 0.109375
0 0.71923828125 0.85986328125 0.0634765625 0.0830078125
0 0.07470703125 0.6142578125 0.0927734375 0.27734375
0 0.36474609375 0.67578125 0.0595703125 0.0625
0 0.3525390625 0.845703125 0.0625 0.142578125
0 0.9052734375 0.62451171875 0.025390625 0.0263671875
0 0.41552734375 0.376953125 0.1064453125 0.03125
0 0.09619140625 0.1240234375 0.0771484375 0.212890625
0 0.51318359375 0.07568359375 0.0185546875 0.0224609375
0 0.44921875 0.41455078125 0.033203125 0.0283203125
0 0.18359375 0.54345703125 0.119140625 0.1357421875
0 0.38330078125 0.19287109375 0.0419921875 0.0419921875
0 0.85595703125 0.93408203125 0.0205078125 0.0263671875
0 0.10302734375 0.92626953125 0.1298828125 0.0693359375
0 0.50244140625 0.67529296875 0.1728515625 0.1513671875
0 0.2529296875 0.90087890625 0.052734375 0.0478515625
0 0.1318359375 0.86181640625 0.07421875 0.0263671875
0 0.724609375 0.53466796875 0.046875 0.1083984375
0 0.93310546875 0.67578125 0.0458984375 0.0390625
0 0.20947265625 0.1201171875 0.1220703125 0.0625
0 0.45849609375 0.45849609375 0.0361328125 0.0361328125
0 0.44775390625 0.02490234375 0.0205078125 0.0146484375
0 0.26904296875 0.6748046875 0.0732421875 0.07421875
0 0.0205078125 0.26220703125 0.037109375 0.0400390625
0 0.4970703125 0.1953125 0.08984375 0.091796875