0 0.4853515625 0.2255859375 0.154296875 0.154296875
0 0.5146484375 0.81884765625 0.068359375 0.0615234375
0 0.2412109375 0.33056640625 0.0234375 0.0205078125
0 0.4482421875 0.78564453125 0.0390625 0.0419921875
0 0.91259765625 0.5185546875 0.1669921875 0.59765625
0 0.79541015625 0.73876953125 0.0322265625 0.0322265625
0 0.23193359375 0.79541015625 0.1181640625 0.1201171875
0 0.66796875 0.2919921875 0.17578125 0.154296875
0 0.3740234375 0.7021484375 0.041015625 0.041015625
0 0.47216796875 0.38916015625 0.0341796875 0.0361328125
0 0.8408203125 0.0703125 0.046875 0.111328125
0 0.27099609375 0.505859375 0.4755859375 0.18359375
0 0.87744140625 0.96142578125 0.0615234375 0.0244140625
0 0.65576171875 0.76806640625 0.0615234375 0.0458984375
0 0.126953125 0.08203125 0.056640625 0.05859375
0 0.564453125 0.71337890625 0.06640625 0.0654296875
0 0.458984375 0.71923828125 0.03515625 0.0263671875
0 0.37744140625 0.9775390625 0.1005859375 0.029296875
0 0.0400390625 0.25927734375 0.04296875 0.0419921875
0 0.09423828125 0.62890625 0.0419921875 0.05078125
0 0.1806640625 0.701171875 0.021484375 0.025390625
0 0.2431640625 0.2607421875 0.259765625 0.080078125
0 0.66748046875 0.17626953125 0.1201171875 0.0615234375
0 0.701171875 0.53173828125 0.076171875 0.2197265625
0 0.35498046875 0.8427734375 0.0986328125 0.11328125
0 0.75830078125 0.896484375 0.3994140625 0.078125
0 0.591796875 0.8076171875 0.0625 0.064453125
0 0.37353515625 0.083984375 0.1201171875 0.10546875
0 0.2705078125 0.12060546875 0.0390625 0.0419921875
0 0.28271484375 0.38623046875 0.0400390625 0.0517578125
0 0.48095703125 0.08056640625 0.0888671875 0.1005859375
0 0.7919921875 0.5546875 0.06640625 0.14453125
0 0.046875 0.11572265625 0.068359375 0.2158203125
0 0.021484375 0.76806640625 0.037109375 0.0380859375
0 0.919921875 0.13720703125 0.02734375 0.0244140625
0 0.48974609375 0.63232421875 0.0263671875 0.0224609375
0 0.5263671875 0.8896484375 0.0390625 0.0390625
0 0.79248046875 0.17333984375 0.0419921875 0.0556640625
0 0.18505859375 0.142578125 0.1083984375 0.0390625
0 0.17041015625 0.87744140625 0.0283203125 0.0205078125
0 0.58544921875 0.06396484375 0.0205078125 0.0205078125
0 0.53076171875 0.935546875 0.0361328125 0.03515625
0 0.22314453125 0.95751953125 0.0478515625 0.0498046875
0 0.80810546875 0.26416015625 0.0244140625 0.0302734375
0 0.8916015625 0.0205078125 0.0390625 0.041015625
0 0.3720703125 0.64599609375 0.140625 0.0439453125