0 0.9072265625 0.8955078125 0.0859375 0.03125
0 0.0439453125 0.1494140625 0.056640625 0.07421875
0 0.1494140625 0.84326171875 0.064453125 0.0478515625
0 0.83740234375 0.35986328125 0.0283203125 0.0283203125
0 0.736328125 0.7841796875 0.439453125 0.09375
0 0.138671875 0.4443359375 0.1875 0.1640625
0 0.8759765625 0.6044921875 0.06640625 0.0703125
0 0.52783203125 0.32568359375 0.0615234375 0.1708984375
0 0.1513671875 0.92919921875 0.06640625 0.0205078125
0 0.34326171875 0.37255859375 0.0439453125 0.0439453125
0 0.47998046875 0.65087890625 0.3134765625 0.1025390625
0 0.716796875 0.390625 0.111328125 0.34375
0 0.86474609375 0.1279296875 0.1064453125 0.244140625
0 0.67626953125 0.0625 0.0400390625 0.087890625
0 0.25048828125 0.74365234375 0.1123046875 0.3837890625
0 0.9345703125 0.677734375 0.01953125 0.021484375
0 0.2724609375 0.154296875 0.02734375 0.01953125
0 0.33251953125 0.1201171875 0.0576171875 0.056640625
0 0.31103515625 0.42333984375 0.1240234375 0.0517578125
0 0.10302734375 0.8720703125 0.0205078125 0.017578125
0 0.5244140625 0.91748046875 0.11328125 0.0576171875
0 0.08740234375 0.07958984375 0.1162109375 0.0400390625
0 0.685546875 0.1416015625 0.044921875 0.046875
0 0.44189453125 0.38720703125 0.1044921875 0.3310546875
0 0.318359375 0.0322265625 0.041015625 0.044921875
0 0.1884765625 0.08984375 0.02734375 0.029296875
0 0.6015625 0.16650390625 0.05859375 0.0712890625
0 0.95947265625 0.43017578125 0.0400390625 0.0400390625
0 0.74462890625 0.0380859375 0.0400390625 0.03125
0 0.12353515625 0.26513671875 0.1123046875 0.1279296875
0 0.09423828125 0.72802734375 0.1630859375 0.1630859375
0 0.484375 0.05419921875 0.068359375 0.0693359375
0 0.90966796875 0.44384765625 0.0244140625 0.0244140625
0 0.95458984375 0.25439453125 0.0400390625 0.0400390625
0 0.22509765625 0.05615234375 0.0361328125 0.0361328125
0 0.87939453125 0.5224609375 0.0517578125 0.05078125
0 0.82568359375 0.908203125 0.0380859375 0.033203125
0 0.373046875 0.20361328125 0.03125 0.0400390625
0 0.712890625 0.64013671875 0.076171875 0.0869140625
0 0.181640625 0.1435546875 0.017578125 0.021484375
0 0.4150390625 0.80322265625 0.16015625 0.1396484375
0 0.6669921875 0.89111328125 0.025390625 0.0224609375
0 0.95751953125 0.06982421875 0.0341796875 0.0419921875
0 0.62548828125 0.36767578125 0.0615234375 0.0556640625
0 0.494140625 0.11767578125 0.041015625 0.0419921875
0 0.60400390625 0.45361328125 0.0830078125 0.0849609375