0 0.837890625 0.55615234375 0.013671875 0.0166015625
0 0.35107421875 0.23681640625 0.0185546875 0.0126953125
0 0.9580078125 0.73779296875 0.03515625 0.0380859375
0 0.6640625 0.17333984375 0.0234375 0.0302734375
0 0.20068359375 0.29248046875 0.0966796875 0.4521484375
0 0.107421875 0.36083984375 0.03125 0.0322265625
0 0.337890625 0.47021484375 0.146484375 0.4306640625
0 0.75634765625 0.83349609375 0.3271484375 0.3271484375
0 0.412109375 0.2255859375 0.029296875 0.025390625
0 0.9521484375 0.14599609375 0.0390625 0.0419921875
0 0.4365234375 0.1181640625 0.109375 0.111328125
0 0.95068359375 0.35302734375 0.0302734375 0.0302734375
0 0.9052734375 0.6484375 0.021484375 0.021484375
0 0.55712890625 0.16357421875 0.0751953125 0.1806640625
0 0.83740234375 0.58154296875 0.0166015625 0.0205078125
0 0.376953125 0.83203125 0.017578125 0.015625
0 0.78515625 0.13623046875 0.1171875 0.0400390625
0 0.177734375 0.60498046875 0.080078125 0.0732421875
0 0.73046875 0.4658203125 0.3671875 0.142578125
0 0.28173828125 0.0615234375 0.0498046875 0.05078125
0 0.62939453125 0.36669921875 0.0615234375 0.0244140625
0 0.8662109375 0.26123046875 0.244140625 0.1357421875
0 0.18359375 0.88037109375 0.044921875 0.0439453125
0 0.5205078125 0.8837890625 0.083984375 0.03125
0 0.27099609375 0.861328125 0.0986328125 0.0859375
0 0.07568359375 0.58203125 0.1162109375 0.3671875
0 0.41796875 0.76513671875 0.1015625 0.1162109375
0 0.50830078125 0.9462890625 0.0751953125 0.0234375
0 0.490234375 0.53759765625 0.046875 0.1279296875
0 0.88330078125 0.12744140625 0.0341796875 0.0263671875
0 0.02490234375 0.1435546875 0.0498046875 0.052734375
0 0.21435546875 0.74609375 0.0537109375 0.064453125
0 0.83251953125 0.044921875 0.0634765625 0.046875
0 0.11083984375 0.16943359375 0.0498046875 0.0654296875
0 0.73095703125 0.03857421875 0.0419921875 0.0419921875
0 0.673828125 0.083984375 0.08984375 0.046875
0 0.11767578125 0.92578125 0.0615234375 0.1328125
0 0.5185546875 0.287109375 0.029296875 0.03125
0 0.45947265625 0.2314453125 0.0341796875 0.037109375
0 0.3583984375 0.06396484375 0.03515625 0.0341796875
0 0.41748046875 0.87255859375 0.0615234375 0.0615234375
0 0.66796875 0.234375 0.029296875 0.025390625
0 0.9716796875 0.83154296875 0.05078125 0.0498046875
0 0.091796875 0.810546875 0.095703125 0.083984375
0 0.6416015625 0.603515625 0.09375 0.107421875