0 0.921875 0.8330078125 0.087890625 0.03515625
0 0.26708984375 0.302734375 0.1025390625 0.330078125
0 0.92822265625 0.66162109375 0.0185546875 0.0126953125
0 0.30126953125 0.03564453125 0.0361328125 0.0283203125
0 0.18505859375 0.62158203125 0.0341796875 0.0361328125
0 0.72412109375 0.095703125 0.1240234375 0.126953125
0 0.8759765625 0.3642578125 0.037109375 0.03125
0 0.587890625 0.59375 0.328125 0.328125
0 0.61865234375 0.9306640625 0.0751953125 0.076171875
0 0.47119140625 0.859375 0.0283203125 0.037109375
0 0.56884765625 0.30224609375 0.3720703125 0.0791015625
0 0.0244140625 0.3212890625 0.013671875 0.017578125
0 0.23974609375 0.82275390625 0.2197265625 0.1181640625
0 0.03271484375 0.6630859375 0.0283203125 0.029296875
0 0.6552734375 0.85400390625 0.01953125 0.0205078125
0 0.57080078125 0.23974609375 0.0576171875 0.0419921875
0 0.1220703125 0.54150390625 0.044921875 0.1298828125
0 0.88134765625 0.529296875 0.1669921875 0.146484375
0 0.95361328125 0.34765625 0.0322265625 0.0390625
0 0.392578125 0.216796875 0.107421875 0.033203125
0 0.83349609375 0.2255859375 0.0771484375 0.177734375
0 0.03955078125 0.8212890625 0.0654296875 0.1484375
0 0.10595703125 0.08837890625 0.1396484375 0.1591796875
0 0.37158203125 0.9560546875 0.2353515625 0.072265625
0 0.5673828125 0.40625 0.025390625 0.0234375
0 0.86669921875 0.80078125 0.0595703125 0.021484375
0 0.81005859375 0.7001953125 0.0654296875 0.064453125
0 0.31640625 0.6806640625 0.06640625 0.06640625
0 0.48486328125 0.06787109375 0.0263671875 0.0322265625
0 0.40576171875 0.1171875 0.0673828125 0.072265625
0 0.53125 0.9189453125 0.033203125 0.033203125
0 0.03173828125 0.51123046875 0.0615234375 0.1962890625
0 0.95751953125 0.2041015625 0.0771484375 0.23828125
0 0.10986328125 0.69287109375 0.0634765625 0.0322265625
0 0.76904296875 0.9228515625 0.1552734375 0.13671875
0 0.9150390625 0.9013671875 0.0859375 0.078125
0 0.1201171875 0.2529296875 0.109375 0.111328125
0 0.69091796875 0.36962890625 0.0283203125 0.0283203125
0 0.21240234375 0.5263671875 0.0498046875 0.048828125
0 0.57568359375 0.087890625 0.1142578125 0.130859375
0 0.4033203125 0.7470703125 0.029296875 0.0390625
0 0.36083984375 0.07373046875 0.0185546875 0.0166015625
0 0.08251953125 0.9482421875 0.0712890625 0.0703125
0 0.47705078125 0.80224609375 0.1748046875 0.0595703125
0 0.46728515625 0.23681640625 0.0322265625 0.0341796875
0 0.208984375 0.9228515625 0.029296875 0.029296875
0 0.974609375 0.9609375 0.03515625 0.037109375