0 0.5087890625 0.60595703125 0.041015625 0.0419921875
0 0.81298828125 0.23193359375 0.0341796875 0.0341796875
0 0.42431640625 0.8642578125 0.3994140625 0.1484375
0 0.57373046875 0.20263671875 0.0498046875 0.0498046875
0 0.896484375 0.66455078125 0.015625 0.0146484375
0 0.58837890625 0.69970703125 0.0595703125 0.0244140625
0 0.47607421875 0.18505859375 0.0283203125 0.0302734375
0 0.37109375 0.51025390625 0.08984375 0.2900390625
0 0.59619140625 0.416015625 0.0302734375 0.037109375
0 0.75634765625 0.40673828125 0.0810546875 0.0830078125
0 0.625 0.49609375 0.0625 0.064453125
0 0.19921875 0.72412109375 0.205078125 0.1103515625
0 0.25341796875 0.05029296875 0.0615234375 0.0458984375
0 0.72119140625 0.1376953125 0.0458984375 0.0390625
0 0.71533203125 0.28515625 0.0166015625 0.01953125
0 0.67724609375 0.79296875 0.0927734375 0.02734375
0 0.56005859375 0.64990234375 0.0517578125 0.0693359375
0 0.43359375 0.72021484375 0.02734375 0.0185546875
0 0.53759765625 0.314453125 0.2685546875 0.052734375
0 0.32958984375 0.1669921875 0.0673828125 0.068359375
0 0.83935546875 0.5517578125 0.0224609375 0.02734375
0 0.1708984375 0.45556640625 0.06640625 0.1435546875
0 0.06884765625 0.3720703125 0.1162109375 0.5
0 0.76416015625 0.58203125 0.0654296875 0.1796875
0 0.93359375 0.82421875 0.08984375 0.28515625
0 0.91748046875 0.517578125 0.1279296875 0.146484375
0 0.97314453125 0.1201171875 0.0400390625 0.0390625
0 0.9140625 0.3935546875 0.025390625 0.025390625
0 0.7607421875 0.1865234375 0.056640625 0.05078125
0 0.37841796875 0.0595703125 0.0732421875 0.072265625
0 0.6171875 0.15478515625 0.0390625 0.0400390625
0 0.94677734375 0.20166015625 0.1044921875 0.0537109375
0 0.1728515625 0.2744140625 0.087890625 0.203125
0 0.1337890625 0.03369140625 0.1640625 0.0556640625
0 0.52587890625 0.14306640625 0.0263671875 0.0341796875
0 0.75244140625 0.04638671875 0.0673828125 0.0712890625
0 0.3359375 0.97021484375 0.056640625 0.0205078125
0 0.119140625 0.91552734375 0.1875 0.1650390625
0 0.40673828125 0.1953125 0.0341796875 0.029296875
0 0.47509765625 0.0322265625 0.0341796875 0.037109375
0 0.8408203125 0.3984375 0.05859375 0.05859375
0 0.23486328125 0.26513671875 0.0185546875 0.0146484375
0 0.2705078125 0.39599609375 0.076171875 0.0869140625
0 0.42822265625 0.7548828125 0.0419921875 0.044921875
0 0.228515625 0.1015625 0.0390625 0.0390625