0 0.1875 0.349609375 0.080078125 0.041015625
0 0.6083984375 0.84326171875 0.05078125 0.0517578125
0 0.3876953125 0.4326171875 0.048828125 0.05078125
0 0.92724609375 0.0947265625 0.0712890625 0.064453125
0 0.52001953125 0.95263671875 0.0849609375 0.0341796875
0 0.6943359375 0.17236328125 0.046875 0.0458984375
0 0.47216796875 0.60986328125 0.2548828125 0.2548828125
0 0.140625 0.1767578125 0.037109375 0.029296875
0 0.82958984375 0.30517578125 0.0322265625 0.0322265625
0 0.3203125 0.7080078125 0.037109375 0.0390625
0 0.20947265625 0.38623046875 0.0283203125 0.0302734375
0 0.265625 0.876953125 0.19921875 0.19921875
0 0.2939453125 0.2841796875 0.044921875 0.044921875
0 0.03857421875 0.27099609375 0.0380859375 0.0458984375
0 0.271484375 0.1220703125 0.095703125 0.09765625
0 0.9423828125 0.72998046875 0.115234375 0.3720703125
0 0.107421875 0.44189453125 0.115234375 0.1318359375
0 0.2626953125 0.51220703125 0.1015625 0.0322265625
0 0.80615234375 0.66357421875 0.0732421875 0.1767578125
0 0.720703125 0.02685546875 0.1171875 0.0439453125
0 0.31103515625 0.37548828125 0.0947265625 0.0830078125
0 0.51513671875 0.248046875 0.0341796875 0.029296875
0 0.4609375 0.13916015625 0.142578125 0.0791015625
0 0.66162109375 0.390625 0.0439453125 0.056640625
0 0.84814453125 0.0849609375 0.0712890625 0.072265625
0 0.384765625 0.32177734375 0.02734375 0.0244140625
0 0.78955078125 0.48828125 0.1279296875 0.146484375
0 0.73291015625 0.9287109375 0.2705078125 0.087890625
0 0.4951171875 0.79296875 0.037109375 0.03125
0 0.8544921875 0.79150390625 0.029296875 0.0302734375
0 0.55126953125 0.37548828125 0.0615234375 0.0810546875
0 0.0419921875 0.029296875 0.064453125 0.048828125
0 0.34033203125 0.29443359375 0.0126953125 0.0087890625
0 0.25537109375 0.25927734375 0.0263671875 0.0263671875
0 0.81103515625 0.13818359375 0.0263671875 0.0322265625
0 0.6748046875 0.28076171875 0.1484375 0.1298828125
0 0.73583984375 0.7685546875 0.0595703125 0.05859375
0 0.04833984375 0.13720703125 0.0712890625 0.1552734375
0 0.09326171875 0.76611328125 0.0888671875 0.3837890625
0 0.220703125 0.6552734375 0.04296875 0.04296875
0 0.46630859375 0.392578125 0.0537109375 0.154296875
0 0.533203125 0.45458984375 0.037109375 0.0400390625
0 0.154296875 0.27587890625 0.0390625 0.0380859375
0 0.966796875 0.94677734375 0.04296875 0.0458984375
0 0.54541015625 0.29541015625 0.0185546875 0.0224609375
0 0.5126953125 0.21435546875 0.0859375 0.0263671875
0 0.921875 0.369140625 0.115234375 0.345703125