0 0.42724609375 0.65625 0.4951171875 0.298828125
0 0.068359375 0.12548828125 0.064453125 0.1396484375
0 0.88818359375 0.27978515625 0.0732421875 0.2197265625
0 0.77880859375 0.83544921875 0.0888671875 0.0908203125
0 0.9580078125 0.681640625 0.02734375 0.029296875
0 0.5185546875 0.1279296875 0.0546875 0.056640625
0 0.7265625 0.1455078125 0.060546875 0.064453125
0 0.36279296875 0.8583984375 0.0595703125 0.0625
0 0.3388671875 0.3603515625 0.021484375 0.017578125
0 0.5595703125 0.076171875 0.03515625 0.03515625
0 0.0712890625 0.0302734375 0.025390625 0.017578125
0 0.63916015625 0.33837890625 0.4189453125 0.1298828125
0 0.10009765625 0.44091796875 0.1259765625 0.4775390625
0 0.85498046875 0.95654296875 0.0302734375 0.0380859375
0 0.76806640625 0.0634765625 0.0458984375 0.046875
0 0.412109375 0.1142578125 0.0390625 0.05078125
0 0.70556640625 0.72021484375 0.0185546875 0.0185546875
0 0.24267578125 0.89404296875 0.1064453125 0.1220703125
0 0.95068359375 0.0654296875 0.0419921875 0.03125
0 0.2392578125 0.0927734375 0.169921875 0.1484375
0 0.0888671875 0.90576171875 0.044921875 0.0439453125
0 0.8369140625 0.49609375 0.048828125 0.05859375
0 0.46875 0.1240234375 0.037109375 0.037109375
0 0.03955078125 0.78125 0.0380859375 0.041015625
0 0.29150390625 0.30126953125 0.0693359375 0.2021484375
0 0.71044921875 0.875 0.0224609375 0.02734375
0 0.78125 0.54833984375 0.060546875 0.1884765625
0 0.8876953125 0.69140625 0.017578125 0.015625
0 0.37548828125 0.43603515625 0.0361328125 0.0361328125
0 0.0576171875 0.982421875 0.03125 0.0234375
0 0.49609375 0.21630859375 0.1015625 0.0380859375
0 0.71240234375 0.5283203125 0.0712890625 0.171875
0 0.5869140625 0.43994140625 0.052734375 0.0478515625
0 0.7568359375 0.419921875 0.017578125 0.015625
0 0.52294921875 0.96484375 0.3486328125 0.068359375
0 0.92919921875 0.5224609375 0.1044921875 0.119140625
0 0.70947265625 0.19970703125 0.1123046875 0.0380859375
0 0.88134765625 0.6669921875 0.1005859375 0.03125
0 0.833984375 0.72265625 0.07421875 0.0390625
0 0.529296875 0.8828125 0.130859375 0.0703125
0 0.73974609375 0.92724609375 0.0576171875 0.0751953125
0 0.5927734375 0.0380859375 0.0390625 0.0390625
0 0.94091796875 0.8818359375 0.0830078125 0.08203125
0 0.9599609375 0.1328125 0.056640625 0.060546875
0 0.41259765625 0.18017578125 0.0732421875 0.0302734375