0 0.54150390625 0.42138671875 0.0205078125 0.0205078125
0 0.61865234375 0.66845703125 0.4111328125 0.2138671875
0 0.9208984375 0.22705078125 0.07421875 0.2294921875
0 0.1796875 0.1669921875 0.24609375 0.24609375
0 0.94140625 0.568359375 0.037109375 0.037109375
0 0.09814453125 0.83056640625 0.1259765625 0.1435546875
0 0.28955078125 0.43212890625 0.2080078125 0.2080078125
0 0.8857421875 0.76904296875 0.04296875 0.0419921875
0 0.52587890625 0.23291015625 0.0185546875 0.0126953125
0 0.173828125 0.9619140625 0.0625 0.060546875
0 0.7080078125 0.3291015625 0.0546875 0.05859375
0 0.34716796875 0.2529296875 0.0869140625 0.087890625
0 0.2080078125 0.8564453125 0.03515625 0.080078125
0 0.32421875 0.7939453125 0.033203125 0.033203125
0 0.6396484375 0.923828125 0.08203125 0.025390625
0 0.34033203125 0.1533203125 0.0419921875 0.044921875
0 0.64990234375 0.43408203125 0.1240234375 0.1259765625
0 0.29248046875 0.609375 0.0576171875 0.076171875
0 0.22705078125 0.7373046875 0.0224609375 0.01953125
0 0.486328125 0.2890625 0.041015625 0.03515625
0 0.0712890625 0.71337890625 0.013671875 0.0166015625
0 0.88818359375 0.49560546875 0.0947265625 0.0341796875
0 0.7001953125 0.22607421875 0.17578125 0.0556640625
0 0.86181640625 0.12548828125 0.0244140625 0.0244140625
0 0.60791015625 0.87939453125 0.0595703125 0.0439453125
0 0.92431640625 0.96923828125 0.0146484375 0.0185546875
0 0.35498046875 0.0205078125 0.0654296875 0.02734375
0 0.83740234375 0.294921875 0.0751953125 0.21875
0 0.6943359375 0.14990234375 0.09375 0.0927734375
0 0.92578125 0.73193359375 0.021484375 0.0283203125
0 0.45556640625 0.86669921875 0.0166015625 0.0146484375
0 0.078125 0.53369140625 0.05859375 0.1396484375
0 0.4580078125 0.1064453125 0.154296875 0.134765625
0 0.27783203125 0.70556640625 0.0380859375 0.0419921875
0 0.9384765625 0.86083984375 0.11328125 0.1298828125
0 0.751953125 0.021484375 0.2109375 0.041015625
0 0.9794921875 0.1201171875 0.02734375 0.029296875
0 0.29541015625 0.88037109375 0.1220703125 0.0634765625
0 0.13818359375 0.5078125 0.0595703125 0.072265625
0 0.55419921875 0.85302734375 0.0205078125 0.0166015625
0 0.72509765625 0.904296875 0.0517578125 0.052734375
0 0.59228515625 0.08447265625 0.0400390625 0.0419921875
0 0.16015625 0.71728515625 0.052734375 0.0478515625
0 0.79638671875 0.83935546875 0.0439453125 0.0458984375