0 0.2265625 0.9365234375 0.05859375 0.052734375
0 0.83154296875 0.578125 0.1416015625 0.048828125
0 0.92822265625 0.52880859375 0.0322265625 0.0341796875
0 0.59130859375 0.52490234375 0.0263671875 0.0302734375
0 0.37548828125 0.7607421875 0.0205078125 0.01953125
0 0.1416015625 0.81787109375 0.05859375 0.1357421875
0 0.373046875 0.53662109375 0.380859375 0.1474609375
0 0.86279296875 0.83203125 0.0419921875 0.041015625
0 0.7880859375 0.1435546875 0.0390625 0.041015625
0 0.638671875 0.1376953125 0.13671875 0.15625
0 0.384765625 0.220703125 0.1328125 0.390625
0 0.130859375 0.22705078125 0.046875 0.0458984375
0 0.90771484375 0.234375 0.1025390625 0.32421875
0 0.69970703125 0.74853515625 0.0986328125 0.4619140625
0 0.93115234375 0.0498046875 0.0224609375 0.02734375
0 0.52734375 0.73779296875 0.123046875 0.1083984375
0 0.4111328125 0.85888671875 0.119140625 0.0498046875
0 0.537109375 0.27294921875 0.064453125 0.0634765625
0 0.125 0.37158203125 0.072265625 0.0732421875
0 0.84130859375 0.50244140625 0.0478515625 0.0517578125
0 0.0673828125 0.6728515625 0.0859375 0.087890625
0 0.16650390625 0.099609375 0.0361328125 0.046875
0 0.59521484375 0.65380859375 0.0908203125 0.0458984375
0 0.78369140625 0.33642578125 0.0615234375 0.0615234375
0 0.23193359375 0.8798828125 0.0341796875 0.029296875
0 0.61376953125 0.02783203125 0.0419921875 0.0419921875
0 0.86328125 0.6982421875 0.134765625 0.1171875
0 0.27734375 0.1884765625 0.052734375 0.0546875
0 0.046875 0.1240234375 0.078125 0.177734375
0 0.0576171875 0.91552734375 0.07421875 0.0556640625
0 0.8115234375 0.83935546875 0.03125 0.0224609375
0 0.31005859375 0.63671875 0.0302734375 0.037109375
0 0.33447265625 0.73193359375 0.0849609375 0.0302734375
0 0.49658203125 0.08935546875 0.0224609375 0.0224609375
0 0.115234375 0.48388671875 0.12890625 0.0712890625
0 0.29150390625 0.796875 0.0400390625 0.052734375
0 0.07666015625 0.79150390625 0.0224609375 0.0244140625
0 0.57421875 0.3837890625 0.0390625 0.0390625
0 0.62109375 0.61083984375 0.041015625 0.0322265625
0 0.958984375 0.80126953125 0.076171875 0.0771484375
0 0.248046875 0.314453125 0.125 0.142578125
0 0.8525390625 0.97314453125 0.06640625 0.0205078125
0 0.77392578125 0.24267578125 0.0400390625 0.0419921875
0 0.7294921875 0.46728515625 0.03125 0.0263671875
0 0.42529296875 0.94775390625 0.2666015625 0.0869140625