0 0.625 0.26171875 0.02734375 0.025390625
0 0.51513671875 0.14306640625 0.1240234375 0.1259765625
0 0.4091796875 0.7900390625 0.0546875 0.0546875
0 0.1591796875 0.466796875 0.171875 0.587890625
0 0.3984375 0.6884765625 0.08203125 0.083984375
0 0.46044921875 0.92822265625 0.0478515625 0.0634765625
0 0.02734375 0.5751953125 0.044921875 0.0546875
0 0.7470703125 0.91845703125 0.419921875 0.1552734375
0 0.42236328125 0.86181640625 0.0244140625 0.0205078125
0 0.81787109375 0.62060546875 0.1611328125 0.1611328125
0 0.4619140625 0.23486328125 0.021484375 0.0146484375
0 0.41650390625 0.083984375 0.0205078125 0.021484375
0 0.31396484375 0.28564453125 0.0849609375 0.2646484375
0 0.388671875 0.123046875 0.0234375 0.0234375
0 0.96826171875 0.107421875 0.0498046875 0.048828125
0 0.51220703125 0.6337890625 0.0791015625 0.08984375
0 0.509765625 0.89306640625 0.0390625 0.1083984375
0 0.41552734375 0.3388671875 0.0634765625 0.0625
0 0.4228515625 0.4326171875 0.03125 0.03125
0 0.28271484375 0.81884765625 0.0966796875 0.0849609375
0 0.6298828125 0.333984375 0.330078125 0.0703125
0 0.11962890625 0.017578125 0.0478515625 0.03515625
0 0.0654296875 0.8017578125 0.09375 0.02734375
0 0.53515625 0.76220703125 0.0546875 0.0576171875
0 0.83837890625 0.4345703125 0.0615234375 0.1328125
0 0.58056640625 0.50732421875 0.0810546875 0.0322265625
0 0.59765625 0.6845703125 0.046875 0.109375
0 0.16357421875 0.875 0.1201171875 0.04296875
0 0.515625 0.50732421875 0.041015625 0.0537109375
0 0.7158203125 0.17138671875 0.138671875 0.1220703125
0 0.71533203125 0.46337890625 0.1513671875 0.1513671875
0 0.2763671875 0.09619140625 0.064453125 0.0693359375
0 0.89208984375 0.10107421875 0.0263671875 0.0263671875
0 0.6005859375 0.14208984375 0.025390625 0.0302734375
0 0.41796875 0.5029296875 0.0703125 0.080078125
0 0.85791015625 0.228515625 0.1376953125 0.0703125
0 0.39599609375 0.27685546875 0.0185546875 0.0224609375
0 0.43505859375 0.2705078125 0.0322265625 0.033203125
0 0.56982421875 0.25537109375 0.0322265625 0.0322265625
0 0.2998046875 0.0224609375 0.04296875 0.044921875
0 0.31201171875 0.47119140625 0.0419921875 0.0361328125
0 0.68603515625 0.69287109375 0.0615234375 0.0654296875
0 0.197265625 0.95703125 0.080078125 0.072265625
0 0.67041015625 0.03857421875 0.1806640625 0.0576171875
0 0.478515625 0.814453125 0.033203125 0.025390625
0 0.3828125 0.60595703125 0.060546875 0.0615234375