0 0.03466796875 0.091796875 0.0361328125 0.037109375
0 0.76708984375 0.51953125 0.1474609375 0.474609375
0 0.21240234375 0.68994140625 0.0341796875 0.0361328125
0 0.36279296875 0.71923828125 0.1474609375 0.1689453125
0 0.4111328125 0.33056640625 0.068359375 0.2119140625
0 0.1962890625 0.35107421875 0.134765625 0.6337890625
0 0.47900390625 0.6875 0.0400390625 0.029296875
0 0.4921875 0.962890625 0.125 0.044921875
0 0.54541015625 0.8837890625 0.1181640625 0.103515625
0 0.5537109375 0.29541015625 0.125 0.3740234375
0 0.41357421875 0.1572265625 0.0439453125 0.037109375
0 0.44921875 0.56103515625 0.064453125 0.1455078125
0 0.259765625 0.8662109375 0.080078125 0.072265625
0 0.9248046875 0.55712890625 0.015625 0.0107421875
0 0.97802734375 0.12744140625 0.0185546875 0.0205078125
0 0.91259765625 0.3017578125 0.0849609375 0.083984375
0 0.8876953125 0.82373046875 0.05078125 0.1396484375
0 0.396484375 0.08349609375 0.03125 0.0302734375
0 0.10107421875 0.28857421875 0.0244140625 0.0244140625
0 0.64404296875 0.4970703125 0.0224609375 0.017578125
0 0.94287109375 0.08642578125 0.0439453125 0.0576171875
0 0.357421875 0.88818359375 0.10546875 0.0537109375
0 0.69091796875 0.11328125 0.1396484375 0.142578125
0 0.15380859375 0.8671875 0.0654296875 0.064453125
0 0.6318359375 0.205078125 0.021484375 0.01953125
0 0.93896484375 0.94677734375 0.0244140625 0.0244140625
0 0.87451171875 0.0751953125 0.0205078125 0.025390625
0 0.30322265625 0.49267578125 0.0283203125 0.0341796875
0 0.78271484375 0.92431640625 0.0537109375 0.0537109375
0 0.1494140625 0.7216796875 0.03125 0.033203125
0 0.2900390625 0.35986328125 0.04296875 0.0439453125
0 0.5087890625 0.54052734375 0.0390625 0.0498046875
0 0.04541015625 0.8564453125 0.0341796875 0.041015625
0 0.76025390625 0.82763671875 0.1123046875 0.0341796875
0 0.81591796875 0.21533203125 0.1826171875 0.0576171875
0 0.93798828125 0.68408203125 0.0556640625 0.1337890625
0 0.205078125 0.96044921875 0.333984375 0.0654296875
0 0.36181640625 0.5302734375 0.0595703125 0.0625
0 0.53515625 0.0546875 0.09765625 0.099609375
0 0.5537109375 0.7646484375 0.037109375 0.0390625
0 0.943359375 0.52880859375 0.10546875 0.0419921875
0 0.640625 0.3994140625 0.033203125 0.033203125
0 0.9794921875 0.92138671875 0.01953125 0.0166015625