0 0.576171875 0.09619140625 0.326171875 0.0634765625
0 0.673828125 0.3017578125 0.111328125 0.041015625
0 0.65283203125 0.47998046875 0.0947265625 0.0966796875
0 0.86572265625 0.48583984375 0.2548828125 0.2548828125
0 0.12158203125 0.82958984375 0.0771484375 0.0791015625
0 0.11474609375 0.9404296875 0.1357421875 0.04296875
0 0.6474609375 0.154296875 0.025390625 0.025390625
0 0.4462890625 0.83154296875 0.15625 0.1787109375
0 0.56689453125 0.52880859375 0.0361328125 0.0302734375
0 0.29150390625 0.5 0.5126953125 0.302734375
0 0.96533203125 0.84716796875 0.0634765625 0.0634765625
0 0.63916015625 0.650390625 0.1044921875 0.0546875
0 0.86328125 0.328125 0.041015625 0.044921875
0 0.16455078125 0.11328125 0.0302734375 0.03125
0 0.67431640625 0.400390625 0.0576171875 0.056640625
0 0.60107421875 0.75146484375 0.0244140625 0.0263671875
0 0.76220703125 0.0205078125 0.0361328125 0.033203125
0 0.447265625 0.1796875 0.095703125 0.09375
0 0.0830078125 0.73779296875 0.0234375 0.0302734375
0 0.8056640625 0.82177734375 0.111328125 0.3525390625
0 0.80029296875 0.265625 0.0166015625 0.01953125
0 0.27392578125 0.26513671875 0.0498046875 0.0537109375
0 0.24072265625 0.07958984375 0.1162109375 0.0478515625
0 0.5986328125 0.6025390625 0.03515625 0.03515625
0 0.15869140625 0.2470703125 0.0751953125 0.056640625
0 0.3115234375 0.80419921875 0.07421875 0.1611328125
0 0.6728515625 0.91796875 0.044921875 0.046875
0 0.3115234375 0.185546875 0.09765625 0.099609375
0 0.5546875 0.74755859375 0.0234375 0.0185546875
0 0.3603515625 0.259765625 0.021484375 0.021484375
0 0.013671875 0.2802734375 0.021484375 0.01953125
0 0.87841796875 0.1708984375 0.1298828125 0.1484375
0 0.20849609375 0.71142578125 0.0810546875 0.0712890625
0 0.07373046875 0.09375 0.1064453125 0.03125
0 0.11328125 0.3251953125 0.0390625 0.041015625
0 0.2421875 0.0302734375 0.02734375 0.01953125
0 0.87548828125 0.82470703125 0.0185546875 0.0244140625
0 0.92919921875 0.7158203125 0.1337890625 0.1171875
0 0.0517578125 0.03125 0.03125 0.02734375
0 0.5322265625 0.220703125 0.052734375 0.154296875
0 0.21533203125 0.314453125 0.0498046875 0.06640625
0 0.97265625 0.20556640625 0.0546875 0.0537109375
0 0.8046875 0.3203125 0.0546875 0.06640625