0 0.79296875 0.5458984375 0.119140625 0.041015625
0 0.52490234375 0.60693359375 0.0576171875 0.1318359375
0 0.1572265625 0.29443359375 0.083984375 0.0849609375
0 0.83642578125 0.28515625 0.0166015625 0.015625
0 0.66943359375 0.119140625 0.0732421875 0.07421875
0 0.71826171875 0.53466796875 0.0283203125 0.0302734375
0 0.24658203125 0.10791015625 0.0517578125 0.1416015625
0 0.3603515625 0.529296875 0.169921875 0.169921875
0 0.8671875 0.5068359375 0.041015625 0.03515625
0 0.419921875 0.88330078125 0.01953125 0.0263671875
0 0.533203125 0.41943359375 0.0234375 0.0166015625
0 0.81640625 0.8837890625 0.34375 0.203125
0 0.59912109375 0.302734375 0.4423828125 0.171875
0 0.4091796875 0.6376953125 0.01953125 0.01953125
0 0.35693359375 0.40576171875 0.0244140625 0.0205078125
0 0.103515625 0.37255859375 0.05078125 0.0537109375
0 0.75830078125 0.68701171875 0.0947265625 0.0830078125
0 0.6767578125 0.72998046875 0.0625 0.0615234375
0 0.6328125 0.49853515625 0.0390625 0.0419921875
0 0.185546875 0.8056640625 0.1171875 0.349609375
0 0.546875 0.919921875 0.03515625 0.03515625
0 0.201171875 0.4873046875 0.056640625 0.07421875
0 0.50146484375 0.140625 0.1298828125 0.1484375
0 0.4716796875 0.02685546875 0.056640625 0.0224609375
0 0.84326171875 0.130859375 0.2216796875 0.123046875
0 0.046875 0.27197265625 0.0703125 0.0712890625
0 0.02685546875 0.44384765625 0.0517578125 0.0537109375
0 0.46923828125 0.71533203125 0.2412109375 0.0791015625
0 0.3134765625 0.2783203125 0.01953125 0.0234375
0 0.47216796875 0.44775390625 0.0185546875 0.0185546875
0 0.048828125 0.6826171875 0.064453125 0.0234375
0 0.43701171875 0.8095703125 0.2763671875 0.05859375
0 0.91748046875 0.29248046875 0.0439453125 0.0439453125
0 0.81103515625 0.462890625 0.0751953125 0.0390625
0 0.576171875 0.052734375 0.02734375 0.021484375
0 0.32275390625 0.712890625 0.0263671875 0.033203125
0 0.93212890625 0.56787109375 0.0751953125 0.0732421875
0 0.0390625 0.59765625 0.0703125 0.052734375
0 0.572265625 0.6201171875 0.0234375 0.029296875
0 0.33837890625 0.349609375 0.0517578125 0.046875
0 0.03662109375 0.18359375 0.0595703125 0.064453125
0 0.16845703125 0.1083984375 0.0888671875 0.02734375
0 0.140625 0.5078125 0.046875 0.044921875
0 0.287109375 0.2255859375 0.037109375 0.0390625
0 0.646484375 0.43798828125 0.08203125 0.0712890625
0 0.06298828125 0.80810546875 0.0810546875 0.1943359375