0 0.35791015625 0.71826171875 0.3173828125 0.3173828125
0 0.77490234375 0.5849609375 0.0322265625 0.02734375
0 0.640625 0.349609375 0.158203125 0.6015625
0 0.39208984375 0.34912109375 0.0263671875 0.0263671875
0 0.85400390625 0.25341796875 0.1669921875 0.1669921875
0 0.46044921875 0.49560546875 0.1298828125 0.0439453125
0 0.6904296875 0.9609375 0.3125 0.06640625
0 0.12353515625 0.859375 0.1142578125 0.05859375
0 0.36181640625 0.28857421875 0.0341796875 0.0361328125
0 0.095703125 0.61669921875 0.080078125 0.0908203125
0 0.97802734375 0.49755859375 0.0302734375 0.0263671875
0 0.79736328125 0.79638671875 0.0537109375 0.0400390625
0 0.82763671875 0.88671875 0.0400390625 0.04296875
0 0.08935546875 0.0791015625 0.0400390625 0.0390625
0 0.13525390625 0.927734375 0.0751953125 0.07421875
0 0.53515625 0.822265625 0.025390625 0.0234375
0 0.318359375 0.39892578125 0.099609375 0.0869140625
0 0.1552734375 0.4716796875 0.08984375 0.02734375
0 0.44970703125 0.2626953125 0.0263671875 0.01953125
0 0.7138671875 0.67529296875 0.1015625 0.0361328125
0 0.0244140625 0.484375 0.046875 0.046875
0 0.970703125 0.90380859375 0.048828125 0.1337890625
0 0.27490234375 0.162109375 0.0947265625 0.30078125
0 0.50732421875 0.20458984375 0.0810546875 0.0830078125
0 0.92333984375 0.5458984375 0.0419921875 0.0546875
0 0.17138671875 0.072265625 0.0380859375 0.03515625
0 0.42626953125 0.04833984375 0.1708984375 0.0947265625
0 0.07421875 0.27880859375 0.115234375 0.1318359375
0 0.43212890625 0.22705078125 0.0263671875 0.0263671875
0 0.0537109375 0.14208984375 0.044921875 0.0439453125
0 0.6611328125 0.7685546875 0.02734375 0.021484375
0 0.54541015625 0.8505859375 0.0224609375 0.02734375
0 0.375 0.12646484375 0.087890625 0.0361328125
0 0.90478515625 0.81396484375 0.0732421875 0.2158203125
0 0.19775390625 0.96044921875 0.0361328125 0.0439453125
0 0.74560546875 0.8017578125 0.0244140625 0.03125
0 0.80322265625 0.48681640625 0.1298828125 0.1318359375
0 0.95556640625 0.63525390625 0.0361328125 0.0380859375
0 0.19482421875 0.26806640625 0.0556640625 0.0576171875
0 0.90185546875 0.421875 0.0263671875 0.033203125
0 0.16552734375 0.20361328125 0.0400390625 0.0400390625
0 0.880859375 0.0361328125 0.04296875 0.046875
0 0.8564453125 0.59814453125 0.021484375 0.0224609375
0 0.80615234375 0.658203125 0.0517578125 0.1171875
0 0.767578125 0.87646484375 0.060546875 0.0615234375