0 0.26025390625 0.6181640625 0.0556640625 0.05859375
0 0.34912109375 0.77880859375 0.0263671875 0.0263671875
0 0.59814453125 0.67236328125 0.1259765625 0.1279296875
0 0.283203125 0.294921875 0.037109375 0.048828125
0 0.87060546875 0.54052734375 0.2158203125 0.7724609375
0 0.05224609375 0.5830078125 0.0595703125 0.05859375
0 0.6943359375 0.07421875 0.08203125 0.083984375
0 0.54345703125 0.4208984375 0.0419921875 0.033203125
0 0.4814453125 0.85888671875 0.162109375 0.1416015625
0 0.392578125 0.412109375 0.15625 0.671875
0 0.197265625 0.1708984375 0.1875 0.1640625
0 0.220703125 0.498046875 0.046875 0.056640625
0 0.109375 0.2978515625 0.046875 0.060546875
0 0.04150390625 0.41015625 0.0400390625 0.0390625
0 0.236328125 0.0205078125 0.029296875 0.029296875
0 0.91943359375 0.94970703125 0.0263671875 0.0263671875
0 0.50927734375 0.61328125 0.0478515625 0.04296875
0 0.71142578125 0.5419921875 0.0341796875 0.029296875
0 0.23388671875 0.4453125 0.0185546875 0.01953125
0 0.6376953125 0.52880859375 0.029296875 0.0341796875
0 0.83642578125 0.11767578125 0.0185546875 0.0126953125
0 0.2314453125 0.826171875 0.0234375 0.01953125
0 0.8095703125 0.046875 0.01953125 0.017578125
0 0.333984375 0.02978515625 0.021484375 0.0263671875
0 0.2451171875 0.87841796875 0.048828125 0.0517578125
0 0.5849609375 0.8701171875 0.041015625 0.041015625
0 0.6357421875 0.3818359375 0.052734375 0.056640625
0 0.54736328125 0.2216796875 0.1123046875 0.361328125
0 0.6865234375 0.2861328125 0.0546875 0.0546875
0 0.08251953125 0.81982421875 0.0654296875 0.2021484375
0 0.31494140625 0.9365234375 0.0693359375 0.0703125
0 0.119140625 0.95361328125 0.099609375 0.0517578125
0 0.05224609375 0.22900390625 0.0634765625 0.1376953125
0 0.6953125 0.91650390625 0.12890625 0.1474609375
0 0.0927734375 0.4501953125 0.04296875 0.03125
0 0.0341796875 0.32470703125 0.03515625 0.0380859375
0 0.16552734375 0.54833984375 0.0537109375 0.1572265625
0 0.5 0.7265625 0.04296875 0.044921875
0 0.19677734375 0.3779296875 0.0986328125 0.11328125
0 0.45703125 0.974609375 0.056640625 0.017578125
0 0.22314453125 0.748046875 0.1318359375 0.048828125
0 0.6015625 0.4716796875 0.18359375 0.05859375
0 0.71484375 0.18408203125 0.0859375 0.0341796875