0 0.5517578125 0.59765625 0.04296875 0.04296875
0 0.2568359375 0.0458984375 0.068359375 0.05078125
0 0.93505859375 0.02783203125 0.0712890625 0.0205078125
0 0.634765625 0.11865234375 0.162109375 0.1416015625
0 0.14990234375 0.408203125 0.0751953125 0.07421875
0 0.9541015625 0.3818359375 0.02734375 0.033203125
0 0.44384765625 0.810546875 0.3408203125 0.111328125
0 0.66748046875 0.2783203125 0.4482421875 0.173828125
0 0.052734375 0.3271484375 0.02734375 0.029296875
0 0.92138671875 0.52978515625 0.0888671875 0.2451171875
0 0.17333984375 0.68310546875 0.1181640625 0.1025390625
0 0.80615234375 0.46875 0.0771484375 0.166015625
0 0.17236328125 0.25634765625 0.1083984375 0.1240234375
0 0.12109375 0.169921875 0.078125 0.03125
0 0.75341796875 0.7880859375 0.0634765625 0.146484375
0 0.9052734375 0.33154296875 0.01953125 0.0244140625
0 0.36181640625 0.48388671875 0.1337890625 0.1357421875
0 0.0673828125 0.37353515625 0.0546875 0.0576171875
0 0.63427734375 0.697265625 0.0478515625 0.041015625
0 0.55810546875 0.91845703125 0.0439453125 0.0458984375
0 0.6220703125 0.43115234375 0.212890625 0.1142578125
0 0.3515625 0.63916015625 0.0703125 0.0712890625
0 0.13671875 0.03466796875 0.04296875 0.0458984375
0 0.04833984375 0.244140625 0.0166015625 0.01171875
0 0.1923828125 0.986328125 0.02734375 0.02734375
0 0.2275390625 0.498046875 0.068359375 0.068359375
0 0.0576171875 0.9501953125 0.02734375 0.03515625
0 0.05322265625 0.56787109375 0.0869140625 0.2685546875
0 0.83251953125 0.6806640625 0.0693359375 0.0703125
0 0.5869140625 0.529296875 0.265625 0.056640625
0 0.884765625 0.802734375 0.12109375 0.044921875
0 0.19482421875 0.57763671875 0.0830078125 0.0810546875
0 0.29052734375 0.154296875 0.0302734375 0.037109375
0 0.6787109375 0.79833984375 0.05078125 0.0458984375
0 0.080078125 0.77392578125 0.064453125 0.0849609375
0 0.93701171875 0.11767578125 0.0556640625 0.0537109375
0 0.1494140625 0.88330078125 0.1171875 0.0615234375
0 0.3681640625 0.904296875 0.037109375 0.037109375
0 0.30224609375 0.220703125 0.0224609375 0.017578125
0 0.4267578125 0.1162109375 0.12109375 0.138671875
0 0.2939453125 0.30078125 0.0546875 0.056640625
0 0.73486328125 0.921875 0.0595703125 0.064453125
0 0.22216796875 0.37060546875 0.0400390625 0.0341796875
0 0.85009765625 0.01611328125 0.0205078125 0.0185546875
0 0.66650390625 0.0263671875 0.0986328125 0.03125