0 0.90966796875 0.88525390625 0.0908203125 0.0791015625
0 0.46142578125 0.501953125 0.0712890625 0.064453125
0 0.953125 0.12451171875 0.056640625 0.0615234375
0 0.21826171875 0.28564453125 0.4169921875 0.2216796875
0 0.22265625 0.88037109375 0.13671875 0.0712890625
0 0.65283203125 0.61083984375 0.0498046875 0.0478515625
0 0.615234375 0.31640625 0.03515625 0.04296875
0 0.7666015625 0.35986328125 0.16015625 0.6884765625
0 0.49658203125 0.21142578125 0.0810546875 0.1748046875
0 0.466796875 0.6591796875 0.029296875 0.03125
0 0.38134765625 0.05029296875 0.0283203125 0.0302734375
0 0.888671875 0.96240234375 0.015625 0.0185546875
0 0.52099609375 0.85498046875 0.1376953125 0.1201171875
0 0.2314453125 0.5107421875 0.154296875 0.17578125
0 0.3330078125 0.6708984375 0.19921875 0.107421875
0 0.447265625 0.07421875 0.037109375 0.037109375
0 0.708984375 0.8623046875 0.203125 0.203125
0 0.63037109375 0.14892578125 0.0458984375 0.0458984375
0 0.4697265625 0.36376953125 0.083984375 0.0830078125
0 0.93701171875 0.71142578125 0.0556640625 0.0732421875
0 0.6318359375 0.03564453125 0.0625 0.0615234375
0 0.0888671875 0.5537109375 0.087890625 0.2734375
0 0.6337890625 0.4833984375 0.02734375 0.0234375
0 0.14599609375 0.71240234375 0.0224609375 0.0224609375
0 0.8798828125 0.50390625 0.046875 0.13671875
0 0.576171875 0.68798828125 0.044921875 0.0576171875
0 0.22265625 0.08154296875 0.087890625 0.1005859375
0 0.0517578125 0.9482421875 0.037109375 0.0390625
0 0.92138671875 0.98486328125 0.0205078125 0.0146484375
0 0.07177734375 0.86474609375 0.0927734375 0.0947265625
0 0.49755859375 0.44921875 0.0927734375 0.037109375
0 0.36962890625 0.13134765625 0.0556640625 0.0556640625
0 0.8515625 0.8203125 0.03515625 0.037109375
0 0.54052734375 0.9296875 0.0615234375 0.017578125
0 0.96435546875 0.52197265625 0.0673828125 0.2138671875
0 0.38720703125 0.93115234375 0.1259765625 0.1279296875
0 0.87353515625 0.24169921875 0.0302734375 0.0380859375
0 0.77783203125 0.74365234375 0.0341796875 0.0263671875
0 0.30517578125 0.77490234375 0.1865234375 0.0595703125
0 0.61376953125 0.2705078125 0.0244140625 0.025390625
0 0.97412109375 0.3271484375 0.0498046875 0.037109375
0 0.427734375 0.77294921875 0.037109375 0.0322265625
0 0.39013671875 0.84033203125 0.0400390625 0.0400390625
0 0.93701171875 0.06884765625 0.0810546875 0.0302734375
0 0.869140625 0.705078125 0.025390625 0.0234375