0 0.24609375 0.203125 0.08984375 0.21484375
0 0.09423828125 0.84521484375 0.0634765625 0.0634765625
0 0.3623046875 0.64404296875 0.119140625 0.0439453125
0 0.4462890625 0.09423828125 0.1328125 0.1513671875
0 0.56396484375 0.173828125 0.0712890625 0.0703125
0 0.80322265625 0.51513671875 0.1123046875 0.0322265625
0 0.8818359375 0.66845703125 0.0390625 0.0380859375
0 0.890625 0.916015625 0.0390625 0.08984375
0 0.5498046875 0.6748046875 0.01953125 0.021484375
0 0.15625 0.60205078125 0.041015625 0.0419921875
0 0.419921875 0.4091796875 0.01953125 0.025390625
0 0.51708984375 0.8466796875 0.0478515625 0.03515625
0 0.8154296875 0.232421875 0.287109375 0.287109375
0 0.685546875 0.625 0.138671875 0.12109375
0 0.3037109375 0.8583984375 0.34375 0.203125
0 0.15087890625 0.20361328125 0.0205078125 0.0244140625
0 0.54345703125 0.03369140625 0.0205078125 0.0185546875
0 0.14208984375 0.42431640625 0.0458984375 0.0478515625
0 0.548828125 0.392578125 0.107421875 0.341796875
0 0.6455078125 0.8037109375 0.119140625 0.12109375
0 0.732421875 0.4248046875 0.01953125 0.01953125
0 0.14306640625 0.5029296875 0.0185546875 0.013671875
0 0.16943359375 0.03857421875 0.0654296875 0.0595703125
0 0.10595703125 0.29638671875 0.0380859375 0.0380859375
0 0.08544921875 0.14794921875 0.0302734375 0.0322265625
0 0.64013671875 0.93212890625 0.0380859375 0.0400390625
0 0.91552734375 0.77392578125 0.0498046875 0.0654296875
0 0.34033203125 0.70458984375 0.0263671875 0.0263671875
0 0.80712890625 0.87890625 0.0576171875 0.0703125
0 0.40673828125 0.2421875 0.1103515625 0.037109375
0 0.20947265625 0.49755859375 0.0361328125 0.0361328125
0 0.2724609375 0.400390625 0.12890625 0.130859375
0 0.775390625 0.7333984375 0.111328125 0.05859375
0 0.2939453125 0.5654296875 0.126953125 0.0703125
0 0.044921875 0.35986328125 0.08203125 0.0712890625
0 0.171875 0.3271484375 0.04296875 0.046875
0 0.90576171875 0.54296875 0.0615234375 0.1796875
0 0.05419921875 0.59130859375 0.0322265625 0.0283203125
0 0.607421875 0.083984375 0.0546875 0.021484375
0 0.1669921875 0.1533203125 0.015625 0.01953125
0 0.80859375 0.95068359375 0.03515625 0.0263671875
0 0.04736328125 0.74072265625 0.0341796875 0.0361328125
0 0.1474609375 0.6689453125 0.0390625 0.033203125