0 0.15380859375 0.42724609375 0.0576171875 0.1337890625
0 0.5458984375 0.19091796875 0.037109375 0.0322265625
0 0.818359375 0.4169921875 0.060546875 0.07421875
0 0.62939453125 0.39599609375 0.1357421875 0.1376953125
0 0.3974609375 0.478515625 0.23046875 0.826171875
0 0.72509765625 0.55322265625 0.1025390625 0.0361328125
0 0.80322265625 0.10498046875 0.1826171875 0.1591796875
0 0.166015625 0.76953125 0.01953125 0.0234375
0 0.75146484375 0.77685546875 0.3193359375 0.3193359375
0 0.8291015625 0.52880859375 0.048828125 0.0478515625
0 0.2333984375 0.70556640625 0.076171875 0.2216796875
0 0.197265625 0.1640625 0.109375 0.111328125
0 0.80029296875 0.244140625 0.0185546875 0.01953125
0 0.79296875 0.3349609375 0.025390625 0.02734375
0 0.62109375 0.08984375 0.0625 0.064453125
0 0.6357421875 0.16943359375 0.076171875 0.0751953125
0 0.10205078125 0.27783203125 0.0498046875 0.0146484375
0 0.94482421875 0.9091796875 0.0439453125 0.0390625
0 0.39404296875 0.97900390625 0.0205078125 0.0263671875
0 0.05908203125 0.54052734375 0.0966796875 0.3056640625
0 0.91845703125 0.37255859375 0.0556640625 0.0556640625
0 0.8642578125 0.318359375 0.017578125 0.015625
0 0.13232421875 0.9365234375 0.2646484375 0.08203125
0 0.26513671875 0.03564453125 0.0517578125 0.0537109375
0 0.04248046875 0.7763671875 0.0595703125 0.064453125
0 0.09326171875 0.3154296875 0.1708984375 0.05859375
0 0.03515625 0.84033203125 0.03125 0.0302734375
0 0.25 0.35791015625 0.0546875 0.1181640625
0 0.97802734375 0.83154296875 0.0361328125 0.0361328125
0 0.5439453125 0.92431640625 0.0390625 0.0419921875
0 0.22607421875 0.09228515625 0.0185546875 0.0185546875
0 0.109375 0.1728515625 0.0390625 0.033203125
0 0.07763671875 0.076171875 0.1279296875 0.146484375
0 0.1962890625 0.26611328125 0.037109375 0.0283203125
0 0.9296875 0.30712890625 0.05078125 0.0517578125
0 0.6806640625 0.259765625 0.119140625 0.060546875
0 0.669921875 0.982421875 0.080078125 0.033203125
0 0.15625 0.7060546875 0.029296875 0.029296875
0 0.9677734375 0.47802734375 0.029296875 0.0205078125
0 0.962890625 0.580078125 0.0625 0.046875
0 0.1630859375 0.84326171875 0.029296875 0.0380859375
0 0.53564453125 0.05810546875 0.0419921875 0.0537109375
0 0.46728515625 0.95654296875 0.0908203125 0.0791015625