0 0.78759765625 0.16748046875 0.4072265625 0.1259765625
0 0.560546875 0.3994140625 0.03515625 0.037109375
0 0.07861328125 0.865234375 0.0458984375 0.044921875
0 0.8408203125 0.8515625 0.03515625 0.037109375
0 0.3291015625 0.865234375 0.18359375 0.1015625
0 0.708984375 0.87060546875 0.134765625 0.1376953125
0 0.16845703125 0.2763671875 0.0576171875 0.05859375
0 0.7578125 0.5087890625 0.013671875 0.017578125
0 0.255859375 0.51220703125 0.119140625 0.3701171875
0 0.517578125 0.62890625 0.3125 0.3125
0 0.12060546875 0.61083984375 0.1083984375 0.0947265625
0 0.1142578125 0.9150390625 0.029296875 0.029296875
0 0.2216796875 0.1494140625 0.162109375 0.185546875
0 0.44140625 0.33740234375 0.03125 0.0380859375
0 0.52099609375 0.2685546875 0.0205078125 0.013671875
0 0.8798828125 0.4423828125 0.16015625 0.16015625
0 0.08154296875 0.45263671875 0.0419921875 0.0439453125
0 0.083984375 0.2060546875 0.07421875 0.169921875
0 0.4169921875 0.15673828125 0.091796875 0.2216796875
0 0.1513671875 0.74755859375 0.033203125 0.0283203125
0 0.9296875 0.7197265625 0.103515625 0.333984375
0 0.63232421875 0.35302734375 0.0888671875 0.0908203125
0 0.83984375 0.61767578125 0.048828125 0.0361328125
0 0.58935546875 0.0224609375 0.0771484375 0.0390625
0 0.333984375 0.14453125 0.021484375 0.025390625
0 0.158203125 0.91650390625 0.01953125 0.0166015625
0 0.9609375 0.26708984375 0.068359375 0.0673828125
0 0.5615234375 0.267578125 0.056640625 0.056640625
0 0.8115234375 0.33642578125 0.15234375 0.0478515625
0 0.67822265625 0.2509765625 0.0966796875 0.029296875
0 0.27685546875 0.25830078125 0.0283203125 0.0302734375
0 0.775390625 0.76025390625 0.0703125 0.0634765625
0 0.49560546875 0.91015625 0.1162109375 0.1015625
0 0.796875 0.685546875 0.041015625 0.044921875
0 0.4404296875 0.97021484375 0.013671875 0.0126953125
0 0.11865234375 0.3837890625 0.1318359375 0.048828125
0 0.78955078125 0.57275390625 0.0283203125 0.0361328125
0 0.47509765625 0.361328125 0.0322265625 0.03125
0 0.58740234375 0.88916015625 0.0380859375 0.0380859375
0 0.55078125 0.13427734375 0.056640625 0.1552734375
0 0.9248046875 0.9052734375 0.033203125 0.025390625
0 0.7900390625 0.06640625 0.255859375 0.0546875
0 0.09228515625 0.783203125 0.0556640625 0.05859375
0 0.84375 0.96875 0.12109375 0.048828125
0 0.9599609375 0.04638671875 0.03515625 0.0458984375
0 0.2294921875 0.267578125 0.021484375 0.021484375