0 0.61572265625 0.57568359375 0.0419921875 0.0439453125
0 0.50146484375 0.9111328125 0.0400390625 0.052734375
0 0.556640625 0.4033203125 0.078125 0.03125
0 0.18994140625 0.75244140625 0.3095703125 0.1142578125
0 0.658203125 0.91357421875 0.05859375 0.1416015625
0 0.396484375 0.23486328125 0.484375 0.2919921875
0 0.70556640625 0.921875 0.0205078125 0.017578125
0 0.80029296875 0.78515625 0.3291015625 0.1015625
0 0.5224609375 0.6806640625 0.05078125 0.0546875
0 0.22509765625 0.48779296875 0.0830078125 0.0751953125
0 0.669921875 0.14111328125 0.041015625 0.0537109375
0 0.900390625 0.625 0.08984375 0.091796875
0 0.41796875 0.56640625 0.037109375 0.037109375
0 0.14453125 0.59619140625 0.072265625 0.0732421875
0 0.87890625 0.1904296875 0.177734375 0.060546875
0 0.2392578125 0.9443359375 0.060546875 0.044921875
0 0.08447265625 0.24609375 0.1220703125 0.416015625
0 0.92236328125 0.51904296875 0.0498046875 0.0517578125
0 0.5 0.76904296875 0.17578125 0.0947265625
0 0.6640625 0.646484375 0.09765625 0.03515625
0 0.37060546875 0.4541015625 0.0283203125 0.021484375
0 0.7802734375 0.3935546875 0.224609375 0.224609375
0 0.89501953125 0.10498046875 0.0361328125 0.0380859375
0 0.7626953125 0.61962890625 0.06640625 0.1982421875
0 0.10302734375 0.931640625 0.1337890625 0.13671875
0 0.30224609375 0.48828125 0.0537109375 0.123046875
0 0.84375 0.6025390625 0.01953125 0.013671875
0 0.79736328125 0.05517578125 0.0283203125 0.0302734375
0 0.27392578125 0.5986328125 0.1123046875 0.05859375
0 0.5185546875 0.50537109375 0.12890625 0.1474609375
0 0.45849609375 0.84375 0.0361328125 0.0390625
0 0.3828125 0.9267578125 0.111328125 0.09765625
0 0.9033203125 0.0517578125 0.04296875 0.04296875
0 0.91943359375 0.95751953125 0.0361328125 0.0361328125
0 0.0322265625 0.59033203125 0.013671875 0.0126953125
0 0.3115234375 0.078125 0.015625 0.01953125
0 0.09521484375 0.65673828125 0.0419921875 0.0419921875
0 0.92919921875 0.86279296875 0.0205078125 0.0166015625
0 0.11669921875 0.51220703125 0.0966796875 0.0849609375
0 0.408203125 0.6279296875 0.033203125 0.033203125
0 0.83935546875 0.015625 0.0126953125 0.015625
0 0.23828125 0.67333984375 0.03125 0.0380859375
0 0.79443359375 0.2470703125 0.0478515625 0.046875
0 0.25244140625 0.01953125 0.1083984375 0.03125
0 0.62939453125 0.04052734375 0.0673828125 0.0673828125