0 0.4072265625 0.298828125 0.021484375 0.021484375
0 0.4375 0.5576171875 0.064453125 0.146484375
0 0.51806640625 0.1142578125 0.0419921875 0.037109375
0 0.45166015625 0.935546875 0.0498046875 0.052734375
0 0.822265625 0.7724609375 0.037109375 0.037109375
0 0.8154296875 0.5009765625 0.291015625 0.291015625
0 0.07861328125 0.763671875 0.0966796875 0.3125
0 0.26318359375 0.42529296875 0.0732421875 0.0302734375
0 0.8232421875 0.275390625 0.033203125 0.033203125
0 0.306640625 0.30126953125 0.154296875 0.1357421875
0 0.75732421875 0.08837890625 0.4052734375 0.1259765625
0 0.5517578125 0.4873046875 0.080078125 0.240234375
0 0.57666015625 0.9658203125 0.0947265625 0.02734375
0 0.8603515625 0.96435546875 0.0234375 0.0166015625
0 0.267578125 0.62890625 0.15625 0.15625
0 0.20166015625 0.033203125 0.0302734375 0.02734375
0 0.56591796875 0.90869140625 0.0419921875 0.0556640625
0 0.0517578125 0.42236328125 0.037109375 0.0380859375
0 0.09765625 0.29150390625 0.0625 0.0615234375
0 0.98486328125 0.96630859375 0.0302734375 0.0380859375
0 0.16796875 0.31494140625 0.06640625 0.3095703125
0 0.0927734375 0.04931640625 0.041015625 0.0302734375
0 0.97216796875 0.76123046875 0.0537109375 0.1240234375
0 0.6494140625 0.208984375 0.33984375 0.06640625
0 0.52734375 0.0244140625 0.0390625 0.033203125
0 0.2158203125 0.86279296875 0.1640625 0.0888671875
0 0.93505859375 0.87841796875 0.0830078125 0.0732421875
0 0.26513671875 0.96533203125 0.1337890625 0.0693359375
0 0.365234375 0.912109375 0.046875 0.046875
0 0.67724609375 0.87841796875 0.1318359375 0.1337890625
0 0.4921875 0.82763671875 0.041015625 0.0498046875
0 0.43408203125 0.74853515625 0.0322265625 0.0322265625
0 0.380859375 0.45166015625 0.03125 0.0341796875
0 0.62255859375 0.55322265625 0.0224609375 0.0263671875
0 0.5302734375 0.66552734375 0.09765625 0.1123046875
0 0.76416015625 0.31494140625 0.0615234375 0.0224609375
0 0.81591796875 0.86328125 0.0615234375 0.060546875
0 0.1142578125 0.10107421875 0.033203125 0.0283203125
0 0.29541015625 0.0498046875 0.0654296875 0.0859375
0 0.70068359375 0.7802734375 0.1533203125 0.048828125
0 0.29443359375 0.4638671875 0.0400390625 0.03125
0 0.0302734375 0.046875 0.03125 0.033203125
0 0.4267578125 0.052734375 0.087890625 0.099609375
0 0.6376953125 0.599609375 0.05078125 0.052734375
0 0.35595703125 0.76220703125 0.0478515625 0.0498046875
0 0.91015625 0.24462890625 0.138671875 0.1416015625
0 0.10400390625 0.44482421875 0.0283203125 0.0302734375