0 0.4228515625 0.236328125 0.0625 0.0625
0 0.263671875 0.47900390625 0.169921875 0.0537109375
0 0.3115234375 0.61962890625 0.017578125 0.0166015625
0 0.71337890625 0.41259765625 0.0771484375 0.0283203125
0 0.5751953125 0.62548828125 0.04296875 0.0322265625
0 0.982421875 0.0205078125 0.033203125 0.041015625
0 0.82177734375 0.125 0.1943359375 0.107421875
0 0.14794921875 0.310546875 0.0283203125 0.029296875
0 0.8740234375 0.93408203125 0.03125 0.0263671875
0 0.42138671875 0.82421875 0.1005859375 0.232421875
0 0.5205078125 0.6796875 0.0234375 0.02734375
0 0.20068359375 0.10595703125 0.0283203125 0.0302734375
0 0.3740234375 0.11572265625 0.05078125 0.1416015625
0 0.81640625 0.86083984375 0.068359375 0.0693359375
0 0.49755859375 0.98486328125 0.0205078125 0.0263671875
0 0.0224609375 0.7919921875 0.01953125 0.013671875
0 0.6875 0.74072265625 0.37890625 0.0810546875
0 0.70751953125 0.3056640625 0.3837890625 0.1484375
0 0.58642578125 0.5400390625 0.1064453125 0.0546875
0 0.048828125 0.91015625 0.09375 0.095703125
0 0.51513671875 0.607421875 0.0654296875 0.064453125
0 0.04345703125 0.21630859375 0.0380859375 0.0380859375
0 0.6884765625 0.5771484375 0.0625 0.025390625
0 0.28271484375 0.05810546875 0.0869140625 0.0263671875
0 0.29150390625 0.57568359375 0.0361328125 0.0361328125
0 0.90966796875 0.4736328125 0.0361328125 0.0390625
0 0.54931640625 0.89892578125 0.0830078125 0.0849609375
0 0.1376953125 0.6669921875 0.140625 0.123046875
0 0.04150390625 0.53466796875 0.0380859375 0.0380859375
0 0.6953125 0.88330078125 0.03125 0.0244140625
0 0.62109375 0.8125 0.029296875 0.029296875
0 0.7978515625 0.4287109375 0.0625 0.076171875
0 0.29736328125 0.9208984375 0.0283203125 0.029296875
0 0.615234375 0.111328125 0.154296875 0.17578125
0 0.033203125 0.37353515625 0.048828125 0.0517578125
0 0.9384765625 0.74462890625 0.07421875 0.3193359375
0 0.06689453125 0.79638671875 0.0205078125 0.0224609375
0 0.13134765625 0.18505859375 0.1337890625 0.1162109375
0 0.20556640625 0.39794921875 0.0361328125 0.0322265625
0 0.3388671875 0.3125 0.03515625 0.029296875
0 0.48486328125 0.2607421875 0.0400390625 0.091796875
0 0.40234375 0.607421875 0.099609375 0.11328125
0 0.24609375 0.77197265625 0.0703125 0.0693359375
0 0.39697265625 0.3984375 0.0537109375 0.0703125
0 0.10888671875 0.45556640625 0.0751953125 0.2392578125