0 0.63037109375 0.34130859375 0.4580078125 0.1416015625
0 0.65478515625 0.92578125 0.0517578125 0.0546875
0 0.26806640625 0.23486328125 0.1083984375 0.3193359375
0 0.037109375 0.67919921875 0.056640625 0.1220703125
0 0.38623046875 0.70849609375 0.1181640625 0.5087890625
0 0.68701171875 0.66259765625 0.0966796875 0.0849609375
0 0.70703125 0.83251953125 0.0390625 0.0517578125
0 0.7587890625 0.69873046875 0.017578125 0.0126953125
0 0.81982421875 0.7490234375 0.3232421875 0.068359375
0 0.52001953125 0.6044921875 0.0595703125 0.072265625
0 0.9326171875 0.1474609375 0.060546875 0.0546875
0 0.5810546875 0.5068359375 0.060546875 0.16796875
0 0.14306640625 0.8486328125 0.1142578125 0.041015625
0 0.10595703125 0.21630859375 0.2041015625 0.2041015625
0 0.083984375 0.0625 0.08203125 0.080078125
0 0.6279296875 0.19287109375 0.125 0.0693359375
0 0.0966796875 0.44482421875 0.060546875 0.0244140625
0 0.70947265625 0.57373046875 0.0419921875 0.0361328125
0 0.21484375 0.5810546875 0.111328125 0.11328125
0 0.201171875 0.7119140625 0.044921875 0.044921875
0 0.8681640625 0.5634765625 0.029296875 0.03125
0 0.43994140625 0.15869140625 0.0654296875 0.1982421875
0 0.56298828125 0.87841796875 0.0283203125 0.0244140625
0 0.78076171875 0.921875 0.0537109375 0.052734375
0 0.0888671875 0.7900390625 0.064453125 0.068359375
0 0.55419921875 0.84619140625 0.0302734375 0.0205078125
0 0.02099609375 0.5927734375 0.0361328125 0.037109375
0 0.908203125 0.876953125 0.158203125 0.138671875
0 0.92333984375 0.388671875 0.0849609375 0.1953125
0 0.03955078125 0.93310546875 0.0498046875 0.0146484375
0 0.10498046875 0.72607421875 0.0302734375 0.0322265625
0 0.5009765625 0.4453125 0.033203125 0.03515625
0 0.9326171875 0.5849609375 0.09765625 0.111328125
0 0.60107421875 0.02783203125 0.0341796875 0.0361328125
0 0.748046875 0.1337890625 0.091796875 0.09375
0 0.1884765625 0.3994140625 0.017578125 0.021484375
0 0.22216796875 0.9404296875 0.1259765625 0.064453125
0 0.22119140625 0.79345703125 0.0341796875 0.0341796875
0 0.86669921875 0.177734375 0.0283203125 0.02734375
0 0.08984375 0.669921875 0.021484375 0.02734375
0 0.4580078125 0.9248046875 0.021484375 0.01953125
0 0.80810546875 0.44091796875 0.1337890625 0.0458984375
0 0.26513671875 0.42822265625 0.0458984375 0.0341796875
0 0.37353515625 0.349609375 0.0361328125 0.046875
0 0.16796875 0.0439453125 0.03125 0.03125
0 0.310546875 0.517578125 0.02734375 0.02734375