0 0.705078125 0.5859375 0.130859375 0.1328125
0 0.72705078125 0.796875 0.0634765625 0.0625
0 0.55908203125 0.5927734375 0.1025390625 0.052734375
0 0.5615234375 0.798828125 0.046875 0.03515625
0 0.9443359375 0.701171875 0.04296875 0.044921875
0 0.93896484375 0.4443359375 0.0537109375 0.1171875
0 0.9580078125 0.90966796875 0.056640625 0.0576171875
0 0.60693359375 0.17919921875 0.0400390625 0.0439453125
0 0.080078125 0.638671875 0.03515625 0.04296875
0 0.8857421875 0.32275390625 0.115234375 0.0458984375
0 0.0732421875 0.525390625 0.041015625 0.041015625
0 0.04736328125 0.1083984375 0.0576171875 0.056640625
0 0.8623046875 0.10693359375 0.130859375 0.1494140625
0 0.79345703125 0.5419921875 0.0283203125 0.029296875
0 0.04052734375 0.18310546875 0.0185546875 0.0185546875
0 0.486328125 0.44970703125 0.04296875 0.0458984375
0 0.322265625 0.86279296875 0.078125 0.0791015625
0 0.27099609375 0.57666015625 0.0927734375 0.0341796875
0 0.33935546875 0.11962890625 0.0576171875 0.1669921875
0 0.7451171875 0.13916015625 0.033203125 0.0283203125
0 0.12353515625 0.76416015625 0.0361328125 0.0478515625
0 0.2021484375 0.1484375 0.05859375 0.05859375
0 0.92919921875 0.21923828125 0.0263671875 0.0322265625
0 0.31689453125 0.34228515625 0.0322265625 0.0244140625
0 0.37890625 0.5859375 0.1015625 0.3203125
0 0.685546875 0.7138671875 0.013671875 0.017578125
0 0.7392578125 0.34228515625 0.099609375 0.3212890625
0 0.50439453125 0.955078125 0.0361328125 0.046875
0 0.08642578125 0.47802734375 0.0302734375 0.0302734375
0 0.90625 0.5712890625 0.060546875 0.05859375
0 0.2236328125 0.65576171875 0.056640625 0.0595703125
0 0.08056640625 0.25146484375 0.0185546875 0.0126953125
0 0.845703125 0.71044921875 0.0859375 0.0986328125
0 0.48046875 0.216796875 0.12109375 0.373046875
0 0.18994140625 0.298828125 0.1279296875 0.111328125
0 0.515625 0.6748046875 0.109375 0.095703125
0 0.193359375 0.86328125 0.095703125 0.029296875
0 0.546875 0.8583984375 0.04296875 0.044921875
0 0.611328125 0.88037109375 0.0234375 0.0205078125
0 0.24072265625 0.0390625 0.1220703125 0.0390625
0 0.85205078125 0.8369140625 0.0712890625 0.064453125
0 0.15185546875 0.60546875 0.0771484375 0.177734375
0 0.1728515625 0.94091796875 0.32421875 0.0634765625
0 0.6435546875 0.2431640625 0.029296875 0.02734375