0 0.896484375 0.88232421875 0.037109375 0.0400390625
0 0.09326171875 0.189453125 0.0283203125 0.025390625
0 0.40869140625 0.76025390625 0.1044921875 0.1201171875
0 0.74267578125 0.58544921875 0.0966796875 0.0986328125
0 0.587890625 0.0283203125 0.017578125 0.021484375
0 0.40380859375 0.12890625 0.0654296875 0.064453125
0 0.51123046875 0.43603515625 0.0673828125 0.0263671875
0 0.09765625 0.49609375 0.04296875 0.04296875
0 0.62939453125 0.28955078125 0.1025390625 0.3310546875
0 0.89697265625 0.47216796875 0.2001953125 0.7587890625
0 0.15869140625 0.60400390625 0.2900390625 0.0615234375
0 0.23193359375 0.3505859375 0.0810546875 0.234375
0 0.2998046875 0.1337890625 0.025390625 0.01953125
0 0.1396484375 0.07958984375 0.03515625 0.0458984375
0 0.658203125 0.85498046875 0.015625 0.0107421875
0 0.42626953125 0.02197265625 0.0439453125 0.0439453125
0 0.603515625 0.81787109375 0.083984375 0.2529296875
0 0.40869140625 0.263671875 0.0537109375 0.064453125
0 0.12353515625 0.271484375 0.0576171875 0.017578125
0 0.07177734375 0.92578125 0.0283203125 0.037109375
0 0.12890625 0.68408203125 0.095703125 0.0947265625
0 0.328125 0.34033203125 0.1015625 0.2998046875
0 0.56640625 0.58056640625 0.025390625 0.0263671875
0 0.18798828125 0.8369140625 0.2470703125 0.13671875
0 0.53564453125 0.65283203125 0.1435546875 0.0751953125
0 0.712890625 0.22802734375 0.0546875 0.0595703125
0 0.70849609375 0.6865234375 0.0361328125 0.08203125
0 0.26025390625 0.02490234375 0.0283203125 0.0341796875
0 0.43701171875 0.9013671875 0.0908203125 0.103515625
0 0.03076171875 0.51416015625 0.0341796875 0.0341796875
0 0.09326171875 0.3720703125 0.1708984375 0.150390625
0 0.029296875 0.06982421875 0.02734375 0.0283203125
0 0.52783203125 0.09521484375 0.0966796875 0.0849609375
0 0.5078125 0.4736328125 0.126953125 0.044921875
0 0.0498046875 0.6787109375 0.037109375 0.03125
0 0.73193359375 0.75341796875 0.0478515625 0.0498046875
0 0.1142578125 0.13916015625 0.044921875 0.0341796875
0 0.76318359375 0.82763671875 0.0380859375 0.0341796875
0 0.3740234375 0.57275390625 0.0390625 0.0400390625
0 0.822265625 0.93310546875 0.041015625 0.0400390625
0 0.71728515625 0.97314453125 0.0400390625 0.0400390625
0 0.43212890625 0.470703125 0.0224609375 0.01953125
0 0.22265625 0.1181640625 0.11328125 0.115234375
0 0.12060546875 0.53857421875 0.0322265625 0.0341796875
0 0.3125 0.66357421875 0.1171875 0.0400390625
0 0.4814453125 0.23876953125 0.052734375 0.1259765625