0 0.9091796875 0.322265625 0.091796875 0.046875
0 0.8544921875 0.59716796875 0.08984375 0.0322265625
0 0.10302734375 0.5830078125 0.0537109375 0.12890625
0 0.4501953125 0.6044921875 0.041015625 0.04296875
0 0.5458984375 0.6982421875 0.044921875 0.033203125
0 0.53076171875 0.314453125 0.0302734375 0.03125
0 0.96630859375 0.0205078125 0.0205078125 0.015625
0 0.08935546875 0.10498046875 0.0322265625 0.0341796875
0 0.72314453125 0.27685546875 0.1083984375 0.1103515625
0 0.84765625 0.9775390625 0.0234375 0.0234375
0 0.74169921875 0.81689453125 0.2705078125 0.2705078125
0 0.7783203125 0.1396484375 0.21484375 0.115234375
0 0.20556640625 0.3662109375 0.0771484375 0.076171875
0 0.19970703125 0.7646484375 0.2646484375 0.08203125
0 0.7734375 0.51611328125 0.0546875 0.0537109375
0 0.07421875 0.462890625 0.04296875 0.046875
0 0.33447265625 0.412109375 0.1728515625 0.58984375
0 0.60791015625 0.30029296875 0.0439453125 0.0576171875
0 0.52685546875 0.544921875 0.0537109375 0.048828125
0 0.75830078125 0.625 0.0830078125 0.083984375
0 0.0478515625 0.935546875 0.037109375 0.080078125
0 0.50244140625 0.27734375 0.0185546875 0.013671875
0 0.453125 0.84423828125 0.083984375 0.2431640625
0 0.50830078125 0.14111328125 0.0751953125 0.2216796875
0 0.9765625 0.95751953125 0.021484375 0.0185546875
0 0.189453125 0.947265625 0.037109375 0.037109375
0 0.1728515625 0.21923828125 0.01953125 0.0244140625
0 0.66357421875 0.427734375 0.1455078125 0.166015625
0 0.3505859375 0.0615234375 0.099609375 0.041015625
0 0.61767578125 0.048828125 0.1044921875 0.091796875
0 0.92578125 0.44873046875 0.095703125 0.0322265625
0 0.77197265625 0.44140625 0.0595703125 0.0625
0 0.92431640625 0.9541015625 0.0419921875 0.041015625
0 0.94921875 0.5712890625 0.033203125 0.03515625
0 0.4453125 0.4267578125 0.0234375 0.02734375
0 0.4970703125 0.4599609375 0.0390625 0.0390625
0 0.19287109375 0.5556640625 0.0947265625 0.30078125
0 0.9599609375 0.26220703125 0.048828125 0.0634765625
0 0.66064453125 0.55859375 0.0556640625 0.056640625
0 0.93359375 0.11572265625 0.08984375 0.1025390625
0 0.62060546875 0.2265625 0.0498046875 0.060546875
0 0.38037109375 0.7568359375 0.0263671875 0.0234375
0 0.189453125 0.12841796875 0.091796875 0.0810546875
0 0.27978515625 0.93603515625 0.0595703125 0.0595703125
0 0.1015625 0.890625 0.0625 0.017578125
0 0.67431640625 0.615234375 0.0341796875 0.029296875