0 0.64501953125 0.58984375 0.1259765625 0.58984375
0 0.2431640625 0.39599609375 0.111328125 0.3271484375
0 0.22412109375 0.63623046875 0.0654296875 0.0263671875
0 0.4794921875 0.76171875 0.177734375 0.177734375
0 0.58349609375 0.28076171875 0.0244140625 0.0244140625
0 0.1826171875 0.03076171875 0.029296875 0.0322265625
0 0.67578125 0.2470703125 0.029296875 0.029296875
0 0.96630859375 0.23876953125 0.0166015625 0.0107421875
0 0.16064453125 0.38330078125 0.0419921875 0.0419921875
0 0.748046875 0.12353515625 0.0546875 0.0537109375
0 0.91455078125 0.5537109375 0.1533203125 0.494140625
0 0.33544921875 0.638671875 0.0498046875 0.044921875
0 0.11865234375 0.73095703125 0.1337890625 0.3994140625
0 0.412109375 0.4287109375 0.080078125 0.08203125
0 0.21923828125 0.03076171875 0.0419921875 0.0419921875
0 0.1279296875 0.45166015625 0.107421875 0.0341796875
0 0.19482421875 0.15625 0.0361328125 0.02734375
0 0.33984375 0.13134765625 0.1953125 0.1083984375
0 0.869140625 0.2255859375 0.02734375 0.0234375
0 0.35400390625 0.904296875 0.2724609375 0.083984375
0 0.029296875 0.8720703125 0.015625 0.01953125
0 0.41357421875 0.23779296875 0.1220703125 0.0439453125
0 0.4921875 0.11962890625 0.03515625 0.0380859375
0 0.875 0.28125 0.0234375 0.02734375
0 0.78759765625 0.255859375 0.0615234375 0.1328125
0 0.64111328125 0.16162109375 0.0185546875 0.0166015625
0 0.2548828125 0.19921875 0.056640625 0.017578125
0 0.35107421875 0.78857421875 0.0419921875 0.0556640625
0 0.79443359375 0.89453125 0.1337890625 0.13671875
0 0.83203125 0.12548828125 0.0625 0.0751953125
0 0.0849609375 0.26318359375 0.150390625 0.1318359375
0 0.51025390625 0.93212890625 0.0244140625 0.0205078125
0 0.4921875 0.02294921875 0.234375 0.0458984375
0 0.44677734375 0.58447265625 0.1572265625 0.1572265625
0 0.92138671875 0.8828125 0.0498046875 0.052734375
0 0.08740234375 0.099609375 0.0361328125 0.046875
0 0.77490234375 0.5830078125 0.0751953125 0.173828125
0 0.224609375 0.783203125 0.056640625 0.15625
0 0.5859375 0.22705078125 0.048828125 0.0361328125
0 0.50244140625 0.341796875 0.0517578125 0.0546875
0 0.79443359375 0.787109375 0.0361328125 0.03515625
0 0.6748046875 0.0732421875 0.080078125 0.08203125
0 0.6064453125 0.9287109375 0.119140625 0.060546875
0 0.5595703125 0.11083984375 0.04296875 0.0458984375
0 0.3330078125 0.5859375 0.033203125 0.03515625
0 0.02880859375 0.13623046875 0.0478515625 0.0478515625