0 0.76806640625 0.70068359375 0.0419921875 0.0419921875
0 0.15185546875 0.46630859375 0.1689453125 0.5771484375
0 0.85009765625 0.7705078125 0.0322265625 0.0234375
0 0.3427734375 0.11767578125 0.083984375 0.0751953125
0 0.68115234375 0.28173828125 0.0283203125 0.0244140625
0 0.56005859375 0.234375 0.0458984375 0.046875
0 0.12109375 0.97119140625 0.03515625 0.0302734375
0 0.2353515625 0.07958984375 0.12890625 0.1318359375
0 0.30615234375 0.474609375 0.0146484375 0.017578125
0 0.39208984375 0.6435546875 0.0302734375 0.0234375
0 0.75390625 0.4443359375 0.259765625 0.259765625
0 0.64794921875 0.87548828125 0.3193359375 0.1923828125
0 0.34716796875 0.31103515625 0.0537109375 0.0576171875
0 0.3935546875 0.828125 0.09375 0.224609375
0 0.4853515625 0.345703125 0.111328125 0.126953125
0 0.26904296875 0.88720703125 0.0791015625 0.0908203125
0 0.71435546875 0.09375 0.0693359375 0.03515625
0 0.30810546875 0.662109375 0.0849609375 0.083984375
0 0.48583984375 0.14794921875 0.0927734375 0.0810546875
0 0.017578125 0.3408203125 0.033203125 0.033203125
0 0.81103515625 0.1787109375 0.0751953125 0.240234375
0 0.28369140625 0.18505859375 0.0810546875 0.0244140625
0 0.87109375 0.87939453125 0.05859375 0.0615234375
0 0.45654296875 0.50146484375 0.2626953125 0.1416015625
0 0.4755859375 0.03125 0.287109375 0.060546875
0 0.3544921875 0.2275390625 0.11328125 0.046875
0 0.6083984375 0.21484375 0.046875 0.046875
0 0.65283203125 0.05419921875 0.0361328125 0.0361328125
0 0.587890625 0.6103515625 0.037109375 0.037109375
0 0.0439453125 0.81494140625 0.060546875 0.0791015625
0 0.65576171875 0.73291015625 0.0341796875 0.0361328125
0 0.5830078125 0.28564453125 0.041015625 0.0439453125
0 0.03857421875 0.5087890625 0.0478515625 0.1328125
0 0.603515625 0.66259765625 0.046875 0.0498046875
0 0.02294921875 0.67529296875 0.0263671875 0.0322265625
0 0.48779296875 0.65380859375 0.1455078125 0.0458984375
0 0.10302734375 0.8427734375 0.0458984375 0.0546875
0 0.45947265625 0.72509765625 0.0205078125 0.0185546875
0 0.06884765625 0.06640625 0.1279296875 0.130859375
0 0.80322265625 0.60400390625 0.1240234375 0.0458984375
0 0.41064453125 0.275390625 0.0341796875 0.033203125
0 0.9716796875 0.02392578125 0.037109375 0.0478515625
0 0.18603515625 0.7998046875 0.0693359375 0.05078125
0 0.92822265625 0.3076171875 0.0439453125 0.1015625
0 0.9794921875 0.3203125 0.02734375 0.029296875