0 0.10107421875 0.9033203125 0.0634765625 0.033203125
0 0.16015625 0.404296875 0.099609375 0.31640625
0 0.8095703125 0.52197265625 0.05078125 0.0146484375
0 0.38720703125 0.67431640625 0.1884765625 0.1884765625
0 0.94287109375 0.09765625 0.0361328125 0.03515625
0 0.51904296875 0.92041015625 0.0380859375 0.0380859375
0 0.47119140625 0.9658203125 0.0537109375 0.052734375
0 0.73779296875 0.376953125 0.0986328125 0.0859375
0 0.41064453125 0.92822265625 0.0361328125 0.0361328125
0 0.6845703125 0.75439453125 0.029296875 0.0205078125
0 0.12353515625 0.138671875 0.1591796875 0.181640625
0 0.60107421875 0.61767578125 0.0439453125 0.0458984375
0 0.51513671875 0.298828125 0.0419921875 0.044921875
0 0.916015625 0.36181640625 0.125 0.1279296875
0 0.25048828125 0.66943359375 0.0537109375 0.0400390625
0 0.56982421875 0.50537109375 0.4169921875 0.0888671875
0 0.64697265625 0.24755859375 0.1416015625 0.1611328125
0 0.74560546875 0.6787109375 0.1435546875 0.125
0 0.10595703125 0.7548828125 0.0732421875 0.2109375
0 0.24072265625 0.54931640625 0.0263671875 0.0283203125
0 0.701171875 0.0927734375 0.353515625 0.115234375
0 0.333984375 0.26025390625 0.119140625 0.0478515625
0 0.2333984375 0.92333984375 0.083984375 0.0751953125
0 0.5908203125 0.92431640625 0.0546875 0.0537109375
0 0.27490234375 0.3603515625 0.0302734375 0.0390625
0 0.8740234375 0.65771484375 0.0703125 0.1533203125
0 0.80517578125 0.80029296875 0.1220703125 0.0654296875
0 0.9609375 0.5498046875 0.015625 0.01953125
0 0.892578125 0.7900390625 0.041015625 0.04296875
0 0.02099609375 0.5595703125 0.0341796875 0.041015625
0 0.3828125 0.82177734375 0.0390625 0.0302734375
0 0.4638671875 0.2177734375 0.06640625 0.068359375
0 0.58837890625 0.4033203125 0.0283203125 0.029296875
0 0.52099609375 0.60693359375 0.0263671875 0.0244140625
0 0.44091796875 0.0986328125 0.1298828125 0.046875
0 0.71044921875 0.94140625 0.0224609375 0.01953125
0 0.45849609375 0.3828125 0.0615234375 0.06640625
0 0.8837890625 0.17578125 0.04296875 0.04296875
0 0.3369140625 0.7880859375 0.01953125 0.0234375
0 0.3330078125 0.16845703125 0.103515625 0.0322265625
0 0.337890625 0.505859375 0.0390625 0.0390625
0 0.86279296875 0.89404296875 0.0302734375 0.0302734375
0 0.40673828125 0.36474609375 0.0263671875 0.0224609375
0 0.3046875 0.94580078125 0.048828125 0.0634765625