0 0.08740234375 0.3505859375 0.1728515625 0.0546875
0 0.30322265625 0.39599609375 0.0693359375 0.1591796875
0 0.2353515625 0.0595703125 0.0234375 0.025390625
0 0.310546875 0.64453125 0.3046875 0.3046875
0 0.419921875 0.98046875 0.025390625 0.02734375
0 0.66162109375 0.4609375 0.0478515625 0.05078125
0 0.57763671875 0.14111328125 0.6142578125 0.2373046875
0 0.6884765625 0.70361328125 0.029296875 0.0302734375
0 0.49169921875 0.42431640625 0.1064453125 0.0927734375
0 0.224609375 0.9169921875 0.021484375 0.025390625
0 0.13037109375 0.18994140625 0.0654296875 0.0849609375
0 0.67138671875 0.828125 0.0478515625 0.041015625
0 0.81103515625 0.49951171875 0.1396484375 0.1416015625
0 0.70458984375 0.60302734375 0.0712890625 0.1630859375
0 0.63720703125 0.92333984375 0.0791015625 0.0400390625
0 0.79150390625 0.7275390625 0.0986328125 0.291015625
0 0.97802734375 0.86279296875 0.0185546875 0.0146484375
0 0.244140625 0.83642578125 0.296875 0.0576171875
0 0.5361328125 0.7822265625 0.111328125 0.126953125
0 0.86767578125 0.27734375 0.0205078125 0.02734375
0 0.7802734375 0.32373046875 0.072265625 0.0732421875
0 0.60791015625 0.5478515625 0.0615234375 0.07421875
0 0.6123046875 0.6787109375 0.06640625 0.06640625
0 0.1142578125 0.25244140625 0.021484375 0.0263671875
0 0.6435546875 0.38232421875 0.1171875 0.0419921875
0 0.92529296875 0.65673828125 0.0654296875 0.1962890625
0 0.076171875 0.4892578125 0.12890625 0.146484375
0 0.97265625 0.1962890625 0.021484375 0.01953125
0 0.17236328125 0.09375 0.0458984375 0.044921875
0 0.93603515625 0.8076171875 0.0732421875 0.072265625
0 0.17822265625 0.412109375 0.0166015625 0.01171875
0 0.08544921875 0.587890625 0.0966796875 0.0390625
0 0.5205078125 0.56298828125 0.0625 0.1728515625
0 0.04345703125 0.18212890625 0.0810546875 0.0732421875
0 0.83447265625 0.92529296875 0.1787109375 0.0986328125
0 0.078125 0.6650390625 0.03515625 0.03515625
0 0.462890625 0.89599609375 0.05078125 0.0380859375
0 0.5517578125 0.27587890625 0.0234375 0.0205078125
0 0.849609375 0.34765625 0.041015625 0.04296875
0 0.4814453125 0.29443359375 0.044921875 0.0439453125
0 0.97900390625 0.22607421875 0.0302734375 0.0302734375
0 0.11181640625 0.9169921875 0.0634765625 0.068359375
0 0.66748046875 0.41455078125 0.0673828125 0.0205078125
0 0.25048828125 0.45751953125 0.0224609375 0.0224609375
0 0.07763671875 0.08544921875 0.1064453125 0.1083984375