0 0.5546875 0.91796875 0.064453125 0.138671875
0 0.1103515625 0.4638671875 0.041015625 0.041015625
0 0.947265625 0.14404296875 0.0234375 0.0205078125
0 0.71826171875 0.76904296875 0.0322265625 0.0341796875
0 0.35400390625 0.56494140625 0.0361328125 0.0380859375
0 0.6640625 0.61767578125 0.0390625 0.0302734375
0 0.287109375 0.10498046875 0.072265625 0.0712890625
0 0.33447265625 0.25146484375 0.0947265625 0.0830078125
0 0.68310546875 0.248046875 0.4833984375 0.1875
0 0.84375 0.71826171875 0.146484375 0.4306640625
0 0.64990234375 0.759765625 0.0869140625 0.240234375
0 0.96240234375 0.82080078125 0.0439453125 0.0439453125
0 0.13232421875 0.767578125 0.1220703125 0.365234375
0 0.64208984375 0.42529296875 0.0224609375 0.0185546875
0 0.23291015625 0.41650390625 0.2001953125 0.2001953125
0 0.623046875 0.3701171875 0.025390625 0.025390625
0 0.04833984375 0.3291015625 0.0556640625 0.12890625
0 0.43603515625 0.7978515625 0.0849609375 0.3671875
0 0.68408203125 0.08056640625 0.1123046875 0.1279296875
0 0.5625 0.82763671875 0.02734375 0.0322265625
0 0.48583984375 0.57177734375 0.0556640625 0.0556640625
0 0.18701171875 0.19140625 0.0283203125 0.037109375
0 0.93701171875 0.0791015625 0.0498046875 0.052734375
0 0.14599609375 0.9755859375 0.0283203125 0.037109375
0 0.5634765625 0.7119140625 0.029296875 0.02734375
0 0.20556640625 0.26220703125 0.0263671875 0.0283203125
0 0.91552734375 0.39013671875 0.0146484375 0.0107421875
0 0.70703125 0.42041015625 0.07421875 0.0380859375
0 0.1376953125 0.23583984375 0.04296875 0.0322265625
0 0.51123046875 0.41650390625 0.0419921875 0.0380859375
0 0.29150390625 0.81201171875 0.0302734375 0.0322265625
0 0.419921875 0.03564453125 0.1796875 0.0615234375
0 0.56884765625 0.560546875 0.1044921875 0.04296875
0 0.314453125 0.72216796875 0.0859375 0.0869140625
0 0.61181640625 0.5048828125 0.2294921875 0.044921875
0 0.5458984375 0.134765625 0.029296875 0.03125
0 0.271484375 0.16650390625 0.1015625 0.0361328125
0 0.96435546875 0.1962890625 0.0517578125 0.0625
0 0.52880859375 0.6767578125 0.0302734375 0.037109375
0 0.9248046875 0.447265625 0.083984375 0.0859375
0 0.109375 0.0888671875 0.130859375 0.150390625
0 0.3984375 0.47314453125 0.123046875 0.0673828125
0 0.35791015625 0.8056640625 0.0400390625 0.0390625
0 0.630859375 0.97021484375 0.05078125 0.0517578125
0 0.2509765625 0.90771484375 0.048828125 0.0478515625
0 0.7998046875 0.35400390625 0.0625 0.0185546875