0 0.73681640625 0.38525390625 0.1669921875 0.1669921875
0 0.498046875 0.85009765625 0.337890625 0.1103515625
0 0.501953125 0.63720703125 0.6875 0.2548828125
0 0.65283203125 0.09423828125 0.0576171875 0.0556640625
0 0.703125 0.22607421875 0.09375 0.0927734375
0 0.55615234375 0.95703125 0.1494140625 0.046875
0 0.845703125 0.12451171875 0.05859375 0.0166015625
0 0.3818359375 0.1552734375 0.2578125 0.2578125
0 0.8359375 0.3818359375 0.025390625 0.025390625
0 0.83447265625 0.0322265625 0.0341796875 0.037109375
0 0.634765625 0.408203125 0.03515625 0.037109375
0 0.86279296875 0.80126953125 0.0205078125 0.0205078125
0 0.13427734375 0.1708984375 0.1728515625 0.150390625
0 0.201171875 0.40673828125 0.13671875 0.1201171875
0 0.4248046875 0.36328125 0.037109375 0.037109375
0 0.39599609375 0.45556640625 0.0615234375 0.0556640625
0 0.9306640625 0.30224609375 0.02734375 0.0322265625
0 0.73486328125 0.9609375 0.0341796875 0.044921875
0 0.91455078125 0.45654296875 0.1162109375 0.1181640625
0 0.064453125 0.67041015625 0.115234375 0.3662109375
0 0.21826171875 0.78466796875 0.0361328125 0.0302734375
0 0.95361328125 0.83984375 0.0693359375 0.205078125
0 0.62451171875 0.34033203125 0.0302734375 0.0380859375
0 0.2568359375 0.947265625 0.28125 0.0546875
0 0.89794921875 0.69775390625 0.0244140625 0.0185546875
0 0.7919921875 0.9375 0.05859375 0.0625
0 0.61083984375 0.48486328125 0.0439453125 0.0439453125
0 0.46484375 0.923828125 0.02734375 0.033203125
0 0.26416015625 0.33154296875 0.0263671875 0.0263671875
0 0.4794921875 0.333984375 0.0546875 0.056640625
0 0.650390625 0.28564453125 0.02734375 0.0244140625
0 0.2177734375 0.8740234375 0.0859375 0.03515625
0 0.86279296875 0.9541015625 0.0361328125 0.0390625
0 0.87890625 0.19921875 0.177734375 0.095703125
0 0.51953125 0.40283203125 0.11328125 0.0576171875
0 0.20458984375 0.283203125 0.0126953125 0.01171875
0 0.5771484375 0.03955078125 0.078125 0.0791015625
0 0.9326171875 0.044921875 0.05859375 0.04296875
0 0.87939453125 0.8681640625 0.0478515625 0.0625
0 0.046875 0.9609375 0.072265625 0.025390625
0 0.30029296875 0.38818359375 0.0341796875 0.0361328125
0 0.9462890625 0.6181640625 0.087890625 0.1015625
0 0.72900390625 0.8310546875 0.0361328125 0.08203125
0 0.37158203125 0.39208984375 0.0185546875 0.0126953125
0 0.056640625 0.28271484375 0.0703125 0.0712890625