0 0.09716796875 0.30322265625 0.0380859375 0.0380859375
0 0.79052734375 0.36083984375 0.3056640625 0.3056640625
0 0.26025390625 0.55859375 0.0537109375 0.052734375
0 0.47998046875 0.10107421875 0.0341796875 0.0419921875
0 0.7890625 0.0556640625 0.015625 0.01171875
0 0.970703125 0.0625 0.041015625 0.04296875
0 0.4853515625 0.65185546875 0.1484375 0.5068359375
0 0.24072265625 0.3203125 0.0400390625 0.111328125
0 0.5888671875 0.64794921875 0.0390625 0.0419921875
0 0.279296875 0.7138671875 0.08203125 0.07421875
0 0.0693359375 0.85302734375 0.107421875 0.1220703125
0 0.90234375 0.787109375 0.125 0.388671875
0 0.35107421875 0.51318359375 0.1123046875 0.1279296875
0 0.10888671875 0.6328125 0.1259765625 0.044921875
0 0.2509765625 0.1025390625 0.408203125 0.080078125
0 0.04638671875 0.17041015625 0.0615234375 0.0244140625
0 0.0595703125 0.291015625 0.03515625 0.03515625
0 0.16015625 0.53955078125 0.095703125 0.0498046875
0 0.71044921875 0.7568359375 0.1279296875 0.3828125
0 0.58544921875 0.1103515625 0.0732421875 0.07421875
0 0.02001953125 0.3818359375 0.0322265625 0.02734375
0 0.38232421875 0.15966796875 0.0283203125 0.0244140625
0 0.20654296875 0.8623046875 0.1279296875 0.111328125
0 0.3076171875 0.189453125 0.01171875 0.013671875
0 0.53564453125 0.25 0.1396484375 0.142578125
0 0.22509765625 0.42236328125 0.0400390625 0.0517578125
0 0.716796875 0.09619140625 0.052734375 0.1201171875
0 0.9462890625 0.1845703125 0.041015625 0.041015625
0 0.328125 0.37158203125 0.060546875 0.0634765625
0 0.13037109375 0.46923828125 0.0654296875 0.0654296875
0 0.23486328125 0.19384765625 0.0771484375 0.0791015625
0 0.3505859375 0.28955078125 0.05859375 0.0771484375
0 0.18212890625 0.271484375 0.0537109375 0.052734375
0 0.36376953125 0.70263671875 0.0810546875 0.1865234375
0 0.43212890625 0.029296875 0.1611328125 0.05078125
0 0.4677734375 0.97021484375 0.052734375 0.0556640625
0 0.19482421875 0.7265625 0.0224609375 0.0234375
0 0.87890625 0.146484375 0.0625 0.06640625
0 0.58447265625 0.04443359375 0.0322265625 0.0244140625
0 0.58154296875 0.3544921875 0.0419921875 0.041015625
0 0.78662109375 0.68505859375 0.0224609375 0.0283203125
0 0.3134765625 0.94287109375 0.10546875 0.0302734375
0 0.69287109375 0.5390625 0.0478515625 0.03515625
0 0.19287109375 0.48193359375 0.0185546875 0.0166015625