0 0.8701171875 0.140625 0.021484375 0.021484375
0 0.7373046875 0.06494140625 0.013671875 0.0126953125
0 0.84765625 0.58447265625 0.041015625 0.0322265625
0 0.55224609375 0.087890625 0.0830078125 0.04296875
0 0.7646484375 0.23095703125 0.1328125 0.1162109375
0 0.65234375 0.72412109375 0.353515625 0.0751953125
0 0.07080078125 0.90869140625 0.0361328125 0.0380859375
0 0.47021484375 0.41259765625 0.2236328125 0.2236328125
0 0.06787109375 0.8271484375 0.0693359375 0.0625
0 0.10107421875 0.6025390625 0.0166015625 0.01953125
0 0.12353515625 0.91748046875 0.0400390625 0.0400390625
0 0.767578125 0.03076171875 0.033203125 0.0283203125
0 0.478515625 0.25244140625 0.095703125 0.0400390625
0 0.58642578125 0.83251953125 0.0361328125 0.0380859375
0 0.884765625 0.75 0.03515625 0.03515625
0 0.06591796875 0.65771484375 0.0224609375 0.0283203125
0 0.25439453125 0.52734375 0.1923828125 0.6875
0 0.509765625 0.66357421875 0.04296875 0.0439453125
0 0.875 0.26806640625 0.056640625 0.0595703125
0 0.41162109375 0.83984375 0.0517578125 0.142578125
0 0.44677734375 0.57373046875 0.0283203125 0.0341796875
0 0.744140625 0.38330078125 0.1015625 0.1162109375
0 0.97509765625 0.62890625 0.0263671875 0.025390625
0 0.927734375 0.80810546875 0.03515625 0.0302734375
0 0.07177734375 0.23291015625 0.1240234375 0.3837890625
0 0.560546875 0.2119140625 0.123046875 0.0390625
0 0.84716796875 0.07421875 0.0830078125 0.025390625
0 0.34765625 0.1083984375 0.166015625 0.08984375
0 0.06396484375 0.97607421875 0.0380859375 0.0283203125
0 0.658203125 0.0546875 0.060546875 0.060546875
0 0.77197265625 0.92578125 0.1376953125 0.140625
0 0.87109375 0.36669921875 0.064453125 0.0634765625
0 0.23974609375 0.96533203125 0.0498046875 0.0537109375
0 0.70654296875 0.59375 0.1689453125 0.1484375
0 0.97607421875 0.216796875 0.0419921875 0.091796875
0 0.08935546875 0.71875 0.0224609375 0.029296875
0 0.7890625 0.4794921875 0.125 0.046875
0 0.65185546875 0.43359375 0.0419921875 0.044921875
0 0.95556640625 0.85205078125 0.0498046875 0.0498046875
0 0.47021484375 0.83251953125 0.0224609375 0.0166015625
0 0.658203125 0.31396484375 0.0546875 0.0712890625
0 0.083984375 0.50341796875 0.115234375 0.1318359375
0 0.955078125 0.53759765625 0.029296875 0.0302734375