0 0.38916015625 0.46533203125 0.0595703125 0.0732421875
0 0.8544921875 0.4775390625 0.197265625 0.197265625
0 0.212890625 0.65283203125 0.02734375 0.0205078125
0 0.43115234375 0.31591796875 0.4873046875 0.1806640625
0 0.3623046875 0.88427734375 0.5078125 0.1884765625
0 0.87109375 0.287109375 0.05859375 0.16015625
0 0.8173828125 0.78271484375 0.146484375 0.1669921875
0 0.10107421875 0.18896484375 0.0322265625 0.0341796875
0 0.04052734375 0.673828125 0.0498046875 0.052734375
0 0.0986328125 0.421875 0.08984375 0.037109375
0 0.52587890625 0.5908203125 0.0908203125 0.2890625
0 0.7666015625 0.0791015625 0.068359375 0.154296875
0 0.36767578125 0.67138671875 0.0966796875 0.0361328125
0 0.80859375 0.22802734375 0.052734375 0.0556640625
0 0.5244140625 0.0537109375 0.142578125 0.07421875
0 0.1552734375 0.5234375 0.072265625 0.064453125
0 0.1865234375 0.1728515625 0.109375 0.095703125
0 0.6689453125 0.8896484375 0.1015625 0.029296875
0 0.38232421875 0.0830078125 0.1318359375 0.134765625
0 0.6728515625 0.58984375 0.091796875 0.09375
0 0.2607421875 0.72119140625 0.115234375 0.1005859375
0 0.6162109375 0.1357421875 0.033203125 0.033203125
0 0.78662109375 0.88671875 0.0166015625 0.01171875
0 0.1162109375 0.65185546875 0.017578125 0.0146484375
0 0.44677734375 0.1875 0.2685546875 0.056640625
0 0.0283203125 0.953125 0.0390625 0.033203125
0 0.8173828125 0.6396484375 0.029296875 0.03125
0 0.7392578125 0.25537109375 0.0234375 0.0302734375
0 0.08935546875 0.314453125 0.0751953125 0.0859375
0 0.0380859375 0.15673828125 0.0546875 0.1318359375
0 0.0380859375 0.8251953125 0.021484375 0.021484375
0 0.06201171875 0.25390625 0.0263671875 0.033203125
0 0.95166015625 0.181640625 0.0771484375 0.333984375
0 0.02099609375 0.26611328125 0.0126953125 0.0107421875
0 0.59423828125 0.47216796875 0.0244140625 0.0283203125
0 0.7421875 0.63427734375 0.029296875 0.0283203125
0 0.28564453125 0.6064453125 0.0927734375 0.091796875
0 0.41650390625 0.54541015625 0.0224609375 0.0224609375
0 0.94482421875 0.76806640625 0.0341796875 0.0341796875
0 0.11279296875 0.08349609375 0.0419921875 0.0439453125
0 0.908203125 0.91015625 0.15234375 0.083984375
0 0.7880859375 0.34716796875 0.056640625 0.0419921875
0 0.69140625 0.0283203125 0.048828125 0.052734375
0 0.61572265625 0.7314453125 0.0693359375 0.0703125
0 0.70751953125 0.34814453125 0.0595703125 0.0791015625
0 0.86962890625 0.0419921875 0.0556640625 0.0546875
0 0.10400390625 0.744140625 0.1611328125 0.0546875