0 0.80712890625 0.57568359375 0.1982421875 0.1982421875
0 0.18798828125 0.85400390625 0.0361328125 0.0361328125
0 0.962890625 0.6416015625 0.07421875 0.169921875
0 0.4150390625 0.0888671875 0.09375 0.107421875
0 0.3583984375 0.37744140625 0.142578125 0.1630859375
0 0.61767578125 0.70703125 0.0712890625 0.0703125
0 0.3046875 0.05078125 0.0703125 0.068359375
0 0.49853515625 0.04833984375 0.0458984375 0.0478515625
0 0.7177734375 0.75732421875 0.0234375 0.0205078125
0 0.873046875 0.0810546875 0.173828125 0.15234375
0 0.5498046875 0.4091796875 0.025390625 0.025390625
0 0.82958984375 0.845703125 0.0869140625 0.279296875
0 0.1904296875 0.08740234375 0.041015625 0.0302734375
0 0.5146484375 0.28173828125 0.107421875 0.0380859375
0 0.44970703125 0.8330078125 0.0673828125 0.154296875
0 0.7490234375 0.36376953125 0.17578125 0.0947265625
0 0.1337890625 0.43310546875 0.029296875 0.0283203125
0 0.4287109375 0.6953125 0.080078125 0.072265625
0 0.642578125 0.24072265625 0.037109375 0.0400390625
0 0.11328125 0.20703125 0.021484375 0.021484375
0 0.53271484375 0.5439453125 0.0185546875 0.017578125
0 0.37646484375 0.5869140625 0.2900390625 0.08984375
0 0.25439453125 0.24560546875 0.0224609375 0.0263671875
0 0.2294921875 0.08203125 0.029296875 0.037109375
0 0.12548828125 0.30712890625 0.0634765625 0.0634765625
0 0.701171875 0.15869140625 0.0546875 0.0576171875
0 0.08447265625 0.77001953125 0.0185546875 0.0146484375
0 0.62548828125 0.9208984375 0.0615234375 0.08203125
0 0.48828125 0.10205078125 0.044921875 0.0380859375
0 0.12353515625 0.50048828125 0.0634765625 0.0673828125
0 0.888671875 0.2236328125 0.115234375 0.060546875
0 0.0322265625 0.37255859375 0.046875 0.0478515625
0 0.251953125 0.89794921875 0.048828125 0.1416015625
0 0.20947265625 0.23876953125 0.0654296875 0.2021484375
0 0.65283203125 0.04248046875 0.1005859375 0.0341796875
0 0.63134765625 0.302734375 0.0556640625 0.060546875
0 0.32373046875 0.23486328125 0.1123046875 0.1142578125
0 0.6806640625 0.5546875 0.02734375 0.01953125
0 0.62890625 0.8095703125 0.03515625 0.044921875
0 0.14892578125 0.07421875 0.0380859375 0.046875
0 0.14453125 0.8994140625 0.12109375 0.048828125
0 0.93310546875 0.7763671875 0.0810546875 0.08203125
0 0.0712890625 0.0908203125 0.08203125 0.072265625
0 0.32568359375 0.80810546875 0.0986328125 0.0302734375
0 0.1767578125 0.7734375 0.044921875 0.046875