0 0.66064453125 0.62353515625 0.2333984375 0.1259765625
0 0.08837890625 0.5107421875 0.0224609375 0.01953125
0 0.255859375 0.8564453125 0.083984375 0.04296875
0 0.34765625 0.58642578125 0.318359375 0.0986328125
0 0.5078125 0.2265625 0.564453125 0.298828125
0 0.08837890625 0.33203125 0.1513671875 0.171875
0 0.81787109375 0.6845703125 0.0751953125 0.21875
0 0.73291015625 0.02490234375 0.0341796875 0.0361328125
0 0.5654296875 0.4462890625 0.029296875 0.025390625
0 0.74267578125 0.9755859375 0.0849609375 0.03515625
0 0.8857421875 0.12060546875 0.07421875 0.2353515625
0 0.23681640625 0.74169921875 0.0244140625 0.0263671875
0 0.66259765625 0.83349609375 0.2255859375 0.2255859375
0 0.4716796875 0.85009765625 0.08203125 0.2548828125
0 0.32666015625 0.97021484375 0.0556640625 0.0498046875
0 0.7958984375 0.46533203125 0.048828125 0.0517578125
0 0.8447265625 0.85107421875 0.03125 0.0380859375
0 0.03662109375 0.5712890625 0.0380859375 0.037109375
0 0.08056640625 0.66259765625 0.0302734375 0.0302734375
0 0.8798828125 0.61328125 0.025390625 0.02734375
0 0.140625 0.95751953125 0.10546875 0.0322265625
0 0.9404296875 0.45849609375 0.08984375 0.2158203125
0 0.15478515625 0.51416015625 0.0224609375 0.0224609375
0 0.48828125 0.6630859375 0.025390625 0.0234375
0 0.1220703125 0.14697265625 0.095703125 0.0341796875
0 0.1259765625 0.44921875 0.2421875 0.046875
0 0.9267578125 0.91259765625 0.11328125 0.0986328125
0 0.31494140625 0.70166015625 0.0537109375 0.0400390625
0 0.037109375 0.9677734375 0.05078125 0.052734375
0 0.484375 0.46240234375 0.119140625 0.1220703125
0 0.1748046875 0.80712890625 0.037109375 0.0849609375
0 0.1171875 0.04296875 0.021484375 0.021484375
0 0.1455078125 0.88037109375 0.052734375 0.0517578125
0 0.84326171875 0.34619140625 0.0283203125 0.0341796875
0 0.32861328125 0.76318359375 0.0615234375 0.0615234375
0 0.30859375 0.4423828125 0.11328125 0.12890625
0 0.68701171875 0.45068359375 0.0771484375 0.0791015625
0 0.84716796875 0.41552734375 0.0458984375 0.0595703125
0 0.14794921875 0.20751953125 0.1396484375 0.0439453125
0 0.2353515625 0.96875 0.017578125 0.021484375
0 0.03564453125 0.5146484375 0.0283203125 0.021484375
0 0.13232421875 0.83544921875 0.0185546875 0.0126953125
0 0.94921875 0.2470703125 0.037109375 0.037109375
0 0.93408203125 0.66015625 0.0595703125 0.078125
0 0.2412109375 0.79638671875 0.05859375 0.0576171875
0 0.53271484375 0.84423828125 0.0283203125 0.0302734375