0 0.68701171875 0.86572265625 0.0205078125 0.0224609375
0 0.67578125 0.8994140625 0.107421875 0.037109375
0 0.6826171875 0.65576171875 0.33203125 0.1962890625
0 0.076171875 0.30712890625 0.033203125 0.0283203125
0 0.79296875 0.2890625 0.072265625 0.33984375
0 0.10205078125 0.375 0.0498046875 0.05078125
0 0.0751953125 0.5234375 0.04296875 0.044921875
0 0.51513671875 0.96728515625 0.0400390625 0.0400390625
0 0.212890625 0.30859375 0.111328125 0.041015625
0 0.58984375 0.3583984375 0.033203125 0.033203125
0 0.6162109375 0.30419921875 0.029296875 0.0263671875
0 0.6689453125 0.49560546875 0.04296875 0.0458984375
0 0.10107421875 0.57568359375 0.1142578125 0.0458984375
0 0.2333984375 0.7919921875 0.021484375 0.025390625
0 0.85986328125 0.9453125 0.0595703125 0.072265625
0 0.88623046875 0.1103515625 0.0322265625 0.03125
0 0.552734375 0.2080078125 0.0234375 0.029296875
0 0.91845703125 0.44384765625 0.1162109375 0.1318359375
0 0.23486328125 0.1201171875 0.1025390625 0.1171875
0 0.49365234375 0.85107421875 0.1318359375 0.1337890625
0 0.423828125 0.68359375 0.037109375 0.048828125
0 0.3369140625 0.46923828125 0.076171875 0.2080078125
0 0.06494140625 0.81396484375 0.0224609375 0.0185546875
0 0.392578125 0.181640625 0.19140625 0.103515625
0 0.603515625 0.48193359375 0.056640625 0.0615234375
0 0.25927734375 0.68212890625 0.1767578125 0.1767578125
0 0.326171875 0.845703125 0.02734375 0.02734375
0 0.30224609375 0.93798828125 0.0322265625 0.0341796875
0 0.91064453125 0.279296875 0.1337890625 0.068359375
0 0.3798828125 0.931640625 0.021484375 0.021484375
0 0.9208984375 0.7529296875 0.087890625 0.265625
0 0.9248046875 0.1279296875 0.02734375 0.01953125
0 0.71435546875 0.224609375 0.0771484375 0.0234375
0 0.54736328125 0.07861328125 0.0634765625 0.0830078125
0 0.9384765625 0.92578125 0.0390625 0.0390625
0 0.423828125 0.333984375 0.04296875 0.033203125
0 0.10595703125 0.94189453125 0.1240234375 0.1083984375
0 0.6455078125 0.1318359375 0.107421875 0.109375
0 0.04833984375 0.64794921875 0.0966796875 0.0849609375
0 0.16748046875 0.2412109375 0.0400390625 0.087890625
0 0.5 0.3427734375 0.044921875 0.046875
0 0.0380859375 0.1923828125 0.064453125 0.05859375
0 0.46240234375 0.4296875 0.0576171875 0.056640625
0 0.70654296875 0.35791015625 0.0654296875 0.1513671875
0 0.77880859375 0.89013671875 0.0361328125 0.0263671875