0 0.52880859375 0.93017578125 0.0361328125 0.0361328125
0 0.259765625 0.552734375 0.01953125 0.01953125
0 0.79541015625 0.65380859375 0.0146484375 0.0185546875
0 0.7216796875 0.39111328125 0.064453125 0.1396484375
0 0.1181640625 0.37109375 0.228515625 0.07421875
0 0.7216796875 0.22265625 0.177734375 0.177734375
0 0.0947265625 0.25927734375 0.18359375 0.0986328125
0 0.89990234375 0.3466796875 0.1142578125 0.341796875
0 0.7548828125 0.8095703125 0.046875 0.04296875
0 0.40576171875 0.50634765625 0.3251953125 0.0693359375
0 0.15966796875 0.0869140625 0.0380859375 0.033203125
0 0.50927734375 0.326171875 0.0712890625 0.0703125
0 0.49755859375 0.970703125 0.0205078125 0.0234375
0 0.89111328125 0.5576171875 0.0361328125 0.046875
0 0.125 0.6875 0.1484375 0.1484375
0 0.2138671875 0.9169921875 0.056640625 0.060546875
0 0.81005859375 0.3515625 0.0341796875 0.041015625
0 0.6044921875 0.89794921875 0.109375 0.0322265625
0 0.587890625 0.15771484375 0.037109375 0.0283203125
0 0.55859375 0.0390625 0.02734375 0.029296875
0 0.86865234375 0.85986328125 0.1181640625 0.1201171875
0 0.65185546875 0.341796875 0.0205078125 0.02734375
0 0.0654296875 0.95361328125 0.06640625 0.0673828125
0 0.57958984375 0.56005859375 0.0205078125 0.0185546875
0 0.15478515625 0.451171875 0.0712890625 0.037109375
0 0.4150390625 0.19775390625 0.08203125 0.1884765625
0 0.1796875 0.0263671875 0.0390625 0.041015625
0 0.07763671875 0.85205078125 0.0205078125 0.0146484375
0 0.53125 0.84912109375 0.123046875 0.0419921875
0 0.05078125 0.50341796875 0.0390625 0.1142578125
0 0.69287109375 0.05126953125 0.1201171875 0.0498046875
0 0.55419921875 0.71875 0.0361328125 0.0390625
0 0.3056640625 0.73583984375 0.1171875 0.3447265625
0 0.97119140625 0.0869140625 0.0341796875 0.029296875
0 0.86328125 0.67919921875 0.078125 0.0888671875
0 0.734375 0.69140625 0.0703125 0.072265625
0 0.7587890625 0.8857421875 0.05078125 0.0546875
0 0.94091796875 0.123046875 0.0947265625 0.03515625
0 0.66064453125 0.5654296875 0.1337890625 0.1171875
0 0.31640625 0.2421875 0.03515625 0.03515625
0 0.43408203125 0.728515625 0.0458984375 0.048828125
0 0.66748046875 0.4814453125 0.0517578125 0.0390625
0 0.337890625 0.18310546875 0.056640625 0.0556640625
0 0.3486328125 0.431640625 0.060546875 0.060546875
0 0.5556640625 0.42041015625 0.076171875 0.0751953125