0 0.95166015625 0.49072265625 0.0732421875 0.1669921875
0 0.5361328125 0.94287109375 0.0234375 0.0205078125
0 0.51806640625 0.79541015625 0.0361328125 0.0361328125
0 0.63134765625 0.798828125 0.0400390625 0.04296875
0 0.45703125 0.4375 0.10546875 0.107421875
0 0.29345703125 0.5703125 0.1396484375 0.65625
0 0.087890625 0.431640625 0.16796875 0.640625
0 0.71826171875 0.03466796875 0.0283203125 0.0341796875
0 0.8759765625 0.59228515625 0.064453125 0.0634765625
0 0.7080078125 0.3818359375 0.048828125 0.1171875
0 0.61181640625 0.64599609375 0.1513671875 0.1513671875
0 0.7861328125 0.39013671875 0.03515625 0.0361328125
0 0.74560546875 0.83349609375 0.0810546875 0.2451171875
0 0.79736328125 0.55419921875 0.0498046875 0.0517578125
0 0.7294921875 0.1826171875 0.046875 0.03515625
0 0.62451171875 0.06689453125 0.0380859375 0.0380859375
0 0.64453125 0.29736328125 0.09765625 0.0498046875
0 0.85888671875 0.125 0.1689453125 0.1484375
0 0.46826171875 0.2626953125 0.0302734375 0.037109375
0 0.44921875 0.78662109375 0.046875 0.0458984375
0 0.86572265625 0.74755859375 0.0830078125 0.2294921875
0 0.39453125 0.1005859375 0.08203125 0.029296875
0 0.4140625 0.93798828125 0.091796875 0.1044921875
0 0.1904296875 0.052734375 0.103515625 0.041015625
0 0.36328125 0.037109375 0.06640625 0.06640625
0 0.40869140625 0.83447265625 0.0224609375 0.0224609375
0 0.09716796875 0.83984375 0.1767578125 0.060546875
0 0.6865234375 0.8603515625 0.03515625 0.037109375
0 0.48974609375 0.189453125 0.0517578125 0.068359375
0 0.55810546875 0.19775390625 0.0224609375 0.0205078125
0 0.87109375 0.31640625 0.091796875 0.09375
0 0.54931640625 0.35400390625 0.0419921875 0.0439453125
0 0.48095703125 0.96337890625 0.0380859375 0.0302734375
0 0.4541015625 0.63525390625 0.119140625 0.1044921875
0 0.45556640625 0.72802734375 0.0244140625 0.0302734375
0 0.55224609375 0.14404296875 0.0244140625 0.0263671875
0 0.6533203125 0.8994140625 0.03125 0.033203125
0 0.86865234375 0.4541015625 0.0478515625 0.046875
0 0.72412109375 0.52685546875 0.0263671875 0.0341796875
0 0.27001953125 0.9892578125 0.0751953125 0.021484375
0 0.783203125 0.47216796875 0.05078125 0.0458984375
0 0.1103515625 0.96728515625 0.0234375 0.0205078125
0 0.14013671875 0.92236328125 0.2373046875 0.0458984375
0 0.4765625 0.8427734375 0.01953125 0.013671875