0 0.783203125 0.79541015625 0.0390625 0.0419921875
0 0.17236328125 0.66650390625 0.1650390625 0.5302734375
0 0.9384765625 0.892578125 0.05078125 0.06640625
0 0.44775390625 0.57958984375 0.0615234375 0.0224609375
0 0.587890625 0.29052734375 0.064453125 0.0654296875
0 0.9072265625 0.59765625 0.0390625 0.041015625
0 0.09033203125 0.21044921875 0.0966796875 0.2900390625
0 0.2412109375 0.18603515625 0.0703125 0.1923828125
0 0.46435546875 0.82080078125 0.2763671875 0.2763671875
0 0.404296875 0.267578125 0.0234375 0.02734375
0 0.9638671875 0.7880859375 0.033203125 0.041015625
0 0.92529296875 0.068359375 0.0380859375 0.048828125
0 0.38134765625 0.419921875 0.1630859375 0.185546875
0 0.4794921875 0.28271484375 0.076171875 0.0751953125
0 0.68701171875 0.1240234375 0.4345703125 0.16796875
0 0.7236328125 0.43505859375 0.4140625 0.1533203125
0 0.78125 0.6611328125 0.05859375 0.126953125
0 0.662109375 0.314453125 0.05078125 0.037109375
0 0.1884765625 0.08056640625 0.021484375 0.0166015625
0 0.658203125 0.2373046875 0.03515625 0.03515625
0 0.7568359375 0.92919921875 0.1171875 0.0400390625
0 0.04638671875 0.89697265625 0.0205078125 0.0146484375
0 0.84228515625 0.87451171875 0.0302734375 0.0322265625
0 0.6943359375 0.58642578125 0.0859375 0.0869140625
0 0.36083984375 0.07470703125 0.1572265625 0.0869140625
0 0.02099609375 0.52783203125 0.0322265625 0.0341796875
0 0.9609375 0.63427734375 0.048828125 0.0478515625
0 0.54052734375 0.56591796875 0.0419921875 0.0439453125
0 0.890625 0.73388671875 0.095703125 0.0400390625
0 0.6708984375 0.8134765625 0.078125 0.0703125
0 0.33251953125 0.6181640625 0.0830078125 0.072265625
0 0.3984375 0.5419921875 0.037109375 0.037109375
0 0.94287109375 0.14453125 0.0615234375 0.060546875
0 0.94482421875 0.0166015625 0.0283203125 0.029296875
0 0.74072265625 0.29150390625 0.0673828125 0.0693359375
0 0.0556640625 0.8291015625 0.021484375 0.021484375
0 0.21533203125 0.36767578125 0.0205078125 0.0185546875
0 0.03369140625 0.59326171875 0.0302734375 0.0263671875
0 0.85791015625 0.2578125 0.0732421875 0.021484375
0 0.63525390625 0.63427734375 0.0283203125 0.0361328125
0 0.92333984375 0.96826171875 0.0244140625 0.0244140625
0 0.396484375 0.2041015625 0.140625 0.072265625
0 0.92529296875 0.93896484375 0.0244140625 0.0205078125