0 0.42138671875 0.33154296875 0.7021484375 0.3642578125
0 0.5654296875 0.76708984375 0.650390625 0.3916015625
0 0.1875 0.650390625 0.099609375 0.228515625
0 0.0458984375 0.09130859375 0.05078125 0.0615234375
0 0.962890625 0.326171875 0.0234375 0.02734375
0 0.74365234375 0.07958984375 0.0478515625 0.0498046875
0 0.919921875 0.88818359375 0.03515625 0.0458984375
0 0.8134765625 0.2578125 0.0390625 0.041015625
0 0.8916015625 0.125 0.18359375 0.16015625
0 0.265625 0.09716796875 0.189453125 0.0595703125
0 0.904296875 0.45849609375 0.041015625 0.0537109375
0 0.0361328125 0.9345703125 0.0703125 0.052734375
0 0.607421875 0.54052734375 0.037109375 0.0322265625
0 0.18603515625 0.9501953125 0.0400390625 0.04296875
0 0.61767578125 0.0302734375 0.0439453125 0.04296875
0 0.05224609375 0.544921875 0.0986328125 0.05078125
0 0.880859375 0.38720703125 0.052734375 0.0478515625
0 0.974609375 0.7880859375 0.05078125 0.05078125
0 0.11962890625 0.8115234375 0.0400390625 0.091796875
0 0.92822265625 0.625 0.0576171875 0.0625
0 0.876953125 0.330078125 0.1171875 0.046875
0 0.537109375 0.09912109375 0.078125 0.0888671875
0 0.53515625 0.0478515625 0.013671875 0.01171875
0 0.296875 0.0224609375 0.099609375 0.037109375
0 0.689453125 0.05322265625 0.0234375 0.0185546875
0 0.96923828125 0.572265625 0.0263671875 0.033203125
0 0.02880859375 0.85595703125 0.0458984375 0.0458984375
0 0.82177734375 0.5126953125 0.0712890625 0.072265625
0 0.04541015625 0.67041015625 0.0693359375 0.0712890625
0 0.5400390625 0.53515625 0.03515625 0.03515625
0 0.02880859375 0.29345703125 0.0263671875 0.0263671875
0 0.04638671875 0.396484375 0.0458984375 0.126953125
0 0.62939453125 0.1201171875 0.0732421875 0.021484375
0 0.0517578125 0.287109375 0.013671875 0.009765625
0 0.04052734375 0.7734375 0.0673828125 0.06640625
0 0.7861328125 0.0849609375 0.0234375 0.025390625
0 0.9755859375 0.6943359375 0.046875 0.048828125
0 0.662109375 0.04638671875 0.0234375 0.0205078125