0 0.16796875 0.3828125 0.056640625 0.05859375
0 0.671875 0.49267578125 0.255859375 0.5732421875
0 0.142578125 0.849609375 0.279296875 0.279296875
0 0.3369140625 0.537109375 0.365234375 0.119140625
0 0.16455078125 0.634765625 0.0810546875 0.033203125
0 0.53759765625 0.14892578125 0.0927734375 0.0283203125
0 0.455078125 0.6328125 0.068359375 0.05078125
0 0.35205078125 0.08642578125 0.0927734375 0.1064453125
0 0.85107421875 0.67041015625 0.0732421875 0.2119140625
0 0.3642578125 0.947265625 0.09375 0.095703125
0 0.35693359375 0.2900390625 0.0498046875 0.048828125
0 0.67138671875 0.10791015625 0.0263671875 0.0185546875
0 0.42431640625 0.3798828125 0.0634765625 0.1875
0 0.8203125 0.134765625 0.041015625 0.037109375
0 0.5634765625 0.92578125 0.033203125 0.033203125
0 0.53662109375 0.06103515625 0.0849609375 0.0830078125
0 0.17431640625 0.2373046875 0.2470703125 0.052734375
0 0.90185546875 0.9130859375 0.0322265625 0.02734375
0 0.44189453125 0.083984375 0.0498046875 0.060546875
0 0.7421875 0.96630859375 0.064453125 0.0654296875
0 0.02685546875 0.31494140625 0.0185546875 0.0224609375
0 0.79931640625 0.97607421875 0.0361328125 0.0380859375
0 0.8837890625 0.142578125 0.0625 0.14453125
0 0.8994140625 0.3935546875 0.087890625 0.279296875
0 0.9326171875 0.2197265625 0.021484375 0.01953125
0 0.173828125 0.095703125 0.19140625 0.19140625
0 0.95556640625 0.79833984375 0.0224609375 0.0244140625
0 0.23681640625 0.41748046875 0.0419921875 0.0361328125
0 0.0673828125 0.59521484375 0.076171875 0.1728515625
0 0.478515625 0.93505859375 0.1328125 0.1162109375
0 0.3994140625 0.1640625 0.138671875 0.046875
0 0.80322265625 0.900390625 0.0888671875 0.033203125
0 0.95166015625 0.91015625 0.0576171875 0.060546875
0 0.44873046875 0.79833984375 0.1259765625 0.0654296875
0 0.3212890625 0.28076171875 0.01171875 0.0146484375
0 0.63623046875 0.1611328125 0.0654296875 0.0859375
0 0.837890625 0.8076171875 0.046875 0.048828125
0 0.958984375 0.0595703125 0.0703125 0.0703125
0 0.86376953125 0.95458984375 0.0458984375 0.0458984375
0 0.75048828125 0.8291015625 0.0419921875 0.041015625
0 0.48681640625 0.40185546875 0.0458984375 0.0458984375
0 0.822265625 0.03564453125 0.0390625 0.0302734375
0 0.93896484375 0.86376953125 0.0185546875 0.0185546875
0 0.09326171875 0.4541015625 0.0400390625 0.04296875
0 0.05859375 0.30419921875 0.037109375 0.0478515625
0 0.2861328125 0.6572265625 0.10546875 0.091796875