0 0.51953125 0.45263671875 0.23828125 0.8525390625
0 0.76953125 0.6845703125 0.1953125 0.041015625
0 0.88916015625 0.2783203125 0.1728515625 0.150390625
0 0.0576171875 0.90625 0.095703125 0.029296875
0 0.16015625 0.279296875 0.302734375 0.302734375
0 0.73583984375 0.412109375 0.0634765625 0.189453125
0 0.12353515625 0.64501953125 0.1240234375 0.0458984375
0 0.27734375 0.73779296875 0.025390625 0.0322265625
0 0.08544921875 0.80859375 0.0791015625 0.080078125
0 0.81591796875 0.904296875 0.1416015625 0.162109375
0 0.3671875 0.96728515625 0.0234375 0.0205078125
0 0.9072265625 0.05224609375 0.060546875 0.0654296875
0 0.08349609375 0.55224609375 0.0302734375 0.0263671875
0 0.17578125 0.548828125 0.05078125 0.0625
0 0.166015625 0.79736328125 0.072265625 0.0712890625
0 0.86962890625 0.517578125 0.1513671875 0.1328125
0 0.65087890625 0.97119140625 0.0595703125 0.0244140625
0 0.33984375 0.78271484375 0.087890625 0.2587890625
0 0.740234375 0.78662109375 0.091796875 0.0478515625
0 0.70361328125 0.16064453125 0.0693359375 0.1669921875
0 0.12255859375 0.4912109375 0.0439453125 0.04296875
0 0.494140625 0.93310546875 0.087890625 0.0869140625
0 0.35986328125 0.13623046875 0.0263671875 0.0283203125
0 0.93701171875 0.794921875 0.0986328125 0.318359375
0 0.767578125 0.02587890625 0.0234375 0.0166015625
0 0.1455078125 0.92919921875 0.064453125 0.1396484375
0 0.82666015625 0.7861328125 0.0302734375 0.0234375
0 0.02099609375 0.97998046875 0.0185546875 0.0185546875
0 0.5673828125 0.94873046875 0.01953125 0.0244140625
0 0.70556640625 0.02294921875 0.0341796875 0.0341796875
0 0.302734375 0.560546875 0.12109375 0.123046875
0 0.9296875 0.15625 0.05078125 0.05078125
0 0.2265625 0.70654296875 0.083984375 0.0263671875
0 0.353515625 0.234375 0.048828125 0.05078125
0 0.97607421875 0.0810546875 0.0146484375 0.017578125
0 0.35546875 0.04150390625 0.017578125 0.0146484375
0 0.060546875 0.08984375 0.0390625 0.041015625
0 0.060546875 0.736328125 0.05859375 0.04296875
0 0.6767578125 0.73828125 0.03125 0.03125
0 0.337890625 0.3056640625 0.037109375 0.0390625
0 0.732421875 0.6005859375 0.109375 0.111328125
0 0.25634765625 0.93798828125 0.0478515625 0.0634765625
0 0.81396484375 0.03857421875 0.0595703125 0.0537109375
0 0.70654296875 0.87060546875 0.0595703125 0.0634765625