0 0.47509765625 0.91064453125 0.0634765625 0.0263671875
0 0.4248046875 0.662109375 0.283203125 0.283203125
0 0.67919921875 0.41552734375 0.1279296875 0.5517578125
0 0.13623046875 0.48876953125 0.2724609375 0.9736328125
0 0.48583984375 0.3916015625 0.1201171875 0.064453125
0 0.3828125 0.29833984375 0.0234375 0.0244140625
0 0.8037109375 0.2177734375 0.029296875 0.037109375
0 0.40234375 0.4970703125 0.02734375 0.0234375
0 0.9365234375 0.4453125 0.068359375 0.1640625
0 0.59228515625 0.0693359375 0.3330078125 0.123046875
0 0.84326171875 0.74462890625 0.1298828125 0.3818359375
0 0.94287109375 0.7373046875 0.0517578125 0.068359375
0 0.62548828125 0.849609375 0.2763671875 0.05859375
0 0.32861328125 0.49951171875 0.0283203125 0.0302734375
0 0.6640625 0.74853515625 0.048828125 0.0439453125
0 0.583984375 0.310546875 0.03125 0.03125
0 0.37158203125 0.06689453125 0.0205078125 0.0244140625
0 0.5869140625 0.92919921875 0.072265625 0.0830078125
0 0.3359375 0.0439453125 0.04296875 0.044921875
0 0.35791015625 0.337890625 0.0693359375 0.025390625
0 0.5888671875 0.25390625 0.01953125 0.015625
0 0.7587890625 0.6376953125 0.021484375 0.021484375
0 0.509765625 0.2412109375 0.07421875 0.072265625
0 0.962890625 0.896484375 0.0390625 0.0390625
0 0.83447265625 0.435546875 0.0166015625 0.01171875
0 0.6865234375 0.97021484375 0.046875 0.0576171875
0 0.37744140625 0.90869140625 0.0537109375 0.1162109375
0 0.37646484375 0.234375 0.1142578125 0.0390625
0 0.84912109375 0.19287109375 0.0537109375 0.0576171875
0 0.5078125 0.1953125 0.017578125 0.015625
0 0.421875 0.44921875 0.029296875 0.0390625
0 0.85205078125 0.0595703125 0.0263671875 0.025390625
0 0.587890625 0.1865234375 0.0390625 0.0390625
0 0.35595703125 0.1171875 0.0712890625 0.0703125
0 0.34375 0.42138671875 0.099609375 0.0869140625
0 0.96728515625 0.2412109375 0.0576171875 0.04296875
0 0.80126953125 0.35205078125 0.0869140625 0.0263671875
0 0.8173828125 0.12841796875 0.06640625 0.0341796875
0 0.95068359375 0.0927734375 0.0302734375 0.025390625
0 0.48193359375 0.3173828125 0.0537109375 0.056640625
0 0.78076171875 0.41455078125 0.0634765625 0.0673828125
0 0.61328125 0.78369140625 0.037109375 0.0380859375