0 0.66162109375 0.68359375 0.0361328125 0.03125
0 0.947265625 0.73095703125 0.06640625 0.0673828125
0 0.34765625 0.43798828125 0.203125 0.1123046875
0 0.85595703125 0.283203125 0.0673828125 0.208984375
0 0.4111328125 0.71484375 0.359375 0.216796875
0 0.57470703125 0.08544921875 0.0322265625 0.0341796875
0 0.12841796875 0.5166015625 0.1396484375 0.65234375
0 0.69775390625 0.49609375 0.1318359375 0.115234375
0 0.8271484375 0.81201171875 0.06640625 0.0654296875
0 0.296875 0.572265625 0.021484375 0.021484375
0 0.95849609375 0.03857421875 0.0693359375 0.0693359375
0 0.6611328125 0.955078125 0.0234375 0.02734375
0 0.6328125 0.2607421875 0.158203125 0.158203125
0 0.212890625 0.1064453125 0.126953125 0.12890625
0 0.82275390625 0.96142578125 0.0322265625 0.0322265625
0 0.48583984375 0.96728515625 0.0888671875 0.0302734375
0 0.8408203125 0.65673828125 0.013671875 0.0126953125
0 0.44921875 0.15673828125 0.162109375 0.1416015625
0 0.95068359375 0.23388671875 0.0205078125 0.0205078125
0 0.30810546875 0.28125 0.0517578125 0.015625
0 0.93359375 0.162109375 0.03125 0.0390625
0 0.87841796875 0.62255859375 0.0947265625 0.0380859375
0 0.947265625 0.84375 0.083984375 0.076171875
0 0.53564453125 0.39501953125 0.0615234375 0.0751953125
0 0.37353515625 0.3427734375 0.0419921875 0.04296875
0 0.0263671875 0.044921875 0.044921875 0.048828125
0 0.16259765625 0.96728515625 0.0419921875 0.0439453125
0 0.7685546875 0.11962890625 0.09765625 0.2255859375
0 0.3798828125 0.57373046875 0.044921875 0.0576171875
0 0.5732421875 0.5068359375 0.0703125 0.052734375
0 0.140625 0.90283203125 0.125 0.0654296875
0 0.7490234375 0.7744140625 0.041015625 0.087890625
0 0.8623046875 0.92236328125 0.03515625 0.0263671875
0 0.69873046875 0.77490234375 0.0576171875 0.0751953125
0 0.43896484375 0.87939453125 0.0712890625 0.0810546875
0 0.71533203125 0.90869140625 0.2431640625 0.0478515625
0 0.32666015625 0.876953125 0.0576171875 0.056640625
0 0.259765625 0.0244140625 0.02734375 0.029296875
0 0.82275390625 0.478515625 0.0986328125 0.03515625
0 0.28271484375 0.25439453125 0.0322265625 0.0322265625
0 0.6650390625 0.064453125 0.107421875 0.123046875
0 0.06201171875 0.88134765625 0.0263671875 0.0224609375
0 0.56005859375 0.13525390625 0.0517578125 0.0537109375
0 0.22705078125 0.587890625 0.0302734375 0.021484375