0 0.4130859375 0.54541015625 0.12890625 0.0673828125
0 0.66748046875 0.58642578125 0.1533203125 0.1748046875
0 0.05078125 0.6767578125 0.068359375 0.2109375
0 0.2451171875 0.4716796875 0.111328125 0.353515625
0 0.916015625 0.47998046875 0.140625 0.6611328125
0 0.50439453125 0.18701171875 0.3193359375 0.1923828125
0 0.06640625 0.93896484375 0.02734375 0.0244140625
0 0.09033203125 0.23681640625 0.1806640625 0.1806640625
0 0.279296875 0.2080078125 0.025390625 0.025390625
0 0.16357421875 0.884765625 0.0322265625 0.025390625
0 0.31884765625 0.9365234375 0.0517578125 0.05078125
0 0.79833984375 0.4609375 0.0458984375 0.060546875
0 0.8115234375 0.3056640625 0.029296875 0.025390625
0 0.61083984375 0.8466796875 0.4208984375 0.08984375
0 0.7392578125 0.3193359375 0.0234375 0.0234375
0 0.5283203125 0.42236328125 0.060546875 0.0732421875
0 0.77490234375 0.1865234375 0.0673828125 0.154296875
0 0.43603515625 0.70703125 0.1416015625 0.14453125
0 0.7548828125 0.77490234375 0.10546875 0.0419921875
0 0.97509765625 0.0927734375 0.0361328125 0.033203125
0 0.064453125 0.8515625 0.044921875 0.044921875
0 0.4560546875 0.3603515625 0.046875 0.048828125
0 0.22314453125 0.69140625 0.0341796875 0.029296875
0 0.14501953125 0.9287109375 0.0224609375 0.029296875
0 0.26025390625 0.775390625 0.0771484375 0.076171875
0 0.26025390625 0.15283203125 0.1455078125 0.0498046875
0 0.4638671875 0.95751953125 0.021484375 0.0146484375
0 0.9248046875 0.90185546875 0.11328125 0.0986328125
0 0.03515625 0.97802734375 0.0703125 0.0205078125
0 0.22998046875 0.03271484375 0.0283203125 0.0302734375
0 0.81640625 0.97265625 0.0390625 0.041015625
0 0.0849609375 0.0869140625 0.072265625 0.07421875
0 0.66748046875 0.37646484375 0.0556640625 0.0576171875
0 0.61669921875 0.76220703125 0.0654296875 0.0478515625
0 0.361328125 0.81298828125 0.033203125 0.0400390625
0 0.6240234375 0.9345703125 0.05859375 0.056640625
0 0.208984375 0.904296875 0.037109375 0.0390625
0 0.09130859375 0.46923828125 0.1630859375 0.1630859375
0 0.14990234375 0.7880859375 0.1240234375 0.109375
0 0.74462890625 0.97119140625 0.0576171875 0.0576171875
0 0.36572265625 0.40673828125 0.0126953125 0.0146484375
0 0.83056640625 0.0712890625 0.1162109375 0.04296875
0 0.44482421875 0.4814453125 0.0537109375 0.05859375