0 0.0830078125 0.9697265625 0.03125 0.033203125
0 0.37939453125 0.0302734375 0.0400390625 0.041015625
0 0.63232421875 0.67724609375 0.0654296875 0.2021484375
0 0.94580078125 0.4052734375 0.1005859375 0.30078125
0 0.5283203125 0.876953125 0.037109375 0.037109375
0 0.19775390625 0.30615234375 0.1474609375 0.1474609375
0 0.482421875 0.5009765625 0.423828125 0.138671875
0 0.484375 0.2822265625 0.05859375 0.05859375
0 0.39453125 0.7841796875 0.099609375 0.1015625
0 0.796875 0.818359375 0.24609375 0.052734375
0 0.55419921875 0.728515625 0.0673828125 0.060546875
0 0.17724609375 0.91162109375 0.0302734375 0.0400390625
0 0.62744140625 0.15869140625 0.2099609375 0.1162109375
0 0.3076171875 0.88623046875 0.03515625 0.0458984375
0 0.482421875 0.20458984375 0.048828125 0.0478515625
0 0.91943359375 0.65478515625 0.0205078125 0.0185546875
0 0.55224609375 0.3798828125 0.0751953125 0.03125
0 0.8125 0.50830078125 0.154296875 0.5537109375
0 0.68212890625 0.31201171875 0.0537109375 0.0166015625
0 0.3212890625 0.27734375 0.08984375 0.078125
0 0.13037109375 0.509765625 0.1044921875 0.091796875
0 0.5400390625 0.08203125 0.017578125 0.021484375
0 0.85986328125 0.08935546875 0.1513671875 0.1728515625
0 0.6162109375 0.8818359375 0.041015625 0.09375
0 0.12890625 0.6474609375 0.140625 0.16015625
0 0.94384765625 0.8515625 0.0341796875 0.025390625
0 0.49072265625 0.966796875 0.0205078125 0.021484375
0 0.20166015625 0.7724609375 0.0478515625 0.046875
0 0.0869140625 0.435546875 0.025390625 0.0234375
0 0.13330078125 0.2138671875 0.0244140625 0.017578125
0 0.65478515625 0.93017578125 0.0302734375 0.0302734375
0 0.41015625 0.1484375 0.041015625 0.11328125
0 0.95751953125 0.98046875 0.0595703125 0.021484375
0 0.060546875 0.3671875 0.02734375 0.0234375
0 0.068359375 0.1650390625 0.091796875 0.09375
0 0.20068359375 0.0498046875 0.0126953125 0.015625
0 0.68994140625 0.26611328125 0.0517578125 0.0556640625
0 0.06396484375 0.23681640625 0.0419921875 0.0439453125
0 0.55859375 0.806640625 0.02734375 0.021484375
0 0.2431640625 0.08447265625 0.0546875 0.1318359375
0 0.25634765625 0.62158203125 0.0478515625 0.0576171875
0 0.8857421875 0.90869140625 0.083984375 0.0830078125
0 0.62841796875 0.30029296875 0.0419921875 0.0419921875
0 0.51025390625 0.638671875 0.0771484375 0.0390625
0 0.4482421875 0.9248046875 0.044921875 0.046875
0 0.109375 0.05810546875 0.158203125 0.0537109375
0 0.013671875 0.86767578125 0.02734375 0.0283203125