0 0.10546875 0.3740234375 0.0234375 0.02734375
0 0.2529296875 0.83935546875 0.03125 0.0263671875
0 0.38134765625 0.72900390625 0.1142578125 0.1162109375
0 0.8564453125 0.107421875 0.03515625 0.044921875
0 0.1123046875 0.3046875 0.048828125 0.048828125
0 0.51806640625 0.078125 0.0361328125 0.0390625
0 0.716796875 0.46533203125 0.23046875 0.8740234375
0 0.8994140625 0.6181640625 0.080078125 0.08203125
0 0.16259765625 0.5703125 0.0869140625 0.099609375
0 0.916015625 0.14794921875 0.029296875 0.0205078125
0 0.25390625 0.07861328125 0.140625 0.1435546875
0 0.0673828125 0.771484375 0.033203125 0.033203125
0 0.18798828125 0.77978515625 0.0673828125 0.2021484375
0 0.38720703125 0.53173828125 0.2373046875 0.2373046875
0 0.05908203125 0.58056640625 0.0322265625 0.0341796875
0 0.04541015625 0.625 0.0556640625 0.05078125
0 0.33642578125 0.28369140625 0.2275390625 0.2275390625
0 0.8955078125 0.8212890625 0.029296875 0.03125
0 0.5693359375 0.8916015625 0.041015625 0.041015625
0 0.88037109375 0.1611328125 0.0361328125 0.037109375
0 0.455078125 0.9345703125 0.078125 0.08984375
0 0.53173828125 0.33251953125 0.1376953125 0.1201171875
0 0.25146484375 0.9765625 0.0380859375 0.046875
0 0.89990234375 0.30126953125 0.1142578125 0.0361328125
0 0.017578125 0.54052734375 0.021484375 0.0224609375
0 0.974609375 0.75732421875 0.046875 0.0458984375
0 0.9443359375 0.109375 0.109375 0.0390625
0 0.8828125 0.52197265625 0.05078125 0.0673828125
0 0.974609375 0.5146484375 0.01953125 0.015625
0 0.55078125 0.46435546875 0.01953125 0.0166015625
0 0.11181640625 0.9423828125 0.1982421875 0.109375
0 0.4365234375 0.1337890625 0.046875 0.05078125
0 0.203125 0.64208984375 0.09765625 0.0302734375
0 0.1015625 0.07666015625 0.025390625 0.0224609375
0 0.1943359375 0.44873046875 0.044921875 0.0439453125
0 0.91015625 0.404296875 0.1328125 0.068359375
0 0.09912109375 0.1650390625 0.0478515625 0.046875
0 0.0439453125 0.046875 0.05078125 0.037109375
0 0.89990234375 0.93798828125 0.1142578125 0.1005859375
0 0.4306640625 0.86279296875 0.1953125 0.0380859375
0 0.0390625 0.326171875 0.025390625 0.03125
0 0.12158203125 0.50537109375 0.0283203125 0.0283203125
0 0.09130859375 0.2236328125 0.1259765625 0.052734375