0 0.1064453125 0.01123046875 0.056640625 0.0224609375
0 0.87060546875 0.81201171875 0.2470703125 0.2470703125
0 0.5126953125 0.60986328125 0.115234375 0.0361328125
0 0.38330078125 0.5517578125 0.0419921875 0.03515625
0 0.31884765625 0.115234375 0.1376953125 0.140625
0 0.59521484375 0.740234375 0.0888671875 0.087890625
0 0.43994140625 0.40673828125 0.6455078125 0.2392578125
0 0.63818359375 0.54296875 0.0185546875 0.015625
0 0.908203125 0.1640625 0.109375 0.328125
0 0.98681640625 0.25732421875 0.0205078125 0.0205078125
0 0.70849609375 0.65625 0.0341796875 0.03515625
0 0.791015625 0.26953125 0.072265625 0.021484375
0 0.1826171875 0.7724609375 0.05078125 0.052734375
0 0.77783203125 0.423828125 0.0126953125 0.01171875
0 0.05615234375 0.67626953125 0.0947265625 0.4443359375
0 0.71533203125 0.7900390625 0.0498046875 0.05078125
0 0.70556640625 0.8828125 0.0400390625 0.0390625
0 0.5869140625 0.978515625 0.02734375 0.033203125
0 0.6416015625 0.66259765625 0.017578125 0.0205078125
0 0.88525390625 0.3486328125 0.0361328125 0.03515625
0 0.837890625 0.50146484375 0.080078125 0.0810546875
0 0.38916015625 0.736328125 0.0771484375 0.23828125
0 0.9755859375 0.556640625 0.03515625 0.03515625
0 0.6875 0.232421875 0.076171875 0.068359375
0 0.72998046875 0.0576171875 0.0869140625 0.099609375
0 0.1318359375 0.150390625 0.0234375 0.025390625
0 0.330078125 0.2724609375 0.033203125 0.0234375
0 0.58984375 0.93603515625 0.03515625 0.0263671875
0 0.44775390625 0.1572265625 0.0556640625 0.1328125
0 0.3369140625 0.908203125 0.240234375 0.07421875
0 0.06689453125 0.0927734375 0.0439453125 0.046875
0 0.08837890625 0.2333984375 0.0869140625 0.076171875
0 0.16796875 0.0859375 0.15234375 0.083984375
0 0.2451171875 0.7900390625 0.072265625 0.025390625
0 0.01611328125 0.1923828125 0.0302734375 0.0390625
0 0.48193359375 0.7177734375 0.0244140625 0.03125
0 0.49072265625 0.2451171875 0.1962890625 0.041015625
0 0.888671875 0.4462890625 0.025390625 0.025390625
0 0.25146484375 0.974609375 0.0380859375 0.048828125
0 0.2763671875 0.654296875 0.072265625 0.19921875
0 0.59423828125 0.10498046875 0.0556640625 0.0556640625
0 0.50146484375 0.9013671875 0.0302734375 0.03125
0 0.75341796875 0.978515625 0.0830078125 0.04296875
0 0.1943359375 0.64697265625 0.0546875 0.1240234375
0 0.03076171875 0.97314453125 0.0302734375 0.0322265625
0 0.24462890625 0.82666015625 0.0595703125 0.0439453125
0 0.744140625 0.58349609375 0.08203125 0.0947265625