0 0.94970703125 0.82470703125 0.0361328125 0.0263671875
0 0.0849609375 0.2763671875 0.091796875 0.09375
0 0.50048828125 0.44189453125 0.5673828125 0.2197265625
0 0.556640625 0.7490234375 0.728515625 0.38671875
0 0.96875 0.26318359375 0.0546875 0.0712890625
0 0.71875 0.06005859375 0.07421875 0.0380859375
0 0.1337890625 0.818359375 0.11328125 0.333984375
0 0.15771484375 0.39990234375 0.0517578125 0.1181640625
0 0.04052734375 0.40625 0.0400390625 0.04296875
0 0.9580078125 0.90185546875 0.0390625 0.0419921875
0 0.47265625 0.158203125 0.47265625 0.154296875
0 0.95361328125 0.50048828125 0.0205078125 0.0185546875
0 0.8486328125 0.28515625 0.125 0.109375
0 0.09814453125 0.5546875 0.1298828125 0.1484375
0 0.3857421875 0.2685546875 0.056640625 0.056640625
0 0.83642578125 0.0361328125 0.0302734375 0.03125
0 0.6064453125 0.26416015625 0.109375 0.0439453125
0 0.87158203125 0.4189453125 0.0615234375 0.060546875
0 0.04150390625 0.14599609375 0.0673828125 0.0244140625
0 0.4912109375 0.03564453125 0.328125 0.0693359375
0 0.943359375 0.06787109375 0.0625 0.0751953125
0 0.166015625 0.1767578125 0.064453125 0.177734375
0 0.822265625 0.13671875 0.052734375 0.056640625
0 0.96044921875 0.66845703125 0.0498046875 0.0517578125
0 0.0830078125 0.068359375 0.041015625 0.041015625
0 0.95556640625 0.59912109375 0.0341796875 0.0341796875
0 0.20654296875 0.28759765625 0.0205078125 0.0244140625
0 0.47802734375 0.3037109375 0.0478515625 0.048828125
0 0.818359375 0.201171875 0.138671875 0.046875
0 0.01513671875 0.08544921875 0.0302734375 0.0380859375
0 0.82421875 0.974609375 0.03515625 0.03125
0 0.2578125 0.27294921875 0.0546875 0.0166015625
0 0.0517578125 0.95947265625 0.033203125 0.0263671875
0 0.3681640625 0.9609375 0.025390625 0.033203125
0 0.32275390625 0.2734375 0.0498046875 0.052734375
0 0.5498046875 0.984375 0.037109375 0.03125
0 0.95751953125 0.14453125 0.0654296875 0.06640625
0 0.17431640625 0.0439453125 0.0830078125 0.072265625
0 0.033203125 0.84033203125 0.056640625 0.0556640625
0 0.93701171875 0.43115234375 0.0595703125 0.0537109375
0 0.42578125 0.97802734375 0.025390625 0.0244140625
0 0.9052734375 0.9755859375 0.046875 0.046875
0 0.70654296875 0.02880859375 0.0205078125 0.0146484375