0 0.47607421875 0.46435546875 0.8447265625 0.3134765625
0 0.1357421875 0.76904296875 0.025390625 0.0224609375
0 0.55029296875 0.8759765625 0.2451171875 0.076171875
0 0.400390625 0.21923828125 0.0625 0.0615234375
0 0.0791015625 0.138671875 0.125 0.109375
0 0.27099609375 0.76611328125 0.0224609375 0.0244140625
0 0.80322265625 0.81884765625 0.1142578125 0.3369140625
0 0.73291015625 0.15966796875 0.0419921875 0.0419921875
0 0.5625 0.1611328125 0.17578125 0.17578125
0 0.3916015625 0.8046875 0.056640625 0.068359375
0 0.85693359375 0.19921875 0.1025390625 0.1171875
0 0.25244140625 0.9677734375 0.0537109375 0.052734375
0 0.6142578125 0.7041015625 0.107421875 0.04296875
0 0.24072265625 0.80029296875 0.1318359375 0.0419921875
0 0.10107421875 0.7392578125 0.0673828125 0.03515625
0 0.29833984375 0.1220703125 0.0595703125 0.0625
0 0.25927734375 0.63427734375 0.0224609375 0.0166015625
0 0.58349609375 0.8046875 0.0439453125 0.033203125
0 0.080078125 0.67626953125 0.05078125 0.0537109375
0 0.0693359375 0.9130859375 0.07421875 0.169921875
0 0.75830078125 0.22998046875 0.0478515625 0.0478515625
0 0.953125 0.44189453125 0.0703125 0.3310546875
0 0.93505859375 0.6875 0.1142578125 0.1171875
0 0.50341796875 0.70166015625 0.0439453125 0.1201171875
0 0.20068359375 0.6728515625 0.0634765625 0.068359375
0 0.3115234375 0.71484375 0.11328125 0.033203125
0 0.58251953125 0.28662109375 0.0283203125 0.0361328125
0 0.89013671875 0.03662109375 0.0205078125 0.0244140625
0 0.6640625 0.740234375 0.021484375 0.021484375
0 0.0322265625 0.7421875 0.025390625 0.021484375
0 0.24560546875 0.19189453125 0.0419921875 0.0439453125
0 0.64306640625 0.955078125 0.1455078125 0.078125
0 0.22216796875 0.87060546875 0.0205078125 0.0146484375
0 0.47607421875 0.97509765625 0.0283203125 0.0244140625
0 0.90087890625 0.087890625 0.0322265625 0.0390625
0 0.1484375 0.86669921875 0.072265625 0.0654296875
0 0.23046875 0.11962890625 0.0625 0.0830078125
0 0.9130859375 0.90185546875 0.083984375 0.0849609375
0 0.42041015625 0.12451171875 0.0224609375 0.0224609375
0 0.3857421875 0.03515625 0.052734375 0.052734375
0 0.009765625 0.3603515625 0.017578125 0.01953125
0 0.9697265625 0.1142578125 0.05859375 0.140625
0 0.17626953125 0.27880859375 0.0498046875 0.0478515625
0 0.240234375 0.02783203125 0.12890625 0.0458984375