0 0.6591796875 0.1474609375 0.03125 0.02734375
0 0.810546875 0.09619140625 0.166015625 0.1455078125
0 0.06982421875 0.7373046875 0.0791015625 0.181640625
0 0.3916015625 0.13037109375 0.044921875 0.1298828125
0 0.49169921875 0.8193359375 0.3857421875 0.119140625
0 0.1669921875 0.3046875 0.158203125 0.158203125
0 0.865234375 0.658203125 0.056640625 0.0234375
0 0.3505859375 0.3134765625 0.060546875 0.060546875
0 0.70751953125 0.4765625 0.0400390625 0.05078125
0 0.70703125 0.7392578125 0.0390625 0.0390625
0 0.94091796875 0.27294921875 0.0166015625 0.0146484375
0 0.87744140625 0.75732421875 0.0439453125 0.0576171875
0 0.763671875 0.90283203125 0.083984375 0.0732421875
0 0.1748046875 0.78955078125 0.10546875 0.3115234375
0 0.8984375 0.20361328125 0.03515625 0.0263671875
0 0.58837890625 0.62353515625 0.1865234375 0.1005859375
0 0.62841796875 0.04296875 0.0595703125 0.060546875
0 0.7470703125 0.484375 0.03515625 0.037109375
0 0.484375 0.279296875 0.099609375 0.46875
0 0.82470703125 0.34130859375 0.0361328125 0.0361328125
0 0.5966796875 0.38720703125 0.109375 0.3525390625
0 0.08544921875 0.49169921875 0.1259765625 0.1435546875
0 0.86572265625 0.80419921875 0.0634765625 0.0185546875
0 0.70947265625 0.53271484375 0.0380859375 0.0380859375
0 0.29345703125 0.720703125 0.0166015625 0.015625
0 0.34521484375 0.158203125 0.0361328125 0.037109375
0 0.83837890625 0.25927734375 0.0302734375 0.0322265625
0 0.443359375 0.72509765625 0.0390625 0.0419921875
0 0.94921875 0.80810546875 0.083984375 0.0283203125
0 0.80810546875 0.45947265625 0.0712890625 0.1552734375
0 0.1318359375 0.12548828125 0.14453125 0.1650390625
0 0.5869140625 0.171875 0.044921875 0.048828125
0 0.3310546875 0.546875 0.041015625 0.037109375
0 0.46337890625 0.9599609375 0.2705078125 0.052734375
0 0.8271484375 0.8916015625 0.037109375 0.044921875
0 0.31396484375 0.48583984375 0.1474609375 0.0771484375
0 0.61572265625 0.1240234375 0.0283203125 0.01953125
0 0.72412109375 0.67529296875 0.0263671875 0.0322265625
0 0.9365234375 0.8876953125 0.125 0.126953125
0 0.9453125 0.47998046875 0.068359375 0.2177734375
0 0.66650390625 0.2021484375 0.0283203125 0.029296875
0 0.025390625 0.177734375 0.05078125 0.05078125
0 0.97021484375 0.69140625 0.0419921875 0.041015625
0 0.849609375 0.94677734375 0.046875 0.0458984375
0 0.79541015625 0.8271484375 0.0361328125 0.02734375
0 0.68359375 0.03369140625 0.029296875 0.0361328125
0 0.30419921875 0.63818359375 0.1181640625 0.0419921875