0 0.45703125 0.97509765625 0.25390625 0.0498046875
0 0.37744140625 0.775390625 0.1416015625 0.14453125
0 0.58154296875 0.2255859375 0.0498046875 0.037109375
0 0.9443359375 0.4931640625 0.080078125 0.375
0 0.7255859375 0.52880859375 0.142578125 0.4873046875
0 0.27978515625 0.4755859375 0.0419921875 0.05078125
0 0.77978515625 0.9140625 0.0498046875 0.06640625
0 0.31982421875 0.16552734375 0.1142578125 0.1298828125
0 0.984375 0.6904296875 0.025390625 0.017578125
0 0.158203125 0.8857421875 0.03125 0.033203125
0 0.87548828125 0.88720703125 0.1044921875 0.0302734375
0 0.57666015625 0.76513671875 0.0673828125 0.1455078125
0 0.24267578125 0.38232421875 0.0791015625 0.0283203125
0 0.92431640625 0.2509765625 0.0693359375 0.068359375
0 0.58740234375 0.4794921875 0.1025390625 0.32421875
0 0.224609375 0.7724609375 0.025390625 0.02734375
0 0.11962890625 0.603515625 0.0673828125 0.1953125
0 0.22265625 0.17724609375 0.052734375 0.0576171875
0 0.27197265625 0.83056640625 0.0419921875 0.0419921875
0 0.09228515625 0.1552734375 0.0751953125 0.03125
0 0.8857421875 0.3056640625 0.015625 0.01953125
0 0.74365234375 0.109375 0.3232421875 0.119140625
0 0.44970703125 0.30908203125 0.1083984375 0.3193359375
0 0.19384765625 0.6328125 0.0654296875 0.06640625
0 0.693359375 0.19482421875 0.048828125 0.0478515625
0 0.181640625 0.23193359375 0.029296875 0.0302734375
0 0.0205078125 0.4873046875 0.0390625 0.0390625
0 0.05517578125 0.92529296875 0.0439453125 0.0576171875
0 0.25244140625 0.9208984375 0.1103515625 0.095703125
0 0.45458984375 0.92041015625 0.1650390625 0.0556640625
0 0.1357421875 0.8115234375 0.064453125 0.064453125
0 0.3564453125 0.60546875 0.03515625 0.037109375
0 0.7138671875 0.9560546875 0.03515625 0.03515625
0 0.43603515625 0.06005859375 0.1083984375 0.0947265625
0 0.859375 0.427734375 0.064453125 0.154296875
0 0.8291015625 0.638671875 0.05859375 0.052734375
0 0.0703125 0.279296875 0.13671875 0.0703125
0 0.33544921875 0.384765625 0.0205078125 0.015625
0 0.04833984375 0.78466796875 0.0341796875 0.0361328125
0 0.1630859375 0.06689453125 0.05859375 0.0576171875
0 0.48388671875 0.59033203125 0.0244140625 0.0205078125
0 0.07275390625 0.43359375 0.0283203125 0.025390625
0 0.837890625 0.765625 0.03515625 0.029296875
0 0.1552734375 0.376953125 0.09375 0.107421875
0 0.31982421875 0.89794921875 0.0205078125 0.0244140625