0 0.38037109375 0.31494140625 0.7353515625 0.3818359375
0 0.30517578125 0.57568359375 0.2138671875 0.0419921875
0 0.28759765625 0.86279296875 0.4501953125 0.1474609375
0 0.4873046875 0.59423828125 0.09765625 0.0283203125
0 0.1318359375 0.62646484375 0.0625 0.0615234375
0 0.92919921875 0.6220703125 0.0869140625 0.076171875
0 0.220703125 0.7080078125 0.064453125 0.0703125
0 0.66259765625 0.5498046875 0.0400390625 0.041015625
0 0.70361328125 0.6044921875 0.0810546875 0.041015625
0 0.69873046875 0.07177734375 0.0302734375 0.0302734375
0 0.8115234375 0.65380859375 0.103515625 0.3271484375
0 0.595703125 0.86083984375 0.056640625 0.0205078125
0 0.15966796875 0.9833984375 0.0166015625 0.01953125
0 0.63623046875 0.97412109375 0.0185546875 0.0166015625
0 0.82958984375 0.09619140625 0.1083984375 0.0439453125
0 0.68310546875 0.8994140625 0.0419921875 0.091796875
0 0.623046875 0.7275390625 0.12890625 0.11328125
0 0.064453125 0.06005859375 0.017578125 0.0126953125
0 0.25927734375 0.0517578125 0.0732421875 0.06640625
0 0.90283203125 0.85302734375 0.0732421875 0.0732421875
0 0.80322265625 0.1962890625 0.0263671875 0.02734375
0 0.119140625 0.1083984375 0.02734375 0.02734375
0 0.8984375 0.3115234375 0.103515625 0.10546875
0 0.92041015625 0.193359375 0.0478515625 0.05078125
0 0.79345703125 0.42919921875 0.0263671875 0.0224609375
0 0.4931640625 0.71337890625 0.02734375 0.0361328125
0 0.17626953125 0.044921875 0.0283203125 0.029296875
0 0.36669921875 0.00830078125 0.0185546875 0.0146484375
0 0.4404296875 0.04638671875 0.0390625 0.0478515625
0 0.044921875 0.6396484375 0.078125 0.1796875
0 0.9560546875 0.53955078125 0.0390625 0.0517578125
0 0.27392578125 0.52734375 0.0849609375 0.029296875
0 0.298828125 0.69775390625 0.0859375 0.0849609375
0 0.9560546875 0.94580078125 0.0390625 0.0419921875
0 0.90087890625 0.4814453125 0.0576171875 0.05859375
0 0.76416015625 0.90478515625 0.1142578125 0.1162109375
0 0.3740234375 0.09716796875 0.029296875 0.0361328125
0 0.48779296875 0.56201171875 0.0224609375 0.0224609375
0 0.8740234375 0.98193359375 0.025390625 0.0224609375
0 0.45263671875 0.55029296875 0.0380859375 0.0380859375
0 0.177734375 0.0927734375 0.046875 0.03515625