0 0.69677734375 0.89453125 0.0517578125 0.0625
0 0.97900390625 0.6865234375 0.0419921875 0.0546875
0 0.818359375 0.23583984375 0.158203125 0.1376953125
0 0.3818359375 0.4814453125 0.171875 0.615234375
0 0.41455078125 0.03955078125 0.0556640625 0.0595703125
0 0.10302734375 0.15576171875 0.1474609375 0.0771484375
0 0.59033203125 0.31005859375 0.1044921875 0.0419921875
0 0.68408203125 0.81982421875 0.0244140625 0.0205078125
0 0.58984375 0.7001953125 0.1484375 0.5078125
0 0.2626953125 0.1162109375 0.03125 0.03125
0 0.9599609375 0.22900390625 0.0625 0.1806640625
0 0.7900390625 0.4384765625 0.09375 0.107421875
0 0.103515625 0.8662109375 0.0703125 0.052734375
0 0.23779296875 0.1796875 0.0654296875 0.064453125
0 0.6416015625 0.10693359375 0.037109375 0.0361328125
0 0.0966796875 0.25244140625 0.037109375 0.0400390625
0 0.86083984375 0.02490234375 0.0439453125 0.0439453125
0 0.3720703125 0.13037109375 0.0390625 0.0517578125
0 0.75244140625 0.75341796875 0.1220703125 0.0380859375
0 0.07373046875 0.677734375 0.0537109375 0.0546875
0 0.58740234375 0.26318359375 0.0283203125 0.0341796875
0 0.7607421875 0.6171875 0.09375 0.216796875
0 0.861328125 0.87744140625 0.248046875 0.1337890625
0 0.24560546875 0.5625 0.0986328125 0.46484375
0 0.30615234375 0.83349609375 0.0419921875 0.0361328125
0 0.70947265625 0.3828125 0.0224609375 0.015625
0 0.9384765625 0.60205078125 0.01953125 0.0146484375
0 0.3291015625 0.0693359375 0.109375 0.033203125
0 0.13525390625 0.4404296875 0.0654296875 0.06640625
0 0.318359375 0.95849609375 0.3515625 0.0693359375
0 0.92333984375 0.52587890625 0.1123046875 0.1279296875
0 0.048828125 0.9130859375 0.015625 0.013671875
0 0.90185546875 0.70703125 0.0498046875 0.052734375
0 0.697265625 0.17236328125 0.03515625 0.0361328125
0 0.86962890625 0.404296875 0.0302734375 0.037109375
0 0.6396484375 0.3798828125 0.029296875 0.029296875
0 0.02880859375 0.8525390625 0.0498046875 0.048828125
0 0.53466796875 0.22802734375 0.0498046875 0.0537109375
0 0.43896484375 0.8779296875 0.0966796875 0.083984375
0 0.52001953125 0.3994140625 0.0634765625 0.0234375
0 0.1181640625 0.51220703125 0.064453125 0.0654296875
0 0.4140625 0.1220703125 0.041015625 0.09375
0 0.04931640625 0.23388671875 0.0400390625 0.0400390625
0 0.96630859375 0.37353515625 0.0634765625 0.0576171875
0 0.12890625 0.79443359375 0.037109375 0.0400390625