0 0.85107421875 0.56787109375 0.1669921875 0.1669921875
0 0.4423828125 0.2392578125 0.18359375 0.1015625
0 0.662109375 0.6552734375 0.056640625 0.05078125
0 0.08984375 0.3486328125 0.0546875 0.158203125
0 0.05419921875 0.240234375 0.0458984375 0.044921875
0 0.33544921875 0.6337890625 0.2451171875 0.5703125
0 0.10791015625 0.611328125 0.1435546875 0.1640625
0 0.50390625 0.60009765625 0.064453125 0.0634765625
0 0.654296875 0.32080078125 0.15625 0.5341796875
0 0.15185546875 0.02099609375 0.0400390625 0.0419921875
0 0.97509765625 0.1396484375 0.0322265625 0.033203125
0 0.67041015625 0.7451171875 0.2978515625 0.09765625
0 0.91650390625 0.37060546875 0.1259765625 0.1279296875
0 0.841796875 0.1982421875 0.033203125 0.025390625
0 0.8056640625 0.88623046875 0.11328125 0.0986328125
0 0.06298828125 0.08251953125 0.0927734375 0.0810546875
0 0.84033203125 0.236328125 0.0341796875 0.044921875
0 0.923828125 0.4658203125 0.025390625 0.025390625
0 0.23095703125 0.2119140625 0.0380859375 0.05078125
0 0.529296875 0.05078125 0.025390625 0.02734375
0 0.11572265625 0.4873046875 0.0751953125 0.076171875
0 0.0703125 0.7978515625 0.140625 0.16015625
0 0.96533203125 0.83642578125 0.0400390625 0.0400390625
0 0.34033203125 0.94287109375 0.0810546875 0.0322265625
0 0.904296875 0.77587890625 0.09765625 0.0283203125
0 0.376953125 0.048828125 0.16015625 0.0546875
0 0.30810546875 0.13037109375 0.1025390625 0.1044921875
0 0.6328125 0.916015625 0.05078125 0.0546875
0 0.8212890625 0.05615234375 0.142578125 0.0732421875
0 0.4990234375 0.84375 0.05078125 0.05078125
0 0.16357421875 0.9697265625 0.0126953125 0.015625
0 0.91259765625 0.873046875 0.0400390625 0.048828125
0 0.9130859375 0.67822265625 0.03515625 0.0302734375
0 0.5302734375 0.42138671875 0.080078125 0.1845703125
0 0.02099609375 0.60107421875 0.0224609375 0.0224609375
0 0.208984375 0.15625 0.02734375 0.02734375
0 0.873046875 0.2314453125 0.013671875 0.01171875
0 0.77392578125 0.1484375 0.0380859375 0.041015625
0 0.52001953125 0.9111328125 0.0146484375 0.009765625
0 0.57568359375 0.82275390625 0.0673828125 0.0498046875
0 0.921875 0.716796875 0.037109375 0.03125
0 0.89892578125 0.2021484375 0.0361328125 0.0390625
0 0.24560546875 0.970703125 0.0771484375 0.02734375
0 0.98095703125 0.69970703125 0.0322265625 0.0400390625