0 0.408203125 0.29150390625 0.095703125 0.2880859375
0 0.25146484375 0.693359375 0.0595703125 0.072265625
0 0.0478515625 0.5009765625 0.033203125 0.041015625
0 0.7734375 0.205078125 0.115234375 0.033203125
0 0.58740234375 0.86328125 0.1826171875 0.0625
0 0.68017578125 0.619140625 0.5693359375 0.220703125
0 0.0693359375 0.97412109375 0.021484375 0.0263671875
0 0.12744140625 0.55810546875 0.0380859375 0.0400390625
0 0.6826171875 0.3515625 0.40625 0.1328125
0 0.55419921875 0.2197265625 0.1103515625 0.11328125
0 0.12744140625 0.23876953125 0.0322265625 0.0322265625
0 0.71923828125 0.90869140625 0.0361328125 0.0361328125
0 0.55224609375 0.0537109375 0.2978515625 0.05859375
0 0.5439453125 0.13916015625 0.015625 0.0107421875
0 0.7705078125 0.04833984375 0.044921875 0.0380859375
0 0.2490234375 0.49755859375 0.03515625 0.0263671875
0 0.09423828125 0.37353515625 0.0830078125 0.0751953125
0 0.26513671875 0.22509765625 0.0361328125 0.0361328125
0 0.20166015625 0.22412109375 0.0888671875 0.4150390625
0 0.10400390625 0.2900390625 0.0263671875 0.025390625
0 0.1220703125 0.75390625 0.111328125 0.34375
0 0.81298828125 0.87158203125 0.0712890625 0.0712890625
0 0.94287109375 0.37353515625 0.0771484375 0.2236328125
0 0.28857421875 0.53515625 0.0810546875 0.029296875
0 0.923828125 0.92529296875 0.08984375 0.0361328125
0 0.9736328125 0.078125 0.02734375 0.029296875
0 0.90380859375 0.80859375 0.0732421875 0.072265625
0 0.828125 0.1044921875 0.0546875 0.130859375
0 0.33935546875 0.86279296875 0.0458984375 0.0478515625
0 0.63037109375 0.9521484375 0.0712890625 0.08203125
0 0.177734375 0.48876953125 0.08203125 0.0712890625
0 0.6962890625 0.1513671875 0.025390625 0.0234375
0 0.314453125 0.9638671875 0.0546875 0.041015625
0 0.0576171875 0.23095703125 0.07421875 0.0732421875
0 0.36376953125 0.47314453125 0.0615234375 0.0654296875
0 0.26123046875 0.85400390625 0.0576171875 0.1240234375
0 0.16455078125 0.966796875 0.0380859375 0.033203125
0 0.08203125 0.05517578125 0.0703125 0.0361328125
0 0.78857421875 0.76611328125 0.0478515625 0.0498046875
0 0.89013671875 0.87744140625 0.0400390625 0.0400390625
0 0.5654296875 0.94970703125 0.044921875 0.0595703125
0 0.24462890625 0.58740234375 0.0361328125 0.0458984375
0 0.64794921875 0.7685546875 0.1337890625 0.072265625
0 0.70166015625 0.84912109375 0.0322265625 0.0341796875
0 0.48583984375 0.78564453125 0.0810546875 0.0712890625