0 0.24072265625 0.94384765625 0.0322265625 0.0400390625
0 0.26513671875 0.77978515625 0.2294921875 0.2294921875
0 0.4228515625 0.1591796875 0.041015625 0.041015625
0 0.08251953125 0.7060546875 0.0595703125 0.0234375
0 0.47119140625 0.47705078125 0.4541015625 0.1767578125
0 0.87939453125 0.15087890625 0.0224609375 0.0263671875
0 0.61474609375 0.2802734375 0.0361328125 0.03515625
0 0.64306640625 0.8076171875 0.0888671875 0.033203125
0 0.13818359375 0.115234375 0.1513671875 0.083984375
0 0.4326171875 0.697265625 0.0390625 0.083984375
0 0.20166015625 0.2109375 0.0361328125 0.04296875
0 0.25390625 0.2109375 0.03515625 0.037109375
0 0.81201171875 0.1630859375 0.0419921875 0.0546875
0 0.08642578125 0.78271484375 0.0341796875 0.0341796875
0 0.90771484375 0.09423828125 0.0830078125 0.0244140625
0 0.52685546875 0.5966796875 0.0341796875 0.025390625
0 0.35302734375 0.10693359375 0.0205078125 0.0205078125
0 0.4462890625 0.31103515625 0.06640625 0.0595703125
0 0.87353515625 0.4228515625 0.1259765625 0.14453125
0 0.8251953125 0.6455078125 0.056640625 0.05859375
0 0.6318359375 0.103515625 0.095703125 0.083984375
0 0.73291015625 0.20458984375 0.0830078125 0.3583984375
0 0.26318359375 0.1103515625 0.0380859375 0.033203125
0 0.9267578125 0.69091796875 0.078125 0.2470703125
0 0.06103515625 0.50634765625 0.0537109375 0.0576171875
0 0.8759765625 0.3271484375 0.0234375 0.017578125
0 0.25634765625 0.619140625 0.0693359375 0.0703125
0 0.8515625 0.8046875 0.029296875 0.03125
0 0.1044921875 0.6005859375 0.123046875 0.0625
0 0.17578125 0.31640625 0.283203125 0.060546875
0 0.38916015625 0.3125 0.0224609375 0.01953125
0 0.20068359375 0.02783203125 0.0341796875 0.0361328125
0 0.5615234375 0.6875 0.140625 0.123046875
0 0.91455078125 0.228515625 0.0478515625 0.115234375
0 0.76708984375 0.61962890625 0.0166015625 0.0107421875
0 0.65576171875 0.86083984375 0.0595703125 0.0595703125
0 0.8671875 0.5810546875 0.03515625 0.037109375
0 0.45947265625 0.07666015625 0.1181640625 0.1201171875
0 0.50048828125 0.89892578125 0.1611328125 0.1845703125
0 0.72265625 0.9560546875 0.05078125 0.05078125
0 0.83447265625 0.966796875 0.0498046875 0.048828125
0 0.091796875 0.39990234375 0.09765625 0.0966796875
0 0.708984375 0.681640625 0.068359375 0.197265625
0 0.49658203125 0.22314453125 0.1689453125 0.0576171875
0 0.814453125 0.80029296875 0.041015625 0.0537109375
0 0.55859375 0.1630859375 0.03515625 0.029296875