0 0.57177734375 0.57080078125 0.0419921875 0.0439453125
0 0.14697265625 0.6259765625 0.2021484375 0.650390625
0 0.55859375 0.09521484375 0.0625 0.0185546875
0 0.78125 0.94384765625 0.0390625 0.0419921875
0 0.333984375 0.22412109375 0.078125 0.0771484375
0 0.64501953125 0.56884765625 0.0146484375 0.0185546875
0 0.9326171875 0.61474609375 0.029296875 0.0205078125
0 0.29443359375 0.28955078125 0.0205078125 0.0244140625
0 0.705078125 0.0966796875 0.203125 0.109375
0 0.4287109375 0.0625 0.013671875 0.01171875
0 0.11376953125 0.17138671875 0.0361328125 0.0361328125
0 0.47119140625 0.56787109375 0.0751953125 0.1708984375
0 0.7841796875 0.3994140625 0.126953125 0.380859375
0 0.47509765625 0.73046875 0.0380859375 0.037109375
0 0.3427734375 0.3193359375 0.046875 0.048828125
0 0.173828125 0.19384765625 0.033203125 0.0439453125
0 0.76123046875 0.73388671875 0.4560546875 0.1689453125
0 0.74267578125 0.615234375 0.0634765625 0.046875
0 0.31201171875 0.58984375 0.0888671875 0.3828125
0 0.8876953125 0.255859375 0.060546875 0.189453125
0 0.73876953125 0.8681640625 0.0517578125 0.052734375
0 0.4306640625 0.80712890625 0.072265625 0.0263671875
0 0.51611328125 0.203125 0.0361328125 0.03125
0 0.49609375 0.392578125 0.158203125 0.158203125
0 0.26318359375 0.18994140625 0.0517578125 0.0634765625
0 0.9677734375 0.50244140625 0.060546875 0.0595703125
0 0.90380859375 0.9091796875 0.1474609375 0.16796875
0 0.53076171875 0.90673828125 0.0830078125 0.0751953125
0 0.44873046875 0.14599609375 0.2275390625 0.0478515625
0 0.388671875 0.8984375 0.1171875 0.119140625
0 0.23974609375 0.11572265625 0.0830078125 0.0732421875
0 0.642578125 0.28076171875 0.1171875 0.0595703125
0 0.041015625 0.248046875 0.068359375 0.07421875
0 0.6767578125 0.4638671875 0.064453125 0.068359375
0 0.5263671875 0.0595703125 0.0390625 0.0390625
0 0.5859375 0.845703125 0.0390625 0.041015625
0 0.51416015625 0.990234375 0.0224609375 0.01953125
0 0.0849609375 0.08154296875 0.138671875 0.1416015625
0 0.4404296875 0.0341796875 0.03515625 0.03515625
0 0.39306640625 0.99072265625 0.0224609375 0.0166015625
0 0.56689453125 0.04833984375 0.0400390625 0.0517578125
0 0.86181640625 0.62060546875 0.1044921875 0.0419921875
0 0.92724609375 0.4384765625 0.1162109375 0.037109375
0 0.634765625 0.3544921875 0.05078125 0.05078125