0 0.783203125 0.49462890625 0.2578125 0.1396484375
0 0.72900390625 0.33740234375 0.0224609375 0.0205078125
0 0.6923828125 0.2275390625 0.029296875 0.03125
0 0.26611328125 0.28125 0.1201171875 0.123046875
0 0.02978515625 0.51708984375 0.0361328125 0.0361328125
0 0.15576171875 0.8505859375 0.0283203125 0.0234375
0 0.07373046875 0.06298828125 0.0517578125 0.0556640625
0 0.90625 0.92236328125 0.05078125 0.0498046875
0 0.24560546875 0.51611328125 0.2275390625 0.2275390625
0 0.86328125 0.77783203125 0.052734375 0.0537109375
0 0.46728515625 0.75146484375 0.5830078125 0.2255859375
0 0.388671875 0.20068359375 0.083984375 0.3642578125
0 0.0849609375 0.9287109375 0.103515625 0.10546875
0 0.06591796875 0.37890625 0.1162109375 0.060546875
0 0.95361328125 0.38330078125 0.0576171875 0.0693359375
0 0.1337890625 0.05517578125 0.05859375 0.0615234375
0 0.65625 0.07421875 0.431640625 0.091796875
0 0.52734375 0.47802734375 0.072265625 0.0537109375
0 0.58984375 0.322265625 0.12109375 0.044921875
0 0.521484375 0.916015625 0.0390625 0.05078125
0 0.15478515625 0.64599609375 0.0283203125 0.0283203125
0 0.40673828125 0.9794921875 0.0341796875 0.029296875
0 0.78173828125 0.970703125 0.0537109375 0.052734375
0 0.48974609375 0.21142578125 0.0576171875 0.1259765625
0 0.6728515625 0.009765625 0.01953125 0.013671875
0 0.77490234375 0.263671875 0.0458984375 0.126953125
0 0.21923828125 0.01904296875 0.0634765625 0.0263671875
0 0.8193359375 0.90283203125 0.021484375 0.0263671875
0 0.96044921875 0.4345703125 0.0205078125 0.021484375
0 0.3603515625 0.9208984375 0.03515625 0.03515625
0 0.16455078125 0.88720703125 0.0322265625 0.0322265625
0 0.0771484375 0.6162109375 0.10546875 0.12109375
0 0.10205078125 0.2099609375 0.1181640625 0.134765625
0 0.93798828125 0.11279296875 0.1220703125 0.1064453125
0 0.2001953125 0.1689453125 0.05859375 0.060546875
0 0.93798828125 0.208984375 0.0322265625 0.04296875
0 0.662109375 0.27099609375 0.103515625 0.0322265625
0 0.76513671875 0.37255859375 0.0322265625 0.0400390625
0 0.60791015625 0.43359375 0.0439453125 0.046875
0 0.4912109375 0.58935546875 0.052734375 0.0478515625
0 0.65283203125 0.95849609375 0.1689453125 0.0537109375
0 0.85595703125 0.27685546875 0.0771484375 0.1787109375
0 0.263671875 0.36474609375 0.041015625 0.0322265625
0 0.2724609375 0.140625 0.041015625 0.041015625