0 0.787109375 0.63818359375 0.072265625 0.0830078125
0 0.49658203125 0.38330078125 0.0419921875 0.0439453125
0 0.55419921875 0.22021484375 0.0224609375 0.0185546875
0 0.0458984375 0.7763671875 0.0390625 0.0390625
0 0.4091796875 0.59521484375 0.583984375 0.3095703125
0 0.36181640625 0.78564453125 0.0400390625 0.0361328125
0 0.7607421875 0.259765625 0.017578125 0.021484375
0 0.3662109375 0.28759765625 0.01953125 0.0166015625
0 0.78564453125 0.15087890625 0.0673828125 0.1611328125
0 0.9169921875 0.64453125 0.1328125 0.455078125
0 0.6982421875 0.81298828125 0.05078125 0.0537109375
0 0.6123046875 0.900390625 0.263671875 0.0859375
0 0.75048828125 0.57763671875 0.0830078125 0.0341796875
0 0.16455078125 0.15869140625 0.2861328125 0.2861328125
0 0.6787109375 0.30712890625 0.052734375 0.0517578125
0 0.78125 0.4921875 0.05078125 0.05078125
0 0.64990234375 0.05810546875 0.0400390625 0.0302734375
0 0.2109375 0.314453125 0.01953125 0.0234375
0 0.908203125 0.3720703125 0.083984375 0.0859375
0 0.595703125 0.35400390625 0.09765625 0.0849609375
0 0.2763671875 0.81005859375 0.1171875 0.0419921875
0 0.79296875 0.3486328125 0.052734375 0.146484375
0 0.37255859375 0.1953125 0.1240234375 0.142578125
0 0.80908203125 0.78369140625 0.0478515625 0.1083984375
0 0.89013671875 0.8984375 0.0380859375 0.041015625
0 0.71826171875 0.10009765625 0.0537109375 0.0654296875
0 0.916015625 0.1171875 0.04296875 0.04296875
0 0.1142578125 0.9130859375 0.0859375 0.029296875
0 0.3623046875 0.08837890625 0.05859375 0.0634765625
0 0.37646484375 0.8505859375 0.0283203125 0.01953125
0 0.03564453125 0.345703125 0.0322265625 0.04296875
0 0.177734375 0.4013671875 0.27734375 0.0546875
0 0.06982421875 0.60009765625 0.0791015625 0.0810546875
0 0.5751953125 0.80908203125 0.0625 0.0615234375
0 0.48583984375 0.1533203125 0.0830078125 0.08203125
0 0.953125 0.23193359375 0.05859375 0.1767578125
0 0.53271484375 0.271484375 0.0244140625 0.021484375
0 0.50146484375 0.3271484375 0.0712890625 0.052734375
0 0.08984375 0.7001953125 0.048828125 0.064453125
0 0.29833984375 0.9521484375 0.0732421875 0.037109375
0 0.826171875 0.4443359375 0.0234375 0.0234375
0 0.55712890625 0.05517578125 0.0322265625 0.0341796875
0 0.6943359375 0.35595703125 0.068359375 0.0205078125
0 0.82958984375 0.91357421875 0.0537109375 0.0556640625