0 0.59765625 0.6015625 0.025390625 0.025390625
0 0.60986328125 0.9697265625 0.0517578125 0.0546875
0 0.373046875 0.89208984375 0.013671875 0.0126953125
0 0.326171875 0.2841796875 0.056640625 0.134765625
0 0.2001953125 0.62890625 0.177734375 0.056640625
0 0.279296875 0.0673828125 0.05078125 0.060546875
0 0.2314453125 0.15576171875 0.029296875 0.0361328125
0 0.884765625 0.68310546875 0.05078125 0.0517578125
0 0.48291015625 0.60107421875 0.0205078125 0.0205078125
0 0.32177734375 0.77392578125 0.0888671875 0.0361328125
0 0.572265625 0.46630859375 0.359375 0.1396484375
0 0.93310546875 0.5205078125 0.0341796875 0.044921875
0 0.826171875 0.291015625 0.05859375 0.05859375
0 0.4765625 0.84521484375 0.03515625 0.0380859375
0 0.08935546875 0.33837890625 0.1103515625 0.5166015625
0 0.34716796875 0.44189453125 0.0595703125 0.0537109375
0 0.63525390625 0.79150390625 0.1181640625 0.0654296875
0 0.37939453125 0.6474609375 0.0693359375 0.150390625
0 0.060546875 0.89111328125 0.013671875 0.0166015625
0 0.25146484375 0.31689453125 0.0869140625 0.2392578125
0 0.57275390625 0.19677734375 0.0302734375 0.0263671875
0 0.85595703125 0.86279296875 0.2685546875 0.2685546875
0 0.345703125 0.92822265625 0.060546875 0.0458984375
0 0.52099609375 0.07080078125 0.0634765625 0.0654296875
0 0.689453125 0.58447265625 0.08203125 0.0302734375
0 0.3291015625 0.12109375 0.025390625 0.017578125
0 0.4599609375 0.302734375 0.154296875 0.17578125
0 0.923828125 0.26416015625 0.091796875 0.2744140625
0 0.16064453125 0.30224609375 0.0244140625 0.0185546875
0 0.7958984375 0.22802734375 0.05859375 0.0615234375
0 0.21240234375 0.51220703125 0.1142578125 0.1162109375
0 0.478515625 0.97021484375 0.111328125 0.0322265625
0 0.6376953125 0.6240234375 0.021484375 0.0234375
0 0.72802734375 0.06591796875 0.2626953125 0.0517578125
0 0.728515625 0.31005859375 0.083984375 0.0732421875
0 0.27294921875 0.90087890625 0.0400390625 0.0517578125
0 0.18115234375 0.865234375 0.1416015625 0.162109375
0 0.0859375 0.7783203125 0.044921875 0.046875
0 0.47509765625 0.93017578125 0.0302734375 0.0322265625
0 0.6064453125 0.38134765625 0.029296875 0.0244140625
0 0.927734375 0.103515625 0.033203125 0.033203125
0 0.49072265625 0.77392578125 0.1103515625 0.0966796875
0 0.71923828125 0.244140625 0.0283203125 0.02734375
0 0.31982421875 0.53125 0.0341796875 0.033203125
0 0.6796875 0.736328125 0.072265625 0.037109375
0 0.80712890625 0.4931640625 0.0947265625 0.09375