0 0.244140625 0.22607421875 0.037109375 0.0322265625
0 0.86572265625 0.06005859375 0.0244140625 0.0302734375
0 0.869140625 0.63232421875 0.03515625 0.0361328125
0 0.89111328125 0.34912109375 0.0595703125 0.0537109375
0 0.08203125 0.43798828125 0.078125 0.0771484375
0 0.32958984375 0.919921875 0.0302734375 0.037109375
0 0.419921875 0.2158203125 0.15234375 0.15234375
0 0.37939453125 0.34912109375 0.0400390625 0.0341796875
0 0.18701171875 0.068359375 0.3525390625 0.109375
0 0.64990234375 0.39208984375 0.0712890625 0.0810546875
0 0.6611328125 0.900390625 0.025390625 0.025390625
0 0.19482421875 0.42578125 0.0888671875 0.02734375
0 0.4853515625 0.638671875 0.138671875 0.12109375
0 0.8955078125 0.87841796875 0.037109375 0.0478515625
0 0.79150390625 0.7568359375 0.0595703125 0.078125
0 0.134765625 0.87890625 0.21875 0.21875
0 0.2265625 0.62646484375 0.37109375 0.2236328125
0 0.9384765625 0.490234375 0.12109375 0.138671875
0 0.46484375 0.451171875 0.021484375 0.025390625
0 0.9013671875 0.2109375 0.013671875 0.01171875
0 0.93212890625 0.2744140625 0.0322265625 0.025390625
0 0.7744140625 0.35498046875 0.146484375 0.4990234375
0 0.55859375 0.08935546875 0.19140625 0.0654296875
0 0.427734375 0.8515625 0.09375 0.095703125
0 0.59814453125 0.78271484375 0.2373046875 0.1318359375
0 0.5615234375 0.95751953125 0.052734375 0.0556640625
0 0.17724609375 0.17333984375 0.1181640625 0.0478515625
0 0.68505859375 0.974609375 0.0478515625 0.046875
0 0.560546875 0.326171875 0.087890625 0.2421875
0 0.9228515625 0.70263671875 0.041015625 0.0439453125
0 0.37890625 0.4072265625 0.146484375 0.076171875
0 0.86376953125 0.77783203125 0.0556640625 0.0556640625
0 0.05517578125 0.26416015625 0.0888671875 0.2041015625
0 0.85009765625 0.88916015625 0.0400390625 0.0419921875
0 0.88818359375 0.9521484375 0.0361328125 0.03515625
0 0.8359375 0.705078125 0.025390625 0.025390625
0 0.40185546875 0.0732421875 0.0302734375 0.03125
0 0.96484375 0.9765625 0.037109375 0.0390625
0 0.595703125 0.5927734375 0.025390625 0.017578125
0 0.1318359375 0.349609375 0.017578125 0.017578125
0 0.267578125 0.26708984375 0.041015625 0.0439453125
0 0.78076171875 0.89404296875 0.0400390625 0.0869140625
0 0.57421875 0.13720703125 0.0390625 0.0283203125
0 0.1533203125 0.2841796875 0.099609375 0.03515625
0 0.294921875 0.80859375 0.068359375 0.0703125