0 0.7861328125 0.36279296875 0.056640625 0.0556640625
0 0.40283203125 0.31689453125 0.2880859375 0.2880859375
0 0.701171875 0.94140625 0.068359375 0.025390625
0 0.5205078125 0.81787109375 0.1015625 0.1162109375
0 0.96533203125 0.35400390625 0.0244140625 0.0302734375
0 0.88720703125 0.369140625 0.1181640625 0.037109375
0 0.2060546875 0.2734375 0.076171875 0.0390625
0 0.3134765625 0.05517578125 0.01953125 0.0166015625
0 0.8193359375 0.76318359375 0.048828125 0.1123046875
0 0.75244140625 0.716796875 0.0302734375 0.0234375
0 0.6728515625 0.17626953125 0.166015625 0.1455078125
0 0.93408203125 0.88427734375 0.0576171875 0.0166015625
0 0.35400390625 0.833984375 0.1162109375 0.119140625
0 0.96435546875 0.68212890625 0.0458984375 0.0556640625
0 0.8876953125 0.80078125 0.03125 0.033203125
0 0.1767578125 0.1689453125 0.0390625 0.05078125
0 0.615234375 0.619140625 0.41015625 0.134765625
0 0.08837890625 0.9033203125 0.0361328125 0.03515625
0 0.93896484375 0.1630859375 0.0595703125 0.064453125
0 0.876953125 0.49169921875 0.076171875 0.0751953125
0 0.6240234375 0.4482421875 0.060546875 0.064453125
0 0.10595703125 0.18212890625 0.0283203125 0.0302734375
0 0.224609375 0.85302734375 0.056640625 0.0576171875
0 0.11572265625 0.3720703125 0.0595703125 0.12890625
0 0.10791015625 0.80908203125 0.1513671875 0.1513671875
0 0.35986328125 0.4921875 0.0302734375 0.03125
0 0.84521484375 0.1640625 0.1259765625 0.14453125
0 0.708984375 0.81103515625 0.025390625 0.0224609375
0 0.1806640625 0.68994140625 0.12109375 0.0498046875
0 0.70849609375 0.40185546875 0.0869140625 0.2685546875
0 0.1171875 0.103515625 0.021484375 0.021484375
0 0.1826171875 0.09375 0.10546875 0.091796875
0 0.31640625 0.6826171875 0.041015625 0.041015625
0 0.89990234375 0.57763671875 0.0693359375 0.0517578125
0 0.1572265625 0.53076171875 0.0625 0.0654296875
0 0.271484375 0.591796875 0.021484375 0.025390625
0 0.41064453125 0.07861328125 0.1357421875 0.1376953125
0 0.18115234375 0.60693359375 0.0791015625 0.0712890625
0 0.05126953125 0.66455078125 0.0576171875 0.0751953125
0 0.28466796875 0.93603515625 0.3173828125 0.0673828125
0 0.4990234375 0.1494140625 0.03125 0.03125
0 0.9775390625 0.2158203125 0.033203125 0.033203125
0 0.63037109375 0.05224609375 0.0302734375 0.0263671875
0 0.9013671875 0.6259765625 0.025390625 0.017578125
0 0.03515625 0.40576171875 0.0703125 0.1943359375