0 0.44677734375 0.83349609375 0.0810546875 0.2509765625
0 0.0654296875 0.8330078125 0.107421875 0.037109375
0 0.76416015625 0.60791015625 0.4462890625 0.0947265625
0 0.3818359375 0.16259765625 0.048828125 0.0595703125
0 0.724609375 0.8935546875 0.1953125 0.1953125
0 0.31982421875 0.775390625 0.1259765625 0.37890625
0 0.23046875 0.4052734375 0.052734375 0.015625
0 0.46337890625 0.40185546875 0.0302734375 0.0322265625
0 0.3017578125 0.35986328125 0.083984375 0.0732421875
0 0.57080078125 0.373046875 0.0634765625 0.296875
0 0.6708984375 0.083984375 0.359375 0.111328125
0 0.73583984375 0.68505859375 0.0966796875 0.0361328125
0 0.8251953125 0.39404296875 0.060546875 0.0595703125
0 0.9765625 0.2412109375 0.02734375 0.0234375
0 0.76904296875 0.2060546875 0.0673828125 0.03515625
0 0.9375 0.1455078125 0.060546875 0.140625
0 0.35205078125 0.228515625 0.0224609375 0.015625
0 0.27490234375 0.48046875 0.0478515625 0.03515625
0 0.40185546875 0.357421875 0.0517578125 0.150390625
0 0.35986328125 0.50927734375 0.0849609375 0.0771484375
0 0.1572265625 0.34228515625 0.04296875 0.0458984375
0 0.8076171875 0.29541015625 0.0546875 0.0537109375
0 0.037109375 0.1552734375 0.048828125 0.111328125
0 0.08251953125 0.5986328125 0.1298828125 0.1484375
0 0.240234375 0.2041015625 0.01953125 0.021484375
0 0.203125 0.85400390625 0.10546875 0.0927734375
0 0.8125 0.49462890625 0.041015625 0.0439453125
0 0.98046875 0.75830078125 0.0390625 0.0380859375
0 0.33349609375 0.279296875 0.0712890625 0.029296875
0 0.2236328125 0.08544921875 0.162109375 0.0869140625
0 0.1591796875 0.7177734375 0.052734375 0.0546875
0 0.083984375 0.69970703125 0.029296875 0.0224609375
0 0.89794921875 0.93505859375 0.0244140625 0.0224609375
0 0.361328125 0.02197265625 0.037109375 0.0322265625
0 0.6845703125 0.353515625 0.037109375 0.037109375
0 0.6650390625 0.46484375 0.06640625 0.06640625
0 0.07275390625 0.80322265625 0.0205078125 0.0205078125
0 0.4501953125 0.62646484375 0.091796875 0.0927734375
0 0.927734375 0.4716796875 0.119140625 0.12109375
0 0.134765625 0.16455078125 0.060546875 0.0615234375
0 0.74853515625 0.7470703125 0.0595703125 0.078125
0 0.048828125 0.40380859375 0.029296875 0.0361328125
0 0.095703125 0.36865234375 0.044921875 0.0576171875
0 0.20068359375 0.451171875 0.0283203125 0.033203125
0 0.46875 0.55859375 0.021484375 0.021484375
0 0.84375 0.705078125 0.052734375 0.056640625