0 0.1298828125 0.98046875 0.029296875 0.025390625
0 0.2421875 0.6875 0.162109375 0.162109375
0 0.18896484375 0.1748046875 0.0595703125 0.060546875
0 0.6025390625 0.54296875 0.0859375 0.29296875
0 0.525390625 0.2490234375 0.09765625 0.05078125
0 0.39404296875 0.22607421875 0.0263671875 0.0185546875
0 0.228515625 0.486328125 0.19921875 0.19921875
0 0.77001953125 0.068359375 0.0322265625 0.0390625
0 0.21484375 0.87841796875 0.064453125 0.0224609375
0 0.02490234375 0.0498046875 0.0283203125 0.021484375
0 0.36865234375 0.326171875 0.1904296875 0.060546875
0 0.90087890625 0.45849609375 0.0478515625 0.0478515625
0 0.76416015625 0.96728515625 0.0537109375 0.0654296875
0 0.85595703125 0.6162109375 0.0380859375 0.111328125
0 0.7333984375 0.248046875 0.19140625 0.10546875
0 0.9658203125 0.92578125 0.029296875 0.03125
0 0.1943359375 0.068359375 0.044921875 0.041015625
0 0.3203125 0.2265625 0.10546875 0.12109375
0 0.56103515625 0.1787109375 0.0576171875 0.076171875
0 0.8232421875 0.5078125 0.03125 0.03125
0 0.654296875 0.78759765625 0.08203125 0.0830078125
0 0.08349609375 0.33203125 0.0341796875 0.03515625
0 0.55615234375 0.8935546875 0.0439453125 0.046875
0 0.90673828125 0.71142578125 0.0419921875 0.0439453125
0 0.35498046875 0.9521484375 0.3095703125 0.095703125
0 0.04443359375 0.69970703125 0.0400390625 0.0419921875
0 0.41162109375 0.44091796875 0.1572265625 0.1376953125
0 0.40771484375 0.681640625 0.1162109375 0.341796875
0 0.7646484375 0.78857421875 0.056640625 0.1220703125
0 0.96337890625 0.35986328125 0.0693359375 0.2998046875
0 0.5244140625 0.447265625 0.0390625 0.033203125
0 0.93701171875 0.61865234375 0.0205078125 0.0205078125
0 0.62890625 0.9658203125 0.05078125 0.037109375
0 0.8662109375 0.27783203125 0.072265625 0.2294921875
0 0.26953125 0.859375 0.01953125 0.017578125
0 0.837890625 0.43798828125 0.015625 0.0185546875
0 0.96923828125 0.06494140625 0.0380859375 0.0380859375
0 0.89306640625 0.828125 0.1611328125 0.140625
0 0.076171875 0.19970703125 0.14453125 0.1650390625
0 0.88720703125 0.09619140625 0.1181640625 0.1201171875
0 0.25 0.03564453125 0.076171875 0.0224609375
0 0.86572265625 0.71875 0.0244140625 0.03125
0 0.52197265625 0.5830078125 0.0595703125 0.05859375
0 0.78759765625 0.662109375 0.0654296875 0.064453125
0 0.6875 0.56201171875 0.078125 0.1806640625
0 0.3427734375 0.0224609375 0.041015625 0.04296875
0 0.08984375 0.7421875 0.06640625 0.02734375
0 0.53076171875 0.697265625 0.0322265625 0.03125
0 0.58544921875 0.10009765625 0.3134765625 0.0615234375