0 0.31005859375 0.7314453125 0.0185546875 0.015625
0 0.384765625 0.80126953125 0.056640625 0.0595703125
0 0.86669921875 0.72607421875 0.0263671875 0.0185546875
0 0.400390625 0.41455078125 0.033203125 0.0361328125
0 0.5556640625 0.7578125 0.2734375 0.08984375
0 0.07275390625 0.5166015625 0.0224609375 0.017578125
0 0.7626953125 0.3623046875 0.0390625 0.033203125
0 0.48095703125 0.2646484375 0.0712890625 0.162109375
0 0.4287109375 0.912109375 0.048828125 0.052734375
0 0.87890625 0.8525390625 0.0546875 0.05859375
0 0.49072265625 0.0234375 0.0224609375 0.0234375
0 0.26611328125 0.60205078125 0.0380859375 0.0283203125
0 0.7705078125 0.78076171875 0.064453125 0.0634765625
0 0.63623046875 0.03515625 0.0263671875 0.03125
0 0.5654296875 0.2314453125 0.09375 0.44140625
0 0.87939453125 0.09521484375 0.1220703125 0.1240234375
0 0.75439453125 0.16943359375 0.0712890625 0.0712890625
0 0.9248046875 0.775390625 0.021484375 0.021484375
0 0.1171875 0.6533203125 0.138671875 0.12109375
0 0.56103515625 0.595703125 0.0791015625 0.181640625
0 0.720703125 0.462890625 0.1015625 0.041015625
0 0.94677734375 0.29248046875 0.0693359375 0.2041015625
0 0.228515625 0.8203125 0.08984375 0.046875
0 0.32080078125 0.26416015625 0.0771484375 0.2314453125
0 0.72900390625 0.2685546875 0.0478515625 0.046875
0 0.078125 0.03564453125 0.064453125 0.0576171875
0 0.318359375 0.087890625 0.390625 0.076171875
0 0.18017578125 0.462890625 0.0361328125 0.037109375
0 0.25244140625 0.48291015625 0.0791015625 0.0693359375
0 0.0927734375 0.15771484375 0.05078125 0.1416015625
0 0.8779296875 0.65869140625 0.021484375 0.0185546875
0 0.0859375 0.55615234375 0.033203125 0.0400390625
0 0.072265625 0.75 0.013671875 0.017578125
0 0.806640625 0.2880859375 0.05859375 0.076171875
0 0.74169921875 0.57763671875 0.1787109375 0.1787109375
0 0.111328125 0.91015625 0.1171875 0.119140625
0 0.693359375 0.85791015625 0.056640625 0.0595703125
0 0.07666015625 0.275390625 0.0751953125 0.0859375
0 0.91064453125 0.68408203125 0.0849609375 0.0263671875
0 0.06689453125 0.388671875 0.0576171875 0.056640625
0 0.7958984375 0.94189453125 0.162109375 0.0869140625
0 0.20263671875 0.25244140625 0.1513671875 0.1728515625
0 0.92138671875 0.17041015625 0.0185546875 0.0185546875
0 0.5771484375 0.92236328125 0.12890625 0.0458984375
0 0.0341796875 0.46337890625 0.04296875 0.0556640625
0 0.30029296875 0.9521484375 0.1103515625 0.03515625
0 0.2060546875 0.94921875 0.021484375 0.021484375