0 0.78515625 0.35107421875 0.044921875 0.0439453125
0 0.39892578125 0.5166015625 0.1826171875 0.587890625
0 0.63134765625 0.90283203125 0.0185546875 0.0185546875
0 0.83935546875 0.15185546875 0.0888671875 0.0908203125
0 0.1552734375 0.5107421875 0.177734375 0.634765625
0 0.40869140625 0.16455078125 0.1826171875 0.0576171875
0 0.7421875 0.51708984375 0.06640625 0.2099609375
0 0.453125 0.86279296875 0.076171875 0.0751953125
0 0.61279296875 0.54248046875 0.0361328125 0.0361328125
0 0.76025390625 0.77880859375 0.1806640625 0.1806640625
0 0.7158203125 0.080078125 0.05078125 0.037109375
0 0.58984375 0.12890625 0.05078125 0.052734375
0 0.97509765625 0.57763671875 0.0478515625 0.1376953125
0 0.4345703125 0.0537109375 0.025390625 0.01953125
0 0.94091796875 0.33349609375 0.0947265625 0.2177734375
0 0.58935546875 0.24853515625 0.0732421875 0.0751953125
0 0.62548828125 0.62646484375 0.1240234375 0.0517578125
0 0.8759765625 0.65966796875 0.052734375 0.0556640625
0 0.91357421875 0.546875 0.0224609375 0.02734375
0 0.78076171875 0.2763671875 0.0830078125 0.025390625
0 0.1787109375 0.0859375 0.11328125 0.099609375
0 0.2626953125 0.353515625 0.017578125 0.015625
0 0.84619140625 0.44091796875 0.0283203125 0.0244140625
0 0.58447265625 0.7333984375 0.0517578125 0.0546875
0 0.81689453125 0.49072265625 0.0595703125 0.0595703125
0 0.36376953125 0.02197265625 0.0283203125 0.0302734375
0 0.466796875 0.9638671875 0.0625 0.068359375
0 0.18701171875 0.91796875 0.3193359375 0.0625
0 0.57568359375 0.3779296875 0.0205078125 0.013671875
0 0.9248046875 0.86083984375 0.083984375 0.2607421875
0 0.61669921875 0.39599609375 0.0400390625 0.0517578125
0 0.5703125 0.6650390625 0.05859375 0.021484375
0 0.6884765625 0.21875 0.078125 0.0703125
0 0.55859375 0.46435546875 0.072265625 0.0830078125
0 0.65087890625 0.337890625 0.1005859375 0.05078125
0 0.724609375 0.93017578125 0.0390625 0.0849609375
0 0.80078125 0.98193359375 0.03515625 0.0302734375
0 0.673828125 0.40087890625 0.03515625 0.0458984375
0 0.0458984375 0.76953125 0.0234375 0.0234375
0 0.3095703125 0.052734375 0.05859375 0.0703125
0 0.68359375 0.89404296875 0.03515625 0.0341796875
0 0.9072265625 0.138671875 0.021484375 0.0234375
0 0.5234375 0.169921875 0.01953125 0.0234375