0 0.05810546875 0.3642578125 0.1064453125 0.033203125
0 0.037109375 0.5888671875 0.033203125 0.03515625
0 0.26123046875 0.2373046875 0.0654296875 0.064453125
0 0.5224609375 0.4404296875 0.078125 0.08984375
0 0.173828125 0.47802734375 0.083984375 0.0849609375
0 0.9443359375 0.2353515625 0.068359375 0.05078125
0 0.62060546875 0.82421875 0.0498046875 0.13671875
0 0.53369140625 0.650390625 0.0947265625 0.29296875
0 0.90673828125 0.5751953125 0.1025390625 0.08984375
0 0.8203125 0.21826171875 0.037109375 0.0439453125
0 0.103515625 0.7421875 0.125 0.044921875
0 0.72900390625 0.857421875 0.0400390625 0.03125
0 0.43408203125 0.79248046875 0.0615234375 0.0185546875
0 0.82421875 0.94287109375 0.029296875 0.0361328125
0 0.10009765625 0.47216796875 0.0380859375 0.0380859375
0 0.8662109375 0.8671875 0.052734375 0.05078125
0 0.4228515625 0.8154296875 0.017578125 0.01171875
0 0.02294921875 0.22412109375 0.0205078125 0.0244140625
0 0.0185546875 0.921875 0.03515625 0.037109375
0 0.74609375 0.97509765625 0.0390625 0.0341796875
0 0.279296875 0.146484375 0.06640625 0.02734375
0 0.23779296875 0.05859375 0.0498046875 0.05078125
0 0.76416015625 0.41943359375 0.1318359375 0.1162109375
0 0.78173828125 0.697265625 0.3212890625 0.0625
0 0.103515625 0.6259765625 0.048828125 0.1171875
0 0.3037109375 0.4599609375 0.04296875 0.0390625
0 0.798828125 0.11376953125 0.048828125 0.1064453125
0 0.60009765625 0.26123046875 0.0693359375 0.0693359375
0 0.7490234375 0.53955078125 0.037109375 0.0322265625
0 0.6884765625 0.08544921875 0.16796875 0.0908203125
0 0.35791015625 0.76025390625 0.0380859375 0.0380859375
0 0.49072265625 0.2705078125 0.1025390625 0.1171875
0 0.26171875 0.4482421875 0.0390625 0.0390625
0 0.14794921875 0.1875 0.1005859375 0.302734375
0 0.38232421875 0.61669921875 0.0439453125 0.0458984375
0 0.36572265625 0.0439453125 0.0361328125 0.03515625
0 0.29833984375 0.892578125 0.3525390625 0.130859375
0 0.384765625 0.154296875 0.078125 0.080078125
0 0.46630859375 0.07861328125 0.0537109375 0.0712890625
0 0.06640625 0.02001953125 0.029296875 0.0380859375
0 0.60986328125 0.33837890625 0.1298828125 0.0673828125
0 0.85205078125 0.78857421875 0.0595703125 0.0615234375
0 0.27490234375 0.6748046875 0.0322265625 0.03515625
0 0.92724609375 0.77197265625 0.0185546875 0.0166015625
0 0.76708984375 0.755859375 0.0478515625 0.05078125