0 0.65478515625 0.060546875 0.0439453125 0.056640625
0 0.396484375 0.0478515625 0.09375 0.095703125
0 0.49169921875 0.01220703125 0.0244140625 0.0205078125
0 0.7001953125 0.74072265625 0.50390625 0.2666015625
0 0.17236328125 0.52880859375 0.1162109375 0.3486328125
0 0.955078125 0.2109375 0.06640625 0.19140625
0 0.3203125 0.4951171875 0.154296875 0.154296875
0 0.02734375 0.14892578125 0.03515625 0.0419921875
0 0.037109375 0.318359375 0.01171875 0.013671875
0 0.31689453125 0.31103515625 0.0263671875 0.0263671875
0 0.4677734375 0.328125 0.09765625 0.224609375
0 0.28076171875 0.93408203125 0.0458984375 0.0478515625
0 0.97216796875 0.47021484375 0.0322265625 0.0322265625
0 0.42822265625 0.478515625 0.0478515625 0.048828125
0 0.2607421875 0.22900390625 0.2265625 0.1259765625
0 0.2353515625 0.05615234375 0.056640625 0.0556640625
0 0.0908203125 0.8642578125 0.119140625 0.13671875
0 0.6796875 0.16552734375 0.232421875 0.0498046875
0 0.806640625 0.48583984375 0.083984375 0.0244140625
0 0.38330078125 0.77783203125 0.1044921875 0.3369140625
0 0.35595703125 0.318359375 0.0322265625 0.03515625
0 0.0302734375 0.2216796875 0.0546875 0.041015625
0 0.89697265625 0.5654296875 0.0908203125 0.046875
0 0.0126953125 0.49560546875 0.01953125 0.0166015625
0 0.150390625 0.0390625 0.06640625 0.0703125
0 0.74951171875 0.34228515625 0.1240234375 0.1083984375
0 0.43115234375 0.12744140625 0.0380859375 0.0400390625
0 0.21337890625 0.82861328125 0.1005859375 0.0400390625
0 0.64208984375 0.4912109375 0.1259765625 0.12890625
0 0.44091796875 0.96484375 0.0205078125 0.015625
0 0.51220703125 0.5419921875 0.0654296875 0.064453125
0 0.53466796875 0.48779296875 0.0419921875 0.0380859375
0 0.587890625 0.28515625 0.115234375 0.1015625
0 0.48095703125 0.06103515625 0.0322265625 0.0341796875
0 0.65625 0.412109375 0.01953125 0.017578125
0 0.84423828125 0.26904296875 0.0283203125 0.0283203125
0 0.91064453125 0.072265625 0.0478515625 0.0625
0 0.03564453125 0.72412109375 0.0712890625 0.0810546875
0 0.15966796875 0.11181640625 0.0341796875 0.0341796875
0 0.53125 0.95068359375 0.029296875 0.0205078125
0 0.85205078125 0.14794921875 0.1025390625 0.0361328125
0 0.70458984375 0.046875 0.0361328125 0.0390625
0 0.0654296875 0.4921875 0.06640625 0.150390625
0 0.72509765625 0.21240234375 0.1142578125 0.0361328125
0 0.4267578125 0.51953125 0.025390625 0.03125
0 0.876953125 0.27783203125 0.033203125 0.0322265625