0 0.18408203125 0.85791015625 0.1689453125 0.1474609375
0 0.46044921875 0.28125 0.0751953125 0.23828125
0 0.05126953125 0.3603515625 0.0185546875 0.021484375
0 0.47119140625 0.85595703125 0.0322265625 0.0419921875
0 0.54833984375 0.45751953125 0.0224609375 0.0166015625
0 0.95166015625 0.2265625 0.0908203125 0.291015625
0 0.07080078125 0.41943359375 0.0380859375 0.0283203125
0 0.4375 0.12548828125 0.041015625 0.0361328125
0 0.732421875 0.84521484375 0.046875 0.1005859375
0 0.6083984375 0.7890625 0.08203125 0.083984375
0 0.23681640625 0.10205078125 0.0263671875 0.0263671875
0 0.8544921875 0.6904296875 0.06640625 0.02734375
0 0.634765625 0.22900390625 0.1796875 0.0615234375
0 0.6494140625 0.34375 0.01953125 0.01953125
0 0.1494140625 0.96240234375 0.015625 0.0146484375
0 0.40478515625 0.97119140625 0.0302734375 0.0302734375
0 0.369140625 0.48046875 0.15234375 0.15234375
0 0.30419921875 0.32861328125 0.0400390625 0.1103515625
0 0.83203125 0.50048828125 0.087890625 0.0458984375
0 0.1240234375 0.63330078125 0.142578125 0.1630859375
0 0.673828125 0.03125 0.025390625 0.01953125
0 0.45166015625 0.91357421875 0.0810546875 0.0302734375
0 0.8076171875 0.56494140625 0.07421875 0.0732421875
0 0.21337890625 0.3369140625 0.0908203125 0.216796875
0 0.8349609375 0.85400390625 0.05859375 0.0634765625
0 0.619140625 0.130859375 0.05078125 0.0546875
0 0.60400390625 0.94384765625 0.0576171875 0.0576171875
0 0.25537109375 0.57177734375 0.0478515625 0.0478515625
0 0.76904296875 0.21875 0.0341796875 0.033203125
0 0.033203125 0.47509765625 0.06640625 0.0673828125
0 0.46728515625 0.587890625 0.0341796875 0.029296875
0 0.37939453125 0.0908203125 0.0302734375 0.037109375
0 0.8427734375 0.310546875 0.04296875 0.056640625
0 0.052734375 0.89453125 0.083984375 0.076171875
0 0.15966796875 0.5244140625 0.0224609375 0.0234375
0 0.32861328125 0.65380859375 0.2646484375 0.0517578125
0 0.59912109375 0.7265625 0.0693359375 0.021484375
0 0.11962890625 0.2021484375 0.0712890625 0.306640625
0 0.72802734375 0.40283203125 0.1337890625 0.1162109375
0 0.734375 0.0625 0.09375 0.095703125
0 0.5048828125 0.7607421875 0.083984375 0.095703125
0 0.65185546875 0.57666015625 0.2177734375 0.2177734375
0 0.7451171875 0.73046875 0.05078125 0.052734375
0 0.7080078125 0.943359375 0.13671875 0.07421875
0 0.8837890625 0.4052734375 0.046875 0.048828125
0 0.41015625 0.79296875 0.029296875 0.03125
0 0.8896484375 0.9306640625 0.04296875 0.052734375