0 0.39697265625 0.48583984375 0.0595703125 0.1728515625
0 0.81689453125 0.05712890625 0.0439453125 0.0537109375
0 0.5478515625 0.693359375 0.115234375 0.041015625
0 0.771484375 0.77294921875 0.0703125 0.3310546875
0 0.66015625 0.89013671875 0.060546875 0.0595703125
0 0.67529296875 0.33349609375 0.0673828125 0.0498046875
0 0.8388671875 0.3505859375 0.064453125 0.068359375
0 0.884765625 0.8154296875 0.091796875 0.21875
0 0.18994140625 0.73046875 0.1201171875 0.064453125
0 0.95751953125 0.6806640625 0.0322265625 0.02734375
0 0.6611328125 0.6416015625 0.072265625 0.072265625
0 0.62744140625 0.5517578125 0.0205078125 0.015625
0 0.54296875 0.26220703125 0.03125 0.0263671875
0 0.142578125 0.35400390625 0.25390625 0.5908203125
0 0.34375 0.546875 0.02734375 0.02734375
0 0.4072265625 0.13037109375 0.173828125 0.1513671875
0 0.58642578125 0.51171875 0.1376953125 0.046875
0 0.7158203125 0.27001953125 0.037109375 0.0498046875
0 0.951171875 0.8671875 0.037109375 0.037109375
0 0.5556640625 0.12255859375 0.0859375 0.0751953125
0 0.44921875 0.60400390625 0.013671875 0.0166015625
0 0.45068359375 0.8828125 0.1337890625 0.13671875
0 0.5654296875 0.4482421875 0.029296875 0.029296875
0 0.67236328125 0.025390625 0.0205078125 0.013671875
0 0.2001953125 0.921875 0.349609375 0.12890625
0 0.7255859375 0.07177734375 0.01953125 0.0205078125
0 0.50634765625 0.37890625 0.1416015625 0.07421875
0 0.515625 0.59912109375 0.0390625 0.0419921875
0 0.4921875 0.27734375 0.048828125 0.05078125
0 0.80810546875 0.2138671875 0.2705078125 0.052734375
0 0.57470703125 0.86865234375 0.0673828125 0.1982421875
0 0.39404296875 0.763671875 0.0478515625 0.046875
0 0.75244140625 0.52001953125 0.0634765625 0.0576171875
0 0.931640625 0.34423828125 0.078125 0.0888671875
0 0.89208984375 0.5048828125 0.1298828125 0.1328125
0 0.3564453125 0.27001953125 0.03515625 0.0380859375
0 0.73291015625 0.3427734375 0.0283203125 0.03515625
0 0.7451171875 0.275390625 0.01953125 0.017578125
0 0.5146484375 0.74609375 0.103515625 0.04296875
0 0.55859375 0.21533203125 0.0625 0.0615234375
0 0.7822265625 0.01416015625 0.083984375 0.0244140625
0 0.7314453125 0.4521484375 0.029296875 0.03125
0 0.43896484375 0.98291015625 0.0205078125 0.0205078125
0 0.09423828125 0.70751953125 0.0283203125 0.0361328125
0 0.3701171875 0.650390625 0.056640625 0.12890625
0 0.91650390625 0.0546875 0.0751953125 0.0859375