0 0.32958984375 0.30615234375 0.1162109375 0.5458984375
0 0.72314453125 0.22314453125 0.0419921875 0.0419921875
0 0.55419921875 0.49853515625 0.2373046875 0.0458984375
0 0.568359375 0.1015625 0.0546875 0.06640625
0 0.2041015625 0.2626953125 0.03125 0.0390625
0 0.65771484375 0.091796875 0.0322265625 0.025390625
0 0.83251953125 0.19091796875 0.0302734375 0.0302734375
0 0.05419921875 0.22216796875 0.1005859375 0.3173828125
0 0.7861328125 0.60400390625 0.1171875 0.1337890625
0 0.3828125 0.67431640625 0.12890625 0.1318359375
0 0.12255859375 0.74853515625 0.0966796875 0.0849609375
0 0.193359375 0.1064453125 0.14453125 0.126953125
0 0.59326171875 0.34765625 0.0751953125 0.0234375
0 0.17431640625 0.8916015625 0.0205078125 0.02734375
0 0.525390625 0.70458984375 0.111328125 0.3447265625
0 0.8076171875 0.34423828125 0.29296875 0.0908203125
0 0.58740234375 0.02880859375 0.0556640625 0.0537109375
0 0.671875 0.873046875 0.021484375 0.01953125
0 0.20849609375 0.93310546875 0.0400390625 0.0400390625
0 0.578125 0.244140625 0.1328125 0.134765625
0 0.24072265625 0.54931640625 0.0380859375 0.0400390625
0 0.13623046875 0.56787109375 0.0634765625 0.0634765625
0 0.0234375 0.45361328125 0.046875 0.1376953125
0 0.13330078125 0.654296875 0.1787109375 0.056640625
0 0.796875 0.75 0.375 0.138671875
0 0.8857421875 0.55419921875 0.060546875 0.0654296875
0 0.0859375 0.85986328125 0.02734375 0.0283203125
0 0.91455078125 0.48486328125 0.1318359375 0.0673828125
0 0.1181640625 0.455078125 0.125 0.046875
0 0.86865234375 0.42529296875 0.0244140625 0.0205078125
0 0.38916015625 0.81689453125 0.0615234375 0.0556640625
0 0.9521484375 0.65625 0.03515625 0.025390625
0 0.26416015625 0.78955078125 0.0810546875 0.1748046875
0 0.44091796875 0.32568359375 0.0810546875 0.1943359375
0 0.169921875 0.36181640625 0.103515625 0.0419921875
0 0.44580078125 0.1298828125 0.0224609375 0.015625
0 0.90771484375 0.25146484375 0.0400390625 0.0400390625
0 0.87451171875 0.84814453125 0.0283203125 0.0283203125
0 0.09619140625 0.95947265625 0.0419921875 0.0439453125
0 0.95947265625 0.96826171875 0.0478515625 0.0634765625
0 0.125 0.91357421875 0.01953125 0.0224609375
0 0.07177734375 0.54541015625 0.0283203125 0.0244140625
0 0.50244140625 0.12109375 0.0205078125 0.021484375
0 0.41845703125 0.9345703125 0.0908203125 0.103515625
0 0.7451171875 0.09033203125 0.076171875 0.0771484375
0 0.41796875 0.5791015625 0.03515625 0.037109375