0 0.54052734375 0.119140625 0.5595703125 0.20703125
0 0.90380859375 0.751953125 0.0732421875 0.07421875
0 0.06787109375 0.6298828125 0.0400390625 0.03125
0 0.74609375 0.26171875 0.03515625 0.037109375
0 0.51171875 0.7470703125 0.041015625 0.041015625
0 0.509765625 0.48291015625 0.07421875 0.0732421875
0 0.18115234375 0.349609375 0.0693359375 0.21875
0 0.6083984375 0.3779296875 0.033203125 0.04296875
0 0.1015625 0.97119140625 0.037109375 0.0322265625
0 0.34228515625 0.470703125 0.2294921875 0.126953125
0 0.90234375 0.49365234375 0.056640625 0.0556640625
0 0.06640625 0.37744140625 0.021484375 0.0263671875
0 0.58740234375 0.84130859375 0.4697265625 0.1455078125
0 0.78466796875 0.3251953125 0.0185546875 0.017578125
0 0.25927734375 0.7158203125 0.2412109375 0.05078125
0 0.16162109375 0.15869140625 0.1884765625 0.0595703125
0 0.525390625 0.30126953125 0.125 0.1279296875
0 0.04052734375 0.541015625 0.0712890625 0.037109375
0 0.96728515625 0.9248046875 0.0498046875 0.060546875
0 0.974609375 0.19287109375 0.041015625 0.0400390625
0 0.8203125 0.689453125 0.09375 0.0390625
0 0.66064453125 0.630859375 0.0673828125 0.068359375
0 0.25390625 0.88720703125 0.095703125 0.2197265625
0 0.53466796875 0.61572265625 0.1474609375 0.1474609375
0 0.91455078125 0.90234375 0.0380859375 0.033203125
0 0.09814453125 0.095703125 0.0556640625 0.05859375
0 0.06298828125 0.876953125 0.1005859375 0.03125
0 0.04052734375 0.240234375 0.0654296875 0.0234375
0 0.5654296875 0.47607421875 0.029296875 0.0361328125
0 0.24462890625 0.6376953125 0.0146484375 0.009765625
0 0.16748046875 0.61083984375 0.1181640625 0.1337890625
0 0.60498046875 0.42919921875 0.0556640625 0.0498046875
0 0.42236328125 0.6455078125 0.0322265625 0.04296875
0 0.67041015625 0.72412109375 0.0908203125 0.0791015625
0 0.892578125 0.83984375 0.064453125 0.0703125
0 0.8515625 0.34375 0.03125 0.033203125
0 0.02734375 0.71142578125 0.048828125 0.1123046875
0 0.4736328125 0.94189453125 0.03515625 0.0263671875
0 0.66064453125 0.35498046875 0.0498046875 0.1376953125
0 0.7509765625 0.326171875 0.02734375 0.02734375
0 0.82275390625 0.267578125 0.0810546875 0.0703125
0 0.79052734375 0.5546875 0.0849609375 0.09765625
0 0.953125 0.42431640625 0.052734375 0.0556640625
0 0.9755859375 0.2421875 0.046875 0.046875
0 0.87451171875 0.0546875 0.0380859375 0.0390625
0 0.86083984375 0.97998046875 0.0400390625 0.0400390625