0 0.19482421875 0.35400390625 0.0380859375 0.0380859375
0 0.3017578125 0.75341796875 0.3125 0.1845703125
0 0.77783203125 0.08349609375 0.0244140625 0.0224609375
0 0.0703125 0.09716796875 0.072265625 0.0537109375
0 0.638671875 0.7802734375 0.125 0.04296875
0 0.923828125 0.2119140625 0.0234375 0.0234375
0 0.9521484375 0.68505859375 0.076171875 0.0869140625
0 0.52685546875 0.25 0.0556640625 0.05859375
0 0.759765625 0.22265625 0.060546875 0.0625
0 0.42724609375 0.1484375 0.1181640625 0.103515625
0 0.580078125 0.5009765625 0.701171875 0.271484375
0 0.7431640625 0.1357421875 0.072265625 0.037109375
0 0.14404296875 0.494140625 0.0478515625 0.046875
0 0.7861328125 0.75048828125 0.048828125 0.0634765625
0 0.625 0.95458984375 0.05078125 0.0537109375
0 0.56396484375 0.10400390625 0.1533203125 0.1748046875
0 0.3662109375 0.29931640625 0.10546875 0.0302734375
0 0.7275390625 0.912109375 0.11328125 0.115234375
0 0.0634765625 0.30810546875 0.052734375 0.0478515625
0 0.27734375 0.9541015625 0.4296875 0.091796875
0 0.09814453125 0.3974609375 0.0498046875 0.048828125
0 0.92626953125 0.31591796875 0.0615234375 0.0751953125
0 0.72021484375 0.82421875 0.0673828125 0.025390625
0 0.24609375 0.111328125 0.048828125 0.052734375
0 0.05029296875 0.73095703125 0.0888671875 0.2744140625
0 0.0341796875 0.15087890625 0.03125 0.0244140625
0 0.8310546875 0.1826171875 0.06640625 0.15234375
0 0.1845703125 0.25830078125 0.099609375 0.0869140625
0 0.48779296875 0.671875 0.0283203125 0.029296875
0 0.94580078125 0.06103515625 0.0439453125 0.0439453125
0 0.595703125 0.23291015625 0.0234375 0.0283203125
0 0.83154296875 0.31396484375 0.0888671875 0.0361328125
0 0.59814453125 0.89599609375 0.0341796875 0.0341796875
0 0.923828125 0.8671875 0.107421875 0.109375
0 0.7490234375 0.072265625 0.03125 0.03125
0 0.59375 0.29736328125 0.037109375 0.0478515625
0 0.35400390625 0.06982421875 0.0380859375 0.0400390625
0 0.97119140625 0.5595703125 0.0537109375 0.12890625
0 0.64697265625 0.6923828125 0.0283203125 0.01953125
0 0.466796875 0.87353515625 0.048828125 0.0419921875
0 0.1630859375 0.19775390625 0.021484375 0.0185546875
0 0.6474609375 0.2578125 0.033203125 0.041015625
0 0.52490234375 0.7958984375 0.0400390625 0.0390625