0 0.20068359375 0.10986328125 0.0380859375 0.0380859375
0 0.22119140625 0.26611328125 0.0400390625 0.0400390625
0 0.55712890625 0.17041015625 0.5830078125 0.3095703125
0 0.53515625 0.8505859375 0.09375 0.224609375
0 0.390625 0.89208984375 0.130859375 0.1337890625
0 0.3095703125 0.533203125 0.171875 0.150390625
0 0.044921875 0.345703125 0.0859375 0.083984375
0 0.064453125 0.5341796875 0.048828125 0.05078125
0 0.1943359375 0.783203125 0.03125 0.02734375
0 0.87890625 0.5751953125 0.12890625 0.4140625
0 0.1162109375 0.638671875 0.02734375 0.025390625
0 0.4560546875 0.5859375 0.03125 0.0390625
0 0.1533203125 0.85302734375 0.0625 0.0185546875
0 0.64697265625 0.97900390625 0.0244140625 0.0263671875
0 0.28515625 0.38916015625 0.03515625 0.0263671875
0 0.2783203125 0.84912109375 0.033203125 0.0322265625
0 0.66455078125 0.56005859375 0.2744140625 0.2744140625
0 0.17431640625 0.38916015625 0.1435546875 0.0791015625
0 0.31884765625 0.72705078125 0.0634765625 0.0830078125
0 0.42822265625 0.765625 0.0751953125 0.0859375
0 0.0546875 0.6044921875 0.08203125 0.07421875
0 0.22412109375 0.68505859375 0.1142578125 0.0419921875
0 0.9609375 0.02001953125 0.037109375 0.0400390625
0 0.96484375 0.87158203125 0.04296875 0.1259765625
0 0.904296875 0.3056640625 0.03515625 0.03515625
0 0.83251953125 0.92578125 0.0439453125 0.056640625
0 0.08154296875 0.10302734375 0.1611328125 0.1416015625
0 0.90234375 0.96533203125 0.05078125 0.0615234375
0 0.6240234375 0.87451171875 0.017578125 0.0205078125
0 0.4267578125 0.38818359375 0.115234375 0.1181640625
0 0.138671875 0.49560546875 0.046875 0.0478515625
0 0.73974609375 0.826171875 0.0712890625 0.154296875
0 0.95068359375 0.96923828125 0.0185546875 0.0146484375
0 0.265625 0.626953125 0.02734375 0.02734375
0 0.9296875 0.80126953125 0.017578125 0.0126953125
0 0.912109375 0.1923828125 0.03125 0.02734375
0 0.076171875 0.77734375 0.13671875 0.0703125
0 0.21435546875 0.05224609375 0.0673828125 0.0712890625
0 0.4091796875 0.6728515625 0.041015625 0.04296875
0 0.24951171875 0.96044921875 0.1083984375 0.0439453125
0 0.7109375 0.3779296875 0.18359375 0.05859375
0 0.1064453125 0.21142578125 0.0625 0.0673828125
0 0.041015625 0.47509765625 0.037109375 0.0361328125