0 0.43603515625 0.25537109375 0.0732421875 0.2021484375
0 0.87744140625 0.77099609375 0.0458984375 0.0458984375
0 0.7578125 0.12890625 0.302734375 0.09375
0 0.11474609375 0.1826171875 0.0458984375 0.05859375
0 0.6826171875 0.47021484375 0.05859375 0.0634765625
0 0.64599609375 0.80712890625 0.1376953125 0.1572265625
0 0.2509765625 0.2822265625 0.10546875 0.107421875
0 0.2734375 0.7978515625 0.30078125 0.111328125
0 0.4560546875 0.630859375 0.083984375 0.181640625
0 0.20703125 0.8740234375 0.025390625 0.0234375
0 0.5595703125 0.09375 0.056640625 0.13671875
0 0.2802734375 0.4658203125 0.080078125 0.072265625
0 0.0986328125 0.1005859375 0.1953125 0.06640625
0 0.8232421875 0.51904296875 0.111328125 0.3291015625
0 0.33203125 0.3466796875 0.03515625 0.037109375
0 0.39013671875 0.068359375 0.0615234375 0.021484375
0 0.77392578125 0.30078125 0.0830078125 0.033203125
0 0.216796875 0.92333984375 0.06640625 0.0673828125
0 0.88525390625 0.8310546875 0.0263671875 0.03125
0 0.9423828125 0.26171875 0.10546875 0.12109375
0 0.11669921875 0.47998046875 0.1103515625 0.4755859375
0 0.615234375 0.2587890625 0.080078125 0.0703125
0 0.7900390625 0.84228515625 0.05859375 0.0712890625
0 0.37158203125 0.27099609375 0.0185546875 0.0146484375
0 0.3515625 0.587890625 0.0546875 0.056640625
0 0.46630859375 0.08837890625 0.0263671875 0.0263671875
0 0.44873046875 0.92578125 0.1318359375 0.134765625
0 0.28857421875 0.87451171875 0.0458984375 0.0341796875
0 0.53955078125 0.85546875 0.0283203125 0.03515625
0 0.0888671875 0.78564453125 0.052734375 0.0556640625
0 0.689453125 0.6416015625 0.1484375 0.1484375
0 0.85986328125 0.88427734375 0.0322265625 0.0283203125
0 0.9794921875 0.96923828125 0.03125 0.0419921875
0 0.95654296875 0.59521484375 0.0693359375 0.0673828125
0 0.513671875 0.4951171875 0.01953125 0.01953125
0 0.9423828125 0.7216796875 0.060546875 0.181640625
0 0.1435546875 0.91845703125 0.01953125 0.0166015625
0 0.23291015625 0.5673828125 0.1142578125 0.05859375
0 0.7255859375 0.47607421875 0.013671875 0.0087890625
0 0.966796875 0.53515625 0.02734375 0.029296875
0 0.62060546875 0.39404296875 0.2568359375 0.0498046875
0 0.4296875 0.12353515625 0.08984375 0.0263671875
0 0.33544921875 0.6923828125 0.0810546875 0.080078125
0 0.5390625 0.57421875 0.033203125 0.03515625
0 0.29150390625 0.177734375 0.1123046875 0.09765625
0 0.46337890625 0.8115234375 0.0498046875 0.048828125
0 0.5966796875 0.47265625 0.037109375 0.037109375