0 0.36279296875 0.4169921875 0.1240234375 0.53515625
0 0.92431640625 0.08740234375 0.0380859375 0.0400390625
0 0.2763671875 0.8994140625 0.037109375 0.033203125
0 0.5029296875 0.7333984375 0.115234375 0.046875
0 0.314453125 0.70263671875 0.03125 0.0341796875
0 0.70947265625 0.69677734375 0.0869140625 0.0751953125
0 0.13720703125 0.24072265625 0.0869140625 0.0439453125
0 0.0966796875 0.96533203125 0.1015625 0.0322265625
0 0.61669921875 0.02099609375 0.0380859375 0.0380859375
0 0.68212890625 0.3154296875 0.1376953125 0.46875
0 0.8837890625 0.24365234375 0.05078125 0.1103515625
0 0.11376953125 0.46337890625 0.0205078125 0.0205078125
0 0.57373046875 0.2724609375 0.0419921875 0.03125
0 0.146484375 0.58203125 0.20703125 0.20703125
0 0.24755859375 0.9482421875 0.0185546875 0.0234375
0 0.35400390625 0.78173828125 0.0322265625 0.0322265625
0 0.599609375 0.875 0.416015625 0.220703125
0 0.953125 0.25439453125 0.0625 0.0185546875
0 0.2880859375 0.841796875 0.037109375 0.044921875
0 0.8896484375 0.52734375 0.150390625 0.171875
0 0.515625 0.52783203125 0.0859375 0.2587890625
0 0.82421875 0.89990234375 0.015625 0.0185546875
0 0.96630859375 0.86328125 0.0458984375 0.044921875
0 0.43212890625 0.06689453125 0.0947265625 0.1083984375
0 0.08154296875 0.853515625 0.0947265625 0.095703125
0 0.4951171875 0.28857421875 0.048828125 0.0478515625
0 0.2412109375 0.79248046875 0.04296875 0.0439453125
0 0.91552734375 0.69482421875 0.0556640625 0.0556640625
0 0.06689453125 0.0419921875 0.0634765625 0.064453125
0 0.19970703125 0.853515625 0.0224609375 0.0234375
0 0.23046875 0.11865234375 0.0859375 0.2353515625
0 0.78857421875 0.05029296875 0.0419921875 0.0361328125
0 0.8759765625 0.84033203125 0.0859375 0.0849609375
0 0.8115234375 0.70849609375 0.029296875 0.0302734375
0 0.0634765625 0.16162109375 0.03125 0.0400390625
0 0.4248046875 0.7294921875 0.017578125 0.01171875
0 0.15576171875 0.35888671875 0.2568359375 0.0791015625
0 0.13916015625 0.13671875 0.0146484375 0.013671875
0 0.3466796875 0.82177734375 0.0234375 0.0185546875
0 0.79736328125 0.251953125 0.0595703125 0.142578125
0 0.833984375 0.64306640625 0.03515625 0.0302734375
0 0.35205078125 0.09814453125 0.0419921875 0.0458984375
0 0.49658203125 0.34521484375 0.1337890625 0.0498046875
0 0.87353515625 0.38037109375 0.1689453125 0.0908203125
0 0.09033203125 0.75390625 0.0478515625 0.0625