0 0.72900390625 0.72998046875 0.1279296875 0.1455078125
0 0.556640625 0.61572265625 0.072265625 0.0732421875
0 0.7109375 0.4560546875 0.18359375 0.05859375
0 0.49609375 0.29345703125 0.642578125 0.2490234375
0 0.220703125 0.56640625 0.232421875 0.232421875
0 0.212890625 0.85595703125 0.091796875 0.0283203125
0 0.95654296875 0.26904296875 0.0419921875 0.0361328125
0 0.56591796875 0.498046875 0.0869140625 0.087890625
0 0.53076171875 0.888671875 0.3095703125 0.095703125
0 0.20166015625 0.9404296875 0.0263671875 0.02734375
0 0.9365234375 0.68359375 0.125 0.587890625
0 0.45947265625 0.63671875 0.1025390625 0.3515625
0 0.58837890625 0.74267578125 0.1103515625 0.1123046875
0 0.58447265625 0.08251953125 0.1201171875 0.1044921875
0 0.2939453125 0.11083984375 0.025390625 0.0263671875
0 0.2529296875 0.041015625 0.0546875 0.0546875
0 0.13720703125 0.7880859375 0.0478515625 0.130859375
0 0.78759765625 0.14453125 0.0166015625 0.01171875
0 0.07177734375 0.75146484375 0.0595703125 0.0791015625
0 0.576171875 0.9755859375 0.02734375 0.02734375
0 0.76171875 0.525390625 0.140625 0.078125
0 0.0546875 0.1396484375 0.095703125 0.09375
0 0.0576171875 0.474609375 0.046875 0.048828125
0 0.28515625 0.77099609375 0.037109375 0.0400390625
0 0.44873046875 0.02099609375 0.0419921875 0.0322265625
0 0.75830078125 0.857421875 0.0263671875 0.03125
0 0.375 0.4716796875 0.02734375 0.02734375
0 0.1240234375 0.361328125 0.08984375 0.033203125
0 0.8466796875 0.03173828125 0.05859375 0.0439453125
0 0.60498046875 0.98486328125 0.0166015625 0.0205078125
0 0.73291015625 0.62646484375 0.0458984375 0.0556640625
0 0.87255859375 0.35009765625 0.0673828125 0.0615234375
0 0.93505859375 0.1171875 0.1064453125 0.12109375
0 0.96337890625 0.02587890625 0.0595703125 0.0244140625
0 0.8271484375 0.67822265625 0.05859375 0.0615234375
0 0.025390625 0.29052734375 0.046875 0.0498046875
0 0.302734375 0.94287109375 0.07421875 0.0380859375
0 0.06591796875 0.6298828125 0.0673828125 0.06640625
0 0.1259765625 0.26611328125 0.021484375 0.0185546875
0 0.10302734375 0.23974609375 0.0205078125 0.0205078125
0 0.8193359375 0.09033203125 0.044921875 0.0439453125
0 0.80908203125 0.8935546875 0.0634765625 0.15234375
0 0.87158203125 0.1962890625 0.0263671875 0.0234375
0 0.48681640625 0.0986328125 0.0537109375 0.1171875
0 0.38671875 0.75146484375 0.0234375 0.0302734375