0 0.82958984375 0.236328125 0.0556640625 0.0546875
0 0.87646484375 0.68017578125 0.0361328125 0.0361328125
0 0.42041015625 0.900390625 0.4970703125 0.154296875
0 0.13623046875 0.36376953125 0.1923828125 0.6884765625
0 0.67041015625 0.42236328125 0.2646484375 0.2646484375
0 0.50439453125 0.7197265625 0.0361328125 0.03125
0 0.541015625 0.16064453125 0.490234375 0.2548828125
0 0.57861328125 0.63037109375 0.1220703125 0.1396484375
0 0.4228515625 0.51611328125 0.16015625 0.1826171875
0 0.736328125 0.80419921875 0.119140625 0.3564453125
0 0.64306640625 0.7880859375 0.0126953125 0.01171875
0 0.9638671875 0.2490234375 0.029296875 0.03515625
0 0.912109375 0.81884765625 0.03515625 0.0380859375
0 0.869140625 0.884765625 0.04296875 0.044921875
0 0.93603515625 0.412109375 0.0576171875 0.056640625
0 0.1142578125 0.9775390625 0.0390625 0.0390625
0 0.2890625 0.48779296875 0.07421875 0.1611328125
0 0.240234375 0.796875 0.03515625 0.046875
0 0.87353515625 0.9638671875 0.0302734375 0.033203125
0 0.94140625 0.5302734375 0.05859375 0.169921875
0 0.41943359375 0.34375 0.0205078125 0.017578125
0 0.04541015625 0.7373046875 0.0419921875 0.0546875
0 0.87841796875 0.08447265625 0.1533203125 0.0849609375
0 0.376953125 0.7314453125 0.091796875 0.09375
0 0.58251953125 0.7705078125 0.0771484375 0.078125
0 0.08154296875 0.79052734375 0.0576171875 0.0205078125
0 0.9541015625 0.2939453125 0.021484375 0.015625
0 0.1611328125 0.79931640625 0.021484375 0.0224609375
0 0.9228515625 0.25048828125 0.041015625 0.0302734375
0 0.87890625 0.208984375 0.029296875 0.029296875
0 0.6611328125 0.80419921875 0.017578125 0.0205078125
0 0.849609375 0.40771484375 0.078125 0.1884765625
0 0.27880859375 0.64501953125 0.0439453125 0.0439453125
0 0.77587890625 0.595703125 0.1767578125 0.056640625
0 0.49560546875 0.35400390625 0.0556640625 0.0498046875
0 0.11962890625 0.8916015625 0.0361328125 0.037109375
0 0.923828125 0.86474609375 0.021484375 0.0224609375
0 0.33837890625 0.33837890625 0.0927734375 0.0283203125
0 0.29248046875 0.5927734375 0.0224609375 0.017578125
0 0.02490234375 0.41796875 0.0185546875 0.0234375
0 0.27392578125 0.033203125 0.0322265625 0.03125
0 0.93505859375 0.6767578125 0.0791015625 0.03125