0 0.7568359375 0.6513671875 0.0390625 0.11328125
0 0.7919921875 0.2255859375 0.279296875 0.279296875
0 0.291015625 0.6708984375 0.044921875 0.046875
0 0.25830078125 0.9443359375 0.1142578125 0.099609375
0 0.42529296875 0.34716796875 0.1357421875 0.5146484375
0 0.87841796875 0.91455078125 0.1318359375 0.1337890625
0 0.90576171875 0.734375 0.0927734375 0.091796875
0 0.47314453125 0.69580078125 0.2705078125 0.1494140625
0 0.14013671875 0.50634765625 0.1318359375 0.6181640625
0 0.9541015625 0.43603515625 0.0390625 0.0419921875
0 0.056640625 0.8994140625 0.03515625 0.04296875
0 0.66064453125 0.55029296875 0.0263671875 0.0205078125
0 0.28955078125 0.2431640625 0.1142578125 0.353515625
0 0.5703125 0.2890625 0.056640625 0.04296875
0 0.8203125 0.6044921875 0.04296875 0.04296875
0 0.7763671875 0.46142578125 0.119140625 0.1044921875
0 0.623046875 0.92236328125 0.111328125 0.0458984375
0 0.05615234375 0.51611328125 0.0302734375 0.0302734375
0 0.7060546875 0.8701171875 0.0390625 0.033203125
0 0.5068359375 0.88525390625 0.068359375 0.2060546875
0 0.77978515625 0.9208984375 0.0263671875 0.0234375
0 0.619140625 0.23486328125 0.056640625 0.0166015625
0 0.21337890625 0.03857421875 0.0224609375 0.0283203125
0 0.05078125 0.17138671875 0.0625 0.0224609375
0 0.294921875 0.77490234375 0.048828125 0.1064453125
0 0.08349609375 0.85107421875 0.1435546875 0.0458984375
0 0.5966796875 0.12548828125 0.048828125 0.0498046875
0 0.1015625 0.0576171875 0.08203125 0.07421875
0 0.24560546875 0.0361328125 0.0205078125 0.02734375
0 0.89990234375 0.51123046875 0.0361328125 0.0380859375
0 0.94140625 0.798828125 0.03125 0.033203125
0 0.2353515625 0.607421875 0.037109375 0.0390625
0 0.681640625 0.79052734375 0.0625 0.0673828125
0 0.37255859375 0.93310546875 0.1123046875 0.1279296875
0 0.689453125 0.6396484375 0.08984375 0.091796875
0 0.6083984375 0.41796875 0.07421875 0.169921875
0 0.150390625 0.140625 0.033203125 0.033203125
0 0.66455078125 0.9794921875 0.0361328125 0.03125
0 0.869140625 0.45654296875 0.041015625 0.0400390625
0 0.87890625 0.56396484375 0.0390625 0.0517578125
0 0.912109375 0.80859375 0.013671875 0.015625
0 0.85546875 0.81689453125 0.09765625 0.0498046875
0 0.2421875 0.4931640625 0.05859375 0.05859375
0 0.11328125 0.16064453125 0.013671875 0.0087890625
0 0.96728515625 0.84228515625 0.0224609375 0.0224609375