0 0.1611328125 0.6220703125 0.015625 0.01953125
0 0.7705078125 0.7431640625 0.0546875 0.072265625
0 0.6103515625 0.66259765625 0.12109375 0.0615234375
0 0.740234375 0.97021484375 0.044921875 0.0439453125
0 0.337890625 0.53173828125 0.048828125 0.0595703125
0 0.31884765625 0.74853515625 0.0205078125 0.0224609375
0 0.54296875 0.34375 0.28125 0.28125
0 0.8056640625 0.30810546875 0.19140625 0.6142578125
0 0.1005859375 0.29150390625 0.0703125 0.0712890625
0 0.05029296875 0.43798828125 0.0322265625 0.0283203125
0 0.173828125 0.13671875 0.150390625 0.130859375
0 0.4521484375 0.169921875 0.0390625 0.0390625
0 0.11181640625 0.861328125 0.0361328125 0.0390625
0 0.6708984375 0.1015625 0.02734375 0.02734375
0 0.61962890625 0.91015625 0.1201171875 0.13671875
0 0.33203125 0.6318359375 0.287109375 0.09375
0 0.4404296875 0.8310546875 0.150390625 0.150390625
0 0.220703125 0.79736328125 0.03125 0.0322265625
0 0.27587890625 0.95361328125 0.0205078125 0.0244140625
0 0.8623046875 0.8515625 0.259765625 0.140625
0 0.10791015625 0.7177734375 0.0732421875 0.169921875
0 0.25341796875 0.44287109375 0.0830078125 0.2412109375
0 0.837890625 0.67919921875 0.037109375 0.0283203125
0 0.47119140625 0.0361328125 0.0439453125 0.056640625
0 0.1640625 0.26611328125 0.029296875 0.0302734375
0 0.9443359375 0.1884765625 0.080078125 0.091796875
0 0.66064453125 0.0380859375 0.0439453125 0.04296875
0 0.06298828125 0.486328125 0.0771484375 0.02734375
0 0.58740234375 0.60302734375 0.0205078125 0.0185546875
0 0.10595703125 0.55224609375 0.0615234375 0.0615234375
0 0.03466796875 0.544921875 0.0654296875 0.064453125
0 0.443359375 0.52880859375 0.068359375 0.0205078125
0 0.34228515625 0.20361328125 0.1162109375 0.1181640625
0 0.94775390625 0.5849609375 0.0693359375 0.32421875
0 0.62939453125 0.173828125 0.1259765625 0.052734375
0 0.31494140625 0.087890625 0.1083984375 0.111328125
0 0.53369140625 0.052734375 0.0341796875 0.025390625
0 0.34814453125 0.712890625 0.0244140625 0.021484375
0 0.9365234375 0.31103515625 0.05859375 0.1337890625
0 0.2080078125 0.94140625 0.07421875 0.06640625
0 0.15283203125 0.87939453125 0.0185546875 0.0126953125
0 0.2216796875 0.857421875 0.02734375 0.02734375
0 0.412109375 0.7041015625 0.041015625 0.04296875
0 0.45703125 0.94091796875 0.056640625 0.0595703125
0 0.1123046875 0.36328125 0.154296875 0.048828125