0 0.208984375 0.73974609375 0.166015625 0.1455078125
0 0.75048828125 0.4609375 0.4580078125 0.169921875
0 0.66015625 0.76904296875 0.607421875 0.3154296875
0 0.2373046875 0.47509765625 0.015625 0.0185546875
0 0.4375 0.33984375 0.095703125 0.451171875
0 0.18994140625 0.2353515625 0.2392578125 0.1328125
0 0.17529296875 0.48779296875 0.0751953125 0.0771484375
0 0.72021484375 0.23291015625 0.1083984375 0.1240234375
0 0.90380859375 0.08056640625 0.0302734375 0.0400390625
0 0.87548828125 0.19873046875 0.0380859375 0.0380859375
0 0.01953125 0.00732421875 0.013671875 0.0087890625
0 0.3388671875 0.056640625 0.0234375 0.02734375
0 0.20166015625 0.95947265625 0.0341796875 0.0361328125
0 0.95166015625 0.044921875 0.0498046875 0.048828125
0 0.9033203125 0.94140625 0.02734375 0.0234375
0 0.701171875 0.08642578125 0.142578125 0.1240234375
0 0.873046875 0.142578125 0.07421875 0.06640625
0 0.04150390625 0.5068359375 0.0537109375 0.056640625
0 0.31689453125 0.53955078125 0.1396484375 0.1416015625
0 0.037109375 0.09228515625 0.0234375 0.0205078125
0 0.0478515625 0.763671875 0.052734375 0.052734375
0 0.08740234375 0.38232421875 0.0400390625 0.0302734375
0 0.271484375 0.4130859375 0.044921875 0.046875
0 0.55078125 0.18017578125 0.109375 0.3369140625
0 0.24365234375 0.63525390625 0.0341796875 0.0419921875
0 0.208984375 0.8701171875 0.146484375 0.046875
0 0.3232421875 0.8203125 0.060546875 0.18359375
0 0.2763671875 0.12255859375 0.056640625 0.0615234375
0 0.169921875 0.3955078125 0.017578125 0.015625
0 0.17529296875 0.56201171875 0.0576171875 0.0615234375
0 0.349609375 0.1064453125 0.037109375 0.048828125
0 0.9638671875 0.2578125 0.068359375 0.158203125
0 0.05517578125 0.9462890625 0.0556640625 0.0546875
0 0.82666015625 0.31689453125 0.0810546875 0.0830078125
0 0.314453125 0.349609375 0.09375 0.02734375
0 0.10302734375 0.0830078125 0.0380859375 0.029296875
0 0.61181640625 0.9599609375 0.0830078125 0.03125
0 0.13232421875 0.1337890625 0.0498046875 0.048828125
0 0.22119140625 0.91796875 0.0947265625 0.0390625
0 0.044921875 0.875 0.03515625 0.03515625
0 0.052734375 0.0341796875 0.03125 0.033203125
0 0.81494140625 0.970703125 0.1103515625 0.056640625
0 0.212890625 0.3984375 0.03515625 0.03515625