0 0.11328125 0.6611328125 0.048828125 0.064453125
0 0.13330078125 0.12890625 0.0439453125 0.046875
0 0.6845703125 0.52294921875 0.02734375 0.0283203125
0 0.19580078125 0.1806640625 0.0244140625 0.021484375
0 0.923828125 0.55224609375 0.083984375 0.2021484375
0 0.6123046875 0.890625 0.033203125 0.033203125
0 0.03076171875 0.814453125 0.0458984375 0.0390625
0 0.30615234375 0.3984375 0.4775390625 0.287109375
0 0.23876953125 0.7666015625 0.1572265625 0.1796875
0 0.6533203125 0.427734375 0.021484375 0.021484375
0 0.095703125 0.9013671875 0.0546875 0.0546875
0 0.59716796875 0.5341796875 0.0498046875 0.060546875
0 0.7890625 0.2880859375 0.14453125 0.423828125
0 0.32080078125 0.078125 0.0478515625 0.046875
0 0.70458984375 0.76416015625 0.5673828125 0.2099609375
0 0.24365234375 0.11328125 0.0693359375 0.021484375
0 0.0478515625 0.505859375 0.0234375 0.025390625
0 0.29052734375 0.0224609375 0.1005859375 0.037109375
0 0.96875 0.3623046875 0.0546875 0.150390625
0 0.6201171875 0.2109375 0.07421875 0.318359375
0 0.88427734375 0.95263671875 0.0205078125 0.0263671875
0 0.54296875 0.1455078125 0.07421875 0.169921875
0 0.41064453125 0.21435546875 0.0673828125 0.0654296875
0 0.47412109375 0.6142578125 0.2490234375 0.052734375
0 0.02294921875 0.76318359375 0.0244140625 0.0302734375
0 0.33837890625 0.9326171875 0.1259765625 0.12890625
0 0.0107421875 0.2177734375 0.021484375 0.0234375
0 0.7724609375 0.94140625 0.146484375 0.076171875
0 0.05224609375 0.869140625 0.0263671875 0.02734375
0 0.42724609375 0.11474609375 0.0380859375 0.0283203125
0 0.08056640625 0.85302734375 0.0224609375 0.0224609375
0 0.048828125 0.9345703125 0.037109375 0.033203125
0 0.39990234375 0.0556640625 0.0849609375 0.0859375
0 0.48095703125 0.9208984375 0.0166015625 0.01171875
0 0.9736328125 0.12158203125 0.046875 0.0478515625
0 0.95556640625 0.978515625 0.0419921875 0.033203125
0 0.20947265625 0.9462890625 0.1044921875 0.04296875
0 0.23828125 0.59228515625 0.025390625 0.0302734375
0 0.763671875 0.60498046875 0.125 0.0673828125
0 0.0625 0.20361328125 0.060546875 0.0654296875
0 0.8935546875 0.1962890625 0.025390625 0.0234375
0 0.1083984375 0.046875 0.16015625 0.0546875
0 0.53759765625 0.9248046875 0.0712890625 0.0703125