0 0.8095703125 0.92041015625 0.064453125 0.0634765625
0 0.720703125 0.44140625 0.267578125 0.267578125
0 0.1787109375 0.158203125 0.07421875 0.076171875
0 0.8173828125 0.66552734375 0.021484375 0.0166015625
0 0.37548828125 0.49169921875 0.0986328125 0.0400390625
0 0.60986328125 0.05517578125 0.0537109375 0.0576171875
0 0.892578125 0.76123046875 0.099609375 0.0869140625
0 0.2412109375 0.927734375 0.02734375 0.0234375
0 0.77001953125 0.7392578125 0.0302734375 0.037109375
0 0.5791015625 0.66845703125 0.33984375 0.1259765625
0 0.8486328125 0.1748046875 0.08203125 0.04296875
0 0.1259765625 0.8515625 0.21484375 0.119140625
0 0.1953125 0.732421875 0.025390625 0.02734375
0 0.125 0.5068359375 0.06640625 0.06640625
0 0.3974609375 0.85009765625 0.037109375 0.0400390625
0 0.25732421875 0.06787109375 0.0166015625 0.0205078125
0 0.771484375 0.03564453125 0.029296875 0.0263671875
0 0.52685546875 0.87353515625 0.0693359375 0.0244140625
0 0.65185546875 0.26123046875 0.0205078125 0.0146484375
0 0.587890625 0.1875 0.041015625 0.04296875
0 0.53466796875 0.931640625 0.0263671875 0.03125
0 0.38818359375 0.41357421875 0.2275390625 0.0478515625
0 0.23974609375 0.75390625 0.0498046875 0.044921875
0 0.2421875 0.63720703125 0.3203125 0.1044921875
0 0.373046875 0.2451171875 0.0703125 0.21875
0 0.46533203125 0.05419921875 0.0908203125 0.0927734375
0 0.2421875 0.12939453125 0.03125 0.0322265625
0 0.1318359375 0.0322265625 0.037109375 0.037109375
0 0.23193359375 0.3193359375 0.0283203125 0.037109375
0 0.1982421875 0.486328125 0.02734375 0.0234375
0 0.06005859375 0.130859375 0.0595703125 0.060546875
0 0.34716796875 0.939453125 0.0693359375 0.021484375
0 0.1220703125 0.3134765625 0.1015625 0.115234375
0 0.935546875 0.927734375 0.05078125 0.109375
0 0.92529296875 0.4892578125 0.1162109375 0.375
0 0.65283203125 0.8125 0.0869140625 0.0859375
0 0.33837890625 0.751953125 0.0478515625 0.046875
0 0.69775390625 0.93115234375 0.0419921875 0.0419921875
0 0.50048828125 0.52392578125 0.0458984375 0.1064453125
0 0.9375 0.2021484375 0.060546875 0.166015625
0 0.5634765625 0.2958984375 0.033203125 0.033203125
0 0.5390625 0.05078125 0.0546875 0.072265625
0 0.27392578125 0.2626953125 0.0927734375 0.029296875
0 0.10400390625 0.935546875 0.0341796875 0.037109375
0 0.48193359375 0.1494140625 0.0673828125 0.05078125
0 0.7236328125 0.2421875 0.109375 0.125