0 0.84228515625 0.76416015625 0.0478515625 0.0498046875
0 0.63134765625 0.59765625 0.0205078125 0.021484375
0 0.24853515625 0.8818359375 0.0380859375 0.037109375
0 0.19140625 0.47265625 0.154296875 0.17578125
0 0.69775390625 0.35302734375 0.0146484375 0.0166015625
0 0.57177734375 0.65380859375 0.0673828125 0.0341796875
0 0.82861328125 0.2939453125 0.1728515625 0.150390625
0 0.7822265625 0.56982421875 0.046875 0.0615234375
0 0.3876953125 0.90966796875 0.115234375 0.1005859375
0 0.345703125 0.5595703125 0.12109375 0.5703125
0 0.6884765625 0.564453125 0.041015625 0.03515625
0 0.07958984375 0.24365234375 0.0654296875 0.2021484375
0 0.83642578125 0.802734375 0.0595703125 0.021484375
0 0.73828125 0.89990234375 0.42578125 0.0908203125
0 0.92529296875 0.81494140625 0.0380859375 0.0400390625
0 0.83740234375 0.1162109375 0.0556640625 0.134765625
0 0.06396484375 0.70556640625 0.0302734375 0.0263671875
0 0.4892578125 0.81982421875 0.046875 0.0458984375
0 0.1279296875 0.0537109375 0.087890625 0.08984375
0 0.53564453125 0.49853515625 0.0322265625 0.0244140625
0 0.58642578125 0.48681640625 0.0654296875 0.1806640625
0 0.46630859375 0.31884765625 0.0927734375 0.0380859375
0 0.8447265625 0.71484375 0.037109375 0.037109375
0 0.96923828125 0.05419921875 0.0263671875 0.0283203125
0 0.43896484375 0.1064453125 0.4091796875 0.212890625
0 0.779296875 0.83154296875 0.029296875 0.0302734375
0 0.25927734375 0.60498046875 0.0244140625 0.0244140625
0 0.8505859375 0.44580078125 0.2578125 0.1435546875
0 0.892578125 0.59765625 0.1015625 0.103515625
0 0.5009765625 0.45361328125 0.103515625 0.0302734375
0 0.67236328125 0.98193359375 0.0322265625 0.0322265625
0 0.56103515625 0.31494140625 0.0615234375 0.0458984375
0 0.18603515625 0.15087890625 0.0244140625 0.0302734375
0 0.05126953125 0.8818359375 0.0576171875 0.052734375
0 0.5107421875 0.69091796875 0.109375 0.0341796875
0 0.75390625 0.6689453125 0.09375 0.107421875
0 0.083984375 0.5283203125 0.033203125 0.04296875
0 0.953125 0.26953125 0.025390625 0.017578125
0 0.08544921875 0.80517578125 0.0751953125 0.0771484375
0 0.1474609375 0.93994140625 0.078125 0.0771484375
0 0.1962890625 0.8466796875 0.03515625 0.03515625
0 0.15478515625 0.63818359375 0.0419921875 0.0908203125
0 0.56103515625 0.77392578125 0.0322265625 0.0341796875
0 0.6923828125 0.18896484375 0.083984375 0.2529296875
0 0.17138671875 0.35205078125 0.0380859375 0.0458984375
0 0.99365234375 0.7705078125 0.0126953125 0.01171875