0 0.8505859375 0.74267578125 0.017578125 0.0126953125
0 0.45849609375 0.5751953125 0.1396484375 0.142578125
0 0.75390625 0.34716796875 0.09375 0.1064453125
0 0.6298828125 0.59521484375 0.076171875 0.0751953125
0 0.38330078125 0.29736328125 0.0380859375 0.0498046875
0 0.845703125 0.12060546875 0.0703125 0.2236328125
0 0.505859375 0.82373046875 0.1328125 0.0419921875
0 0.16552734375 0.3759765625 0.1357421875 0.583984375
0 0.23876953125 0.01953125 0.0810546875 0.033203125
0 0.54296875 0.1328125 0.1796875 0.1796875
0 0.8994140625 0.65625 0.041015625 0.08984375
0 0.6201171875 0.00927734375 0.015625 0.0185546875
0 0.3994140625 0.744140625 0.0390625 0.04296875
0 0.267578125 0.8017578125 0.03515625 0.037109375
0 0.8662109375 0.52587890625 0.025390625 0.0224609375
0 0.9423828125 0.146484375 0.0625 0.076171875
0 0.79150390625 0.9833984375 0.0205078125 0.02734375
0 0.30322265625 0.4541015625 0.0888671875 0.078125
0 0.62939453125 0.826171875 0.0341796875 0.029296875
0 0.34765625 0.91796875 0.05859375 0.052734375
0 0.86669921875 0.90087890625 0.0341796875 0.0263671875
0 0.5966796875 0.73974609375 0.3359375 0.1044921875
0 0.935546875 0.55615234375 0.056640625 0.0166015625
0 0.78466796875 0.17626953125 0.0283203125 0.0302734375
0 0.40966796875 0.37646484375 0.0595703125 0.0439453125
0 0.689453125 0.4609375 0.068359375 0.0703125
0 0.93798828125 0.8369140625 0.0654296875 0.06640625
0 0.79345703125 0.9521484375 0.0634765625 0.0234375
0 0.2861328125 0.10888671875 0.03515625 0.0380859375
0 0.599609375 0.27685546875 0.07421875 0.0849609375
0 0.0693359375 0.5302734375 0.0546875 0.126953125
0 0.52783203125 0.9794921875 0.0166015625 0.01953125
0 0.10546875 0.72705078125 0.125 0.0693359375
0 0.95361328125 0.39013671875 0.0576171875 0.0595703125
0 0.32470703125 0.63330078125 0.0888671875 0.2431640625
0 0.96435546875 0.77099609375 0.0244140625 0.0263671875
0 0.744140625 0.2548828125 0.072265625 0.0703125
0 0.95361328125 0.68115234375 0.0361328125 0.0361328125
0 0.58740234375 0.49609375 0.1025390625 0.052734375
0 0.16259765625 0.90869140625 0.1552734375 0.1357421875
0 0.8349609375 0.6796875 0.037109375 0.037109375
0 0.96630859375 0.24853515625 0.0205078125 0.0205078125
0 0.55224609375 0.34814453125 0.0263671875 0.0263671875
0 0.43310546875 0.33056640625 0.0263671875 0.0224609375
0 0.3427734375 0.3076171875 0.025390625 0.025390625
0 0.68359375 0.908203125 0.24609375 0.052734375