0 0.48193359375 0.63916015625 0.6337890625 0.2353515625
0 0.68359375 0.38330078125 0.033203125 0.0263671875
0 0.30419921875 0.2861328125 0.0673828125 0.06640625
0 0.8896484375 0.4501953125 0.158203125 0.568359375
0 0.5634765625 0.22119140625 0.0390625 0.0419921875
0 0.42333984375 0.83056640625 0.1220703125 0.0634765625
0 0.59228515625 0.13330078125 0.0712890625 0.0263671875
0 0.0498046875 0.05029296875 0.091796875 0.0927734375
0 0.3583984375 0.478515625 0.03515625 0.03515625
0 0.09765625 0.30078125 0.099609375 0.31640625
0 0.04931640625 0.50439453125 0.0673828125 0.0732421875
0 0.32470703125 0.11572265625 0.2294921875 0.2294921875
0 0.80712890625 0.89599609375 0.0556640625 0.0595703125
0 0.6591796875 0.2548828125 0.05078125 0.037109375
0 0.38427734375 0.37939453125 0.0302734375 0.0400390625
0 0.07666015625 0.77685546875 0.0244140625 0.0224609375
0 0.07666015625 0.70703125 0.0478515625 0.046875
0 0.23876953125 0.9306640625 0.0244140625 0.017578125
0 0.7373046875 0.31640625 0.037109375 0.037109375
0 0.56396484375 0.86328125 0.0380859375 0.046875
0 0.482421875 0.43408203125 0.076171875 0.1650390625
0 0.6435546875 0.82958984375 0.107421875 0.0439453125
0 0.1337890625 0.931640625 0.107421875 0.123046875
0 0.69140625 0.15087890625 0.044921875 0.1083984375
0 0.3125 0.8525390625 0.060546875 0.17578125
0 0.4765625 0.31103515625 0.03125 0.0419921875
0 0.79248046875 0.0283203125 0.1162109375 0.0390625
0 0.876953125 0.1025390625 0.03515625 0.037109375
0 0.21875 0.79541015625 0.021484375 0.0185546875
0 0.607421875 0.98095703125 0.07421875 0.0224609375
0 0.70947265625 0.46435546875 0.0419921875 0.0419921875
0 0.09716796875 0.833984375 0.0576171875 0.060546875
0 0.90966796875 0.81005859375 0.1318359375 0.1337890625
0 0.75244140625 0.1044921875 0.0517578125 0.052734375
0 0.52587890625 0.087890625 0.0576171875 0.056640625
0 0.8193359375 0.8212890625 0.025390625 0.025390625
0 0.49755859375 0.2373046875 0.0283203125 0.03515625
0 0.5830078125 0.421875 0.0546875 0.056640625
0 0.37646484375 0.89892578125 0.0283203125 0.0244140625
0 0.7138671875 0.4140625 0.017578125 0.021484375
0 0.2509765625 0.4619140625 0.123046875 0.107421875
0 0.658203125 0.0439453125 0.08203125 0.07421875