0 0.05224609375 0.69091796875 0.0537109375 0.0400390625
0 0.6171875 0.3984375 0.04296875 0.044921875
0 0.35693359375 0.763671875 0.0283203125 0.037109375
0 0.65625 0.5419921875 0.177734375 0.060546875
0 0.2587890625 0.1845703125 0.02734375 0.02734375
0 0.30224609375 0.8427734375 0.0556640625 0.056640625
0 0.8671875 0.666015625 0.169921875 0.607421875
0 0.5458984375 0.00830078125 0.015625 0.0107421875
0 0.32763671875 0.54248046875 0.0537109375 0.0556640625
0 0.18115234375 0.8291015625 0.0283203125 0.037109375
0 0.095703125 0.51318359375 0.048828125 0.1064453125
0 0.701171875 0.81884765625 0.021484375 0.0185546875
0 0.4091796875 0.25927734375 0.095703125 0.3076171875
0 0.3798828125 0.0908203125 0.015625 0.01953125
0 0.65576171875 0.49658203125 0.0263671875 0.0263671875
0 0.328125 0.23095703125 0.056640625 0.1357421875
0 0.75537109375 0.49072265625 0.0283203125 0.0283203125
0 0.07568359375 0.75341796875 0.0771484375 0.0400390625
0 0.1357421875 0.525390625 0.02734375 0.029296875
0 0.52001953125 0.70068359375 0.0419921875 0.0517578125
0 0.751953125 0.83447265625 0.04296875 0.0458984375
0 0.8349609375 0.21044921875 0.1015625 0.2998046875
0 0.0810546875 0.83203125 0.095703125 0.09765625
0 0.42236328125 0.68115234375 0.0126953125 0.0146484375
0 0.28662109375 0.03662109375 0.0419921875 0.0380859375
0 0.20263671875 0.185546875 0.0693359375 0.220703125
0 0.56591796875 0.20751953125 0.0712890625 0.0712890625
0 0.21728515625 0.541015625 0.0830078125 0.359375
0 0.51513671875 0.8017578125 0.1142578125 0.099609375
0 0.4580078125 0.5390625 0.205078125 0.205078125
0 0.671875 0.68603515625 0.04296875 0.1240234375
0 0.27734375 0.64306640625 0.029296875 0.0302734375
0 0.6953125 0.22802734375 0.16796875 0.1474609375
0 0.61376953125 0.90869140625 0.1982421875 0.1103515625
0 0.876953125 0.0244140625 0.025390625 0.01953125
0 0.0205078125 0.431640625 0.025390625 0.025390625
0 0.60205078125 0.09375 0.0361328125 0.03125
0 0.4609375 0.93212890625 0.080078125 0.0810546875
0 0.11181640625 0.6181640625 0.0595703125 0.064453125
0 0.0986328125 0.1826171875 0.134765625 0.154296875
0 0.59033203125 0.462890625 0.0283203125 0.025390625
0 0.10107421875 0.3876953125 0.0908203125 0.08984375
0 0.69189453125 0.0966796875 0.1318359375 0.046875
0 0.31787109375 0.958984375 0.1259765625 0.05078125
0 0.9443359375 0.21923828125 0.052734375 0.0517578125
0 0.07861328125 0.30029296875 0.0654296875 0.0185546875