0 0.50927734375 0.8564453125 0.1513671875 0.1328125
0 0.22412109375 0.5703125 0.0927734375 0.037109375
0 0.1142578125 0.765625 0.103515625 0.119140625
0 0.23046875 0.45947265625 0.126953125 0.0400390625
0 0.259765625 0.69189453125 0.056640625 0.0556640625
0 0.5205078125 0.3173828125 0.01953125 0.013671875
0 0.49853515625 0.46435546875 0.3037109375 0.1123046875
0 0.7490234375 0.609375 0.3984375 0.078125
0 0.99072265625 0.79736328125 0.0126953125 0.0146484375
0 0.3359375 0.9541015625 0.083984375 0.076171875
0 0.44091796875 0.73095703125 0.0732421875 0.0732421875
0 0.55859375 0.1826171875 0.337890625 0.19921875
0 0.20849609375 0.2978515625 0.0361328125 0.02734375
0 0.6650390625 0.82421875 0.0390625 0.04296875
0 0.87451171875 0.22607421875 0.0830078125 0.2294921875
0 0.3173828125 0.8251953125 0.15234375 0.15234375
0 0.0419921875 0.3857421875 0.025390625 0.033203125
0 0.6845703125 0.67431640625 0.033203125 0.0283203125
0 0.9130859375 0.8623046875 0.046875 0.048828125
0 0.900390625 0.0625 0.056640625 0.0546875
0 0.705078125 0.3603515625 0.09375 0.091796875
0 0.21875 0.1337890625 0.03125 0.03125
0 0.79443359375 0.83349609375 0.0654296875 0.3095703125
0 0.38525390625 0.37646484375 0.0966796875 0.0341796875
0 0.185546875 0.4091796875 0.029296875 0.029296875
0 0.72607421875 0.96728515625 0.0302734375 0.0400390625
0 0.98193359375 0.10205078125 0.0283203125 0.0283203125
0 0.076171875 0.58740234375 0.052734375 0.0556640625
0 0.18994140625 0.65576171875 0.0244140625 0.0263671875
0 0.8369140625 0.7763671875 0.015625 0.013671875
0 0.11279296875 0.23291015625 0.1025390625 0.1044921875
0 0.26220703125 0.63232421875 0.0380859375 0.0400390625
0 0.91796875 0.5068359375 0.12109375 0.10546875
0 0.634765625 0.70849609375 0.10546875 0.0322265625
0 0.5849609375 0.3837890625 0.0390625 0.029296875
0 0.630859375 0.95458984375 0.041015625 0.0439453125
0 0.53076171875 0.7119140625 0.0380859375 0.033203125
0 0.04833984375 0.10400390625 0.0615234375 0.1474609375
0 0.29736328125 0.263671875 0.1298828125 0.1484375
0 0.09765625 0.904296875 0.048828125 0.05859375
0 0.42724609375 0.5927734375 0.0458984375 0.10546875
0 0.9111328125 0.7216796875 0.1328125 0.068359375
0 0.74609375 0.482421875 0.119140625 0.12109375
0 0.25244140625 0.0908203125 0.0283203125 0.03515625
0 0.94189453125 0.39111328125 0.0791015625 0.0810546875