0 0.6181640625 0.10205078125 0.2734375 0.0888671875
0 0.92236328125 0.76708984375 0.0869140625 0.0458984375
0 0.88232421875 0.52099609375 0.1025390625 0.1044921875
0 0.47998046875 0.73779296875 0.0283203125 0.0302734375
0 0.4638671875 0.28662109375 0.498046875 0.1845703125
0 0.89892578125 0.310546875 0.0361328125 0.03125
0 0.580078125 0.52783203125 0.0546875 0.0576171875
0 0.6015625 0.74560546875 0.076171875 0.3583984375
0 0.43017578125 0.646484375 0.1376953125 0.140625
0 0.21435546875 0.67138671875 0.2490234375 0.2490234375
0 0.1533203125 0.21044921875 0.1171875 0.3525390625
0 0.68701171875 0.59521484375 0.0771484375 0.1748046875
0 0.81103515625 0.33349609375 0.0302734375 0.0302734375
0 0.98486328125 0.94482421875 0.0302734375 0.0322265625
0 0.85498046875 0.18017578125 0.0166015625 0.0146484375
0 0.4033203125 0.1005859375 0.029296875 0.029296875
0 0.7138671875 0.7314453125 0.0625 0.076171875
0 0.92626953125 0.22265625 0.0439453125 0.056640625
0 0.5068359375 0.955078125 0.037109375 0.02734375
0 0.70654296875 0.80078125 0.0361328125 0.037109375
0 0.27978515625 0.4697265625 0.4033203125 0.0859375
0 0.69287109375 0.9501953125 0.0791015625 0.08984375
0 0.81396484375 0.28515625 0.0615234375 0.021484375
0 0.4150390625 0.53955078125 0.041015625 0.0400390625
0 0.02392578125 0.93798828125 0.0419921875 0.0439453125
0 0.82177734375 0.75537109375 0.0419921875 0.0419921875
0 0.333984375 0.0810546875 0.02734375 0.021484375
0 0.04443359375 0.68896484375 0.0419921875 0.0419921875
0 0.828125 0.07958984375 0.0234375 0.0205078125
0 0.8681640625 0.927734375 0.087890625 0.0859375
0 0.25244140625 0.40234375 0.0361328125 0.037109375
0 0.6015625 0.45556640625 0.083984375 0.0732421875
0 0.7958984375 0.82373046875 0.015625 0.0107421875
0 0.302734375 0.93310546875 0.068359375 0.0283203125
0 0.0390625 0.8505859375 0.041015625 0.037109375
0 0.46484375 0.83740234375 0.1328125 0.1162109375
0 0.36669921875 0.154296875 0.1220703125 0.0390625
0 0.20458984375 0.86279296875 0.0712890625 0.0810546875
0 0.7998046875 0.15234375 0.0546875 0.072265625
0 0.796875 0.57470703125 0.0625 0.1708984375
0 0.9619140625 0.38037109375 0.068359375 0.0673828125
0 0.0283203125 0.08837890625 0.052734375 0.1279296875
0 0.484375 0.5419921875 0.080078125 0.0234375
0 0.9052734375 0.85400390625 0.021484375 0.0263671875
0 0.8623046875 0.60595703125 0.01171875 0.0146484375
0 0.13623046875 0.95849609375 0.0263671875 0.0283203125