0 0.3427734375 0.1064453125 0.33984375 0.201171875
0 0.85009765625 0.8544921875 0.2705078125 0.087890625
0 0.40185546875 0.318359375 0.0517578125 0.052734375
0 0.7724609375 0.2421875 0.04296875 0.04296875
0 0.45068359375 0.5791015625 0.8603515625 0.447265625
0 0.6845703125 0.15576171875 0.080078125 0.2197265625
0 0.6748046875 0.30908203125 0.181640625 0.0576171875
0 0.4921875 0.2265625 0.033203125 0.033203125
0 0.81591796875 0.16748046875 0.0947265625 0.0830078125
0 0.3671875 0.86328125 0.03515625 0.03515625
0 0.9814453125 0.43994140625 0.03125 0.0244140625
0 0.9140625 0.28515625 0.13671875 0.138671875
0 0.919921875 0.47412109375 0.072265625 0.2138671875
0 0.2744140625 0.27392578125 0.05859375 0.0615234375
0 0.15869140625 0.2685546875 0.0595703125 0.0546875
0 0.5849609375 0.92431640625 0.076171875 0.0751953125
0 0.68408203125 0.89404296875 0.0576171875 0.0205078125
0 0.40380859375 0.94677734375 0.1025390625 0.1044921875
0 0.9375 0.07568359375 0.06640625 0.0869140625
0 0.03466796875 0.27587890625 0.0322265625 0.0400390625
0 0.54296875 0.13330078125 0.03125 0.0224609375
0 0.10205078125 0.16162109375 0.0927734375 0.0283203125
0 0.26611328125 0.89013671875 0.1201171875 0.1376953125
0 0.0693359375 0.09716796875 0.138671875 0.0712890625
0 0.060546875 0.1982421875 0.03125 0.033203125
0 0.564453125 0.8203125 0.029296875 0.029296875
0 0.900390625 0.9619140625 0.076171875 0.07421875
0 0.81982421875 0.04443359375 0.0537109375 0.0556640625
0 0.92626953125 0.66796875 0.0498046875 0.052734375
0 0.0458984375 0.85498046875 0.041015625 0.0302734375
0 0.025390625 0.892578125 0.04296875 0.04296875
0 0.12255859375 0.8779296875 0.0654296875 0.0703125
0 0.8359375 0.970703125 0.021484375 0.01953125
0 0.39453125 0.8232421875 0.02734375 0.0234375
0 0.388671875 0.25537109375 0.017578125 0.0185546875
0 0.51171875 0.3291015625 0.0390625 0.05078125
0 0.15869140625 0.82421875 0.0576171875 0.0234375
0 0.5791015625 0.048828125 0.080078125 0.0703125
0 0.66064453125 0.857421875 0.0283203125 0.025390625
0 0.81787109375 0.28125 0.0322265625 0.0390625
0 0.962890625 0.77978515625 0.025390625 0.0302734375