0 0.82568359375 0.3173828125 0.0419921875 0.1171875
0 0.03271484375 0.54541015625 0.0283203125 0.0302734375
0 0.58251953125 0.86962890625 0.0283203125 0.0302734375
0 0.2998046875 0.38427734375 0.1796875 0.0615234375
0 0.09375 0.80029296875 0.126953125 0.0458984375
0 0.880859375 0.80810546875 0.060546875 0.1826171875
0 0.5263671875 0.23974609375 0.162109375 0.0869140625
0 0.1259765625 0.14111328125 0.05078125 0.0673828125
0 0.5 0.9375 0.0546875 0.06640625
0 0.54150390625 0.5869140625 0.0341796875 0.037109375
0 0.71484375 0.6435546875 0.08203125 0.0234375
0 0.4658203125 0.08544921875 0.017578125 0.0205078125
0 0.46923828125 0.861328125 0.0302734375 0.025390625
0 0.19873046875 0.86181640625 0.0322265625 0.0244140625
0 0.2392578125 0.669921875 0.412109375 0.134765625
0 0.7333984375 0.1806640625 0.0859375 0.087890625
0 0.50830078125 0.46875 0.1044921875 0.04296875
0 0.8896484375 0.1201171875 0.212890625 0.212890625
0 0.20458984375 0.326171875 0.0341796875 0.029296875
0 0.548828125 0.7685546875 0.037109375 0.02734375
0 0.09765625 0.32470703125 0.044921875 0.0576171875
0 0.5869140625 0.7822265625 0.037109375 0.037109375
0 0.6328125 0.66162109375 0.068359375 0.0673828125
0 0.8515625 0.490234375 0.025390625 0.03125
0 0.2021484375 0.041015625 0.337890625 0.06640625
0 0.27099609375 0.88427734375 0.0888671875 0.2138671875
0 0.701171875 0.32861328125 0.068359375 0.0693359375
0 0.81640625 0.90576171875 0.05078125 0.0458984375
0 0.09423828125 0.76416015625 0.0205078125 0.0205078125
0 0.31005859375 0.2490234375 0.0908203125 0.103515625
0 0.9306640625 0.49365234375 0.029296875 0.0205078125
0 0.658203125 0.91259765625 0.0546875 0.0537109375
0 0.1162109375 0.53857421875 0.0234375 0.0244140625
0 0.7666015625 0.93017578125 0.033203125 0.0322265625
0 0.73828125 0.498046875 0.17578125 0.154296875
0 0.1591796875 0.2958984375 0.0234375 0.0234375
0 0.93798828125 0.5302734375 0.0439453125 0.044921875
0 0.40380859375 0.17333984375 0.0791015625 0.1806640625
0 0.69970703125 0.7734375 0.1162109375 0.1015625
0 0.51708984375 0.33544921875 0.0244140625 0.0244140625
0 0.3466796875 0.54736328125 0.140625 0.0732421875
0 0.2626953125 0.5693359375 0.025390625 0.02734375
0 0.61181640625 0.32080078125 0.0283203125 0.0263671875
0 0.296875 0.45556640625 0.02734375 0.0283203125