0 0.56201171875 0.876953125 0.0400390625 0.04296875
0 0.09228515625 0.43994140625 0.0830078125 0.0341796875
0 0.5478515625 0.57421875 0.06640625 0.0703125
0 0.1904296875 0.35400390625 0.021484375 0.0224609375
0 0.712890625 0.150390625 0.251953125 0.048828125
0 0.9404296875 0.7021484375 0.0703125 0.037109375
0 0.01904296875 0.5732421875 0.0205078125 0.017578125
0 0.11767578125 0.130859375 0.0244140625 0.021484375
0 0.25341796875 0.52587890625 0.0400390625 0.0517578125
0 0.51220703125 0.77294921875 0.0322265625 0.0419921875
0 0.3203125 0.1962890625 0.05078125 0.1171875
0 0.544921875 0.7607421875 0.02734375 0.029296875
0 0.427734375 0.3291015625 0.0703125 0.20703125
0 0.123046875 0.162109375 0.091796875 0.03125
0 0.26220703125 0.73974609375 0.2841796875 0.2841796875
0 0.72412109375 0.52734375 0.0185546875 0.013671875
0 0.8837890625 0.1982421875 0.04296875 0.044921875
0 0.939453125 0.62353515625 0.083984375 0.0302734375
0 0.94091796875 0.5322265625 0.0400390625 0.041015625
0 0.755859375 0.38134765625 0.4453125 0.1728515625
0 0.41796875 0.5859375 0.0234375 0.0234375
0 0.4912109375 0.39501953125 0.052734375 0.0478515625
0 0.9150390625 0.87353515625 0.146484375 0.1279296875
0 0.51025390625 0.92431640625 0.0458984375 0.0458984375
0 0.759765625 0.91748046875 0.126953125 0.1298828125
0 0.95068359375 0.1328125 0.0869140625 0.26171875
0 0.6298828125 0.765625 0.115234375 0.033203125
0 0.04541015625 0.85400390625 0.0693359375 0.1591796875
0 0.75830078125 0.6103515625 0.1044921875 0.119140625
0 0.90478515625 0.74658203125 0.0302734375 0.0302734375
0 0.333984375 0.06005859375 0.01953125 0.0244140625
0 0.32958984375 0.51806640625 0.0947265625 0.1083984375
0 0.09130859375 0.27001953125 0.1708984375 0.0947265625
0 0.22705078125 0.03515625 0.0693359375 0.05078125
0 0.35888671875 0.3056640625 0.0634765625 0.0625
0 0.49365234375 0.83349609375 0.0400390625 0.0419921875
0 0.12939453125 0.3857421875 0.0673828125 0.068359375
0 0.984375 0.55859375 0.03125 0.021484375
0 0.5849609375 0.81494140625 0.0390625 0.0341796875
0 0.51416015625 0.15478515625 0.1220703125 0.1064453125
0 0.23193359375 0.1630859375 0.0693359375 0.201171875
0 0.48681640625 0.26318359375 0.0341796875 0.0419921875
0 0.37060546875 0.16552734375 0.0380859375 0.0380859375
0 0.3935546875 0.92529296875 0.025390625 0.0302734375
0 0.30712890625 0.3623046875 0.0498046875 0.048828125
0 0.85546875 0.63427734375 0.052734375 0.0517578125