0 0.4736328125 0.66015625 0.7890625 0.41796875
0 0.6865234375 0.22021484375 0.58203125 0.3505859375
0 0.13134765625 0.41796875 0.0673828125 0.05078125
0 0.22998046875 0.3583984375 0.0673828125 0.068359375
0 0.244140625 0.9755859375 0.03125 0.03125
0 0.21630859375 0.15380859375 0.3447265625 0.0673828125
0 0.1826171875 0.02197265625 0.015625 0.0146484375
0 0.9267578125 0.8388671875 0.10546875 0.091796875
0 0.14306640625 0.27587890625 0.0556640625 0.0166015625
0 0.9609375 0.95556640625 0.046875 0.0400390625
0 0.25634765625 0.27490234375 0.0283203125 0.0341796875
0 0.95263671875 0.439453125 0.0576171875 0.0625
0 0.04296875 0.34814453125 0.05078125 0.1162109375
0 0.29638671875 0.22314453125 0.1474609375 0.0498046875
0 0.06689453125 0.04443359375 0.0263671875 0.0263671875
0 0.20947265625 0.05712890625 0.0283203125 0.0302734375
0 0.3603515625 0.34814453125 0.0390625 0.0517578125
0 0.13330078125 0.34423828125 0.0927734375 0.0908203125
0 0.0390625 0.25732421875 0.025390625 0.0263671875
0 0.61962890625 0.94384765625 0.0244140625 0.0166015625
0 0.9404296875 0.69970703125 0.107421875 0.1220703125
0 0.447265625 0.9560546875 0.03125 0.033203125
0 0.79345703125 0.89697265625 0.0810546875 0.0322265625
0 0.3486328125 0.3935546875 0.02734375 0.029296875
0 0.14013671875 0.95947265625 0.1474609375 0.0771484375
0 0.34814453125 0.93798828125 0.1025390625 0.1044921875
0 0.76513671875 0.95849609375 0.0615234375 0.0556640625
0 0.857421875 0.91455078125 0.021484375 0.0263671875
0 0.05517578125 0.52978515625 0.0283203125 0.0283203125
0 0.49072265625 0.9892578125 0.0185546875 0.015625
0 0.94287109375 0.58251953125 0.0185546875 0.0224609375
0 0.72265625 0.88818359375 0.037109375 0.0361328125
0 0.873046875 0.96044921875 0.060546875 0.0595703125
0 0.0234375 0.5390625 0.029296875 0.03125
0 0.02490234375 0.9619140625 0.0302734375 0.0234375
0 0.26025390625 0.037109375 0.0595703125 0.021484375
0 0.03076171875 0.0751953125 0.0244140625 0.03125
0 0.10498046875 0.06982421875 0.0361328125 0.0361328125