0 0.951171875 0.90771484375 0.0859375 0.0869140625
0 0.591796875 0.57666015625 0.087890625 0.0869140625
0 0.27490234375 0.7041015625 0.1416015625 0.14453125
0 0.09912109375 0.27001953125 0.0263671875 0.0205078125
0 0.78759765625 0.66845703125 0.1455078125 0.6279296875
0 0.939453125 0.671875 0.0859375 0.2734375
0 0.4365234375 0.60205078125 0.15234375 0.1337890625
0 0.31396484375 0.25634765625 0.0322265625 0.0400390625
0 0.43310546875 0.08642578125 0.0478515625 0.1337890625
0 0.919921875 0.078125 0.025390625 0.025390625
0 0.6533203125 0.4482421875 0.060546875 0.138671875
0 0.22900390625 0.5009765625 0.0595703125 0.060546875
0 0.4453125 0.00537109375 0.013671875 0.0087890625
0 0.0693359375 0.470703125 0.126953125 0.046875
0 0.55908203125 0.88671875 0.0595703125 0.072265625
0 0.45703125 0.232421875 0.037109375 0.0390625
0 0.48193359375 0.6923828125 0.0576171875 0.0234375
0 0.43994140625 0.515625 0.0341796875 0.025390625
0 0.046875 0.13623046875 0.029296875 0.0263671875
0 0.63330078125 0.1611328125 0.0419921875 0.041015625
0 0.56689453125 0.33056640625 0.0400390625 0.0400390625
0 0.24560546875 0.24755859375 0.0419921875 0.0380859375
0 0.06005859375 0.76806640625 0.1064453125 0.3291015625
0 0.28515625 0.92431640625 0.1171875 0.1337890625
0 0.6640625 0.69921875 0.02734375 0.0234375
0 0.37548828125 0.38525390625 0.0458984375 0.0478515625
0 0.162109375 0.74609375 0.0703125 0.0703125
0 0.15966796875 0.314453125 0.2919921875 0.056640625
0 0.34033203125 0.12548828125 0.0419921875 0.0556640625
0 0.66943359375 0.5576171875 0.0576171875 0.056640625
0 0.7490234375 0.1552734375 0.091796875 0.2109375
0 0.5439453125 0.052734375 0.044921875 0.044921875
0 0.07470703125 0.09130859375 0.1279296875 0.0400390625
0 0.02783203125 0.5615234375 0.0380859375 0.041015625
0 0.080078125 0.15576171875 0.021484375 0.0185546875
0 0.16162109375 0.60498046875 0.0771484375 0.0888671875
0 0.63671875 0.24267578125 0.04296875 0.0556640625
0 0.22412109375 0.42919921875 0.0478515625 0.0517578125
0 0.6455078125 0.0361328125 0.044921875 0.046875
0 0.0654296875 0.205078125 0.125 0.064453125
0 0.23779296875 0.3681640625 0.1083984375 0.033203125
0 0.1904296875 0.1533203125 0.03125 0.033203125
0 0.4404296875 0.84130859375 0.16015625 0.1396484375
0 0.421875 0.28759765625 0.12109375 0.0673828125
0 0.8876953125 0.3955078125 0.01953125 0.0234375
0 0.5390625 0.447265625 0.150390625 0.150390625