0 0.5390625 0.94287109375 0.037109375 0.0849609375
0 0.255859375 0.6826171875 0.16796875 0.6015625
0 0.56640625 0.2666015625 0.033203125 0.033203125
0 0.9052734375 0.93310546875 0.060546875 0.0615234375
0 0.2236328125 0.2060546875 0.044921875 0.130859375
0 0.75146484375 0.4384765625 0.0205078125 0.017578125
0 0.66796875 0.8623046875 0.158203125 0.138671875
0 0.650390625 0.1279296875 0.021484375 0.021484375
0 0.5537109375 0.7958984375 0.052734375 0.046875
0 0.94580078125 0.57763671875 0.0947265625 0.1083984375
0 0.0703125 0.619140625 0.087890625 0.37890625
0 0.60107421875 0.63818359375 0.1689453125 0.0576171875
0 0.47119140625 0.44189453125 0.0205078125 0.0185546875
0 0.052734375 0.982421875 0.029296875 0.03515625
0 0.44873046875 0.298828125 0.0595703125 0.0625
0 0.787109375 0.15625 0.22265625 0.123046875
0 0.732421875 0.3603515625 0.123046875 0.107421875
0 0.197265625 0.037109375 0.068359375 0.068359375
0 0.431640625 0.76708984375 0.123046875 0.3681640625
0 0.60546875 0.515625 0.296875 0.09765625
0 0.4501953125 0.22119140625 0.01953125 0.0205078125
0 0.7607421875 0.64501953125 0.064453125 0.0654296875
0 0.82666015625 0.27099609375 0.0263671875 0.0283203125
0 0.3271484375 0.18896484375 0.0390625 0.0517578125
0 0.3603515625 0.04052734375 0.12890625 0.0673828125
0 0.85693359375 0.77001953125 0.1943359375 0.0380859375
0 0.5986328125 0.69140625 0.09765625 0.0390625
0 0.10498046875 0.333984375 0.1142578125 0.041015625
0 0.87646484375 0.873046875 0.0654296875 0.048828125
0 0.052734375 0.158203125 0.08984375 0.263671875
0 0.85498046875 0.4990234375 0.0576171875 0.0625
0 0.62646484375 0.3388671875 0.0615234375 0.07421875
0 0.5400390625 0.13037109375 0.09375 0.2255859375
0 0.15087890625 0.45458984375 0.0283203125 0.0244140625
0 0.75927734375 0.26708984375 0.0869140625 0.0263671875
0 0.9482421875 0.36328125 0.02734375 0.02734375
0 0.65625 0.94921875 0.021484375 0.015625
0 0.9462890625 0.84619140625 0.03515625 0.0263671875
0 0.29541015625 0.26416015625 0.0791015625 0.0908203125
0 0.87109375 0.33642578125 0.05859375 0.0615234375
0 0.1298828125 0.076171875 0.033203125 0.033203125
0 0.21435546875 0.32470703125 0.0419921875 0.0537109375
0 0.77001953125 0.96044921875 0.0400390625 0.0419921875
0 0.5107421875 0.80859375 0.03125 0.0390625
0 0.66650390625 0.265625 0.0517578125 0.05078125