0 0.57373046875 0.62548828125 0.1591796875 0.5712890625
0 0.21044921875 0.25244140625 0.0361328125 0.0380859375
0 0.349609375 0.1611328125 0.380859375 0.07421875
0 0.44970703125 0.49267578125 0.0458984375 0.0458984375
0 0.3359375 0.34033203125 0.158203125 0.1806640625
0 0.75146484375 0.39111328125 0.1767578125 0.5673828125
0 0.20361328125 0.41162109375 0.0283203125 0.0263671875
0 0.10009765625 0.53173828125 0.0712890625 0.2216796875
0 0.28759765625 0.8291015625 0.0869140625 0.087890625
0 0.041015625 0.9423828125 0.056640625 0.05078125
0 0.96337890625 0.23046875 0.0361328125 0.0390625
0 0.22607421875 0.607421875 0.1591796875 0.0546875
0 0.19580078125 0.90576171875 0.0439453125 0.0458984375
0 0.95458984375 0.900390625 0.0283203125 0.037109375
0 0.45751953125 0.68505859375 0.0263671875 0.0263671875
0 0.75048828125 0.771484375 0.1474609375 0.080078125
0 0.8955078125 0.04541015625 0.0390625 0.0400390625
0 0.55224609375 0.158203125 0.0224609375 0.017578125
0 0.890625 0.64404296875 0.09375 0.4052734375
0 0.10205078125 0.34423828125 0.1455078125 0.1279296875
0 0.75537109375 0.08349609375 0.0830078125 0.0419921875
0 0.0263671875 0.24755859375 0.03515625 0.0361328125
0 0.14306640625 0.90673828125 0.0380859375 0.0380859375
0 0.32958984375 0.09912109375 0.0263671875 0.0322265625
0 0.8779296875 0.15673828125 0.064453125 0.1787109375
0 0.02734375 0.77880859375 0.029296875 0.0244140625
0 0.529296875 0.0732421875 0.09765625 0.03515625
0 0.14892578125 0.8642578125 0.1162109375 0.03515625
0 0.24462890625 0.50439453125 0.1572265625 0.1376953125
0 0.40673828125 0.8505859375 0.0966796875 0.232421875
0 0.14404296875 0.75634765625 0.1279296875 0.1455078125
0 0.4853515625 0.64013671875 0.013671875 0.0166015625
0 0.6953125 0.8623046875 0.04296875 0.04296875
0 0.251953125 0.7001953125 0.060546875 0.080078125
0 0.51220703125 0.26513671875 0.0556640625 0.0224609375
0 0.92724609375 0.95263671875 0.0556640625 0.0537109375
0 0.349609375 0.6748046875 0.056640625 0.060546875
0 0.96044921875 0.38330078125 0.0244140625 0.0205078125
0 0.77685546875 0.8603515625 0.0576171875 0.056640625
0 0.03662109375 0.85888671875 0.0283203125 0.0302734375
0 0.32568359375 0.73779296875 0.0302734375 0.0205078125
0 0.4013671875 0.5908203125 0.09375 0.095703125
0 0.11474609375 0.24267578125 0.0400390625 0.0400390625
0 0.2900390625 0.2197265625 0.041015625 0.03125
0 0.1923828125 0.08935546875 0.033203125 0.0400390625
0 0.84033203125 0.935546875 0.0439453125 0.099609375