0 0.71240234375 0.8525390625 0.0224609375 0.01953125
0 0.09033203125 0.83740234375 0.0224609375 0.0263671875
0 0.134765625 0.484375 0.04296875 0.04296875
0 0.2392578125 0.39111328125 0.1328125 0.0732421875
0 0.751953125 0.71728515625 0.1171875 0.1025390625
0 0.52783203125 0.697265625 0.1044921875 0.490234375
0 0.7802734375 0.46435546875 0.11328125 0.0576171875
0 0.376953125 0.529296875 0.154296875 0.17578125
0 0.49951171875 0.21044921875 0.6982421875 0.2587890625
0 0.55517578125 0.0341796875 0.0595703125 0.05859375
0 0.33349609375 0.6640625 0.0732421875 0.0546875
0 0.90283203125 0.7275390625 0.1689453125 0.1484375
0 0.7568359375 0.564453125 0.333984375 0.103515625
0 0.2275390625 0.8486328125 0.23828125 0.23828125
0 0.896484375 0.916015625 0.109375 0.111328125
0 0.06787109375 0.9404296875 0.0517578125 0.05078125
0 0.099609375 0.1494140625 0.08984375 0.21484375
0 0.68359375 0.4150390625 0.07421875 0.076171875
0 0.90380859375 0.36181640625 0.0400390625 0.0439453125
0 0.7578125 0.04931640625 0.3125 0.0615234375
0 0.73681640625 0.7880859375 0.0361328125 0.03125
0 0.73486328125 0.951171875 0.0771484375 0.078125
0 0.8076171875 0.404296875 0.119140625 0.048828125
0 0.48779296875 0.3984375 0.0771484375 0.0703125
0 0.0869140625 0.38134765625 0.060546875 0.0634765625
0 0.66357421875 0.91845703125 0.0302734375 0.0263671875
0 0.76708984375 0.85400390625 0.0556640625 0.0576171875
0 0.07177734375 0.62744140625 0.0537109375 0.0654296875
0 0.10693359375 0.5478515625 0.1650390625 0.056640625
0 0.37646484375 0.81396484375 0.0439453125 0.0439453125
0 0.94970703125 0.21923828125 0.0830078125 0.2294921875
0 0.4375 0.7802734375 0.0703125 0.16015625
0 0.20849609375 0.626953125 0.0751953125 0.07421875
0 0.37744140625 0.02490234375 0.1220703125 0.0439453125
0 0.27587890625 0.61865234375 0.0380859375 0.0380859375
0 0.0712890625 0.47900390625 0.044921875 0.0478515625
0 0.021484375 0.099609375 0.033203125 0.04296875
0 0.39453125 0.65771484375 0.033203125 0.0400390625
0 0.06396484375 0.69140625 0.0458984375 0.048828125
0 0.66650390625 0.69384765625 0.0185546875 0.0205078125
0 0.3837890625 0.365234375 0.01953125 0.01953125
0 0.1982421875 0.6953125 0.1015625 0.03125
0 0.2626953125 0.4921875 0.037109375 0.029296875
0 0.89990234375 0.48193359375 0.0185546875 0.0126953125
0 0.60595703125 0.86181640625 0.0439453125 0.0576171875