0 0.40380859375 0.689453125 0.3486328125 0.07421875
0 0.1123046875 0.7236328125 0.072265625 0.0703125
0 0.7099609375 0.568359375 0.1015625 0.4765625
0 0.52294921875 0.142578125 0.5283203125 0.205078125
0 0.857421875 0.56494140625 0.185546875 0.5947265625
0 0.13427734375 0.42138671875 0.1611328125 0.1611328125
0 0.2685546875 0.78857421875 0.0390625 0.0498046875
0 0.150390625 0.87646484375 0.08203125 0.1767578125
0 0.40576171875 0.51513671875 0.0263671875 0.0185546875
0 0.310546875 0.611328125 0.06640625 0.048828125
0 0.212890625 0.25390625 0.02734375 0.02734375
0 0.5341796875 0.5458984375 0.052734375 0.056640625
0 0.193359375 0.1396484375 0.08203125 0.083984375
0 0.16748046875 0.63037109375 0.0576171875 0.0751953125
0 0.57666015625 0.8701171875 0.0498046875 0.044921875
0 0.9091796875 0.03076171875 0.013671875 0.0126953125
0 0.0654296875 0.78173828125 0.04296875 0.0361328125
0 0.26708984375 0.3486328125 0.0810546875 0.029296875
0 0.68896484375 0.9248046875 0.0791015625 0.041015625
0 0.40625 0.31494140625 0.033203125 0.0283203125
0 0.60693359375 0.50634765625 0.0830078125 0.1904296875
0 0.02587890625 0.05126953125 0.0419921875 0.0517578125
0 0.94970703125 0.9501953125 0.0400390625 0.0390625
0 0.22314453125 0.78076171875 0.0166015625 0.0205078125
0 0.447265625 0.53955078125 0.072265625 0.0224609375
0 0.37353515625 0.849609375 0.0556640625 0.05859375
0 0.10595703125 0.2392578125 0.1201171875 0.048828125
0 0.68115234375 0.8564453125 0.1044921875 0.091796875
0 0.81396484375 0.21923828125 0.0380859375 0.0400390625
0 0.55615234375 0.29443359375 0.0693359375 0.0791015625
0 0.958984375 0.17919921875 0.037109375 0.0400390625
0 0.34130859375 0.27978515625 0.0380859375 0.0380859375
0 0.04345703125 0.30126953125 0.0595703125 0.0595703125
0 0.46044921875 0.87451171875 0.0634765625 0.2001953125
0 0.42333984375 0.48388671875 0.0302734375 0.0302734375
0 0.021484375 0.7958984375 0.041015625 0.119140625
0 0.3271484375 0.4345703125 0.095703125 0.109375
0 0.9033203125 0.11181640625 0.1015625 0.0888671875
0 0.8671875 0.248046875 0.03515625 0.02734375
0 0.8720703125 0.8916015625 0.033203125 0.03515625
0 0.30224609375 0.53955078125 0.0947265625 0.0927734375
0 0.4609375 0.40234375 0.126953125 0.12890625
0 0.0654296875 0.1875 0.044921875 0.046875
0 0.71533203125 0.97607421875 0.0166015625 0.0205078125