0 0.91845703125 0.11083984375 0.0673828125 0.1611328125
0 0.54638671875 0.3427734375 0.0380859375 0.046875
0 0.703125 0.8251953125 0.033203125 0.03515625
0 0.60009765625 0.21142578125 0.1435546875 0.1259765625
0 0.75537109375 0.50732421875 0.1005859375 0.1142578125
0 0.9267578125 0.4013671875 0.083984375 0.181640625
0 0.44970703125 0.61279296875 0.2880859375 0.2880859375
0 0.1201171875 0.7177734375 0.111328125 0.48046875
0 0.50146484375 0.3056640625 0.0224609375 0.029296875
0 0.8583984375 0.640625 0.09375 0.28125
0 0.8505859375 0.9775390625 0.06640625 0.0234375
0 0.22021484375 0.31982421875 0.0283203125 0.0244140625
0 0.76416015625 0.05712890625 0.1025390625 0.0888671875
0 0.0537109375 0.1552734375 0.056640625 0.0546875
0 0.27978515625 0.251953125 0.0458984375 0.044921875
0 0.513671875 0.91943359375 0.0390625 0.0302734375
0 0.36279296875 0.150390625 0.0439453125 0.12109375
0 0.23876953125 0.40478515625 0.3154296875 0.0673828125
0 0.7353515625 0.375 0.23828125 0.12890625
0 0.9072265625 0.89111328125 0.052734375 0.0517578125
0 0.5205078125 0.85400390625 0.060546875 0.0791015625
0 0.03759765625 0.337890625 0.0185546875 0.013671875
0 0.4814453125 0.12548828125 0.078125 0.0400390625
0 0.41455078125 0.908203125 0.1103515625 0.03515625
0 0.84130859375 0.1513671875 0.0498046875 0.0546875
0 0.24755859375 0.71044921875 0.0380859375 0.0400390625
0 0.1513671875 0.08837890625 0.05078125 0.0517578125
0 0.671875 0.92431640625 0.1171875 0.1337890625
0 0.2529296875 0.92578125 0.0625 0.01953125
0 0.81591796875 0.8271484375 0.0478515625 0.04296875
0 0.05322265625 0.04248046875 0.0341796875 0.0341796875
0 0.5849609375 0.93798828125 0.017578125 0.0224609375
0 0.11962890625 0.2177734375 0.0341796875 0.025390625
0 0.7421875 0.677734375 0.126953125 0.12890625
0 0.9306640625 0.8359375 0.04296875 0.044921875
0 0.1044921875 0.33837890625 0.04296875 0.0458984375
0 0.45703125 0.3427734375 0.02734375 0.025390625
0 0.65625 0.7275390625 0.0390625 0.0390625
0 0.23974609375 0.81494140625 0.1103515625 0.1123046875
0 0.35400390625 0.04150390625 0.0341796875 0.0341796875
0 0.92236328125 0.6533203125 0.0302734375 0.025390625
0 0.57421875 0.8310546875 0.0234375 0.0234375
0 0.7626953125 0.158203125 0.052734375 0.0546875
0 0.302734375 0.0498046875 0.021484375 0.025390625
0 0.3818359375 0.3193359375 0.0703125 0.029296875