0 0.19189453125 0.37890625 0.0771484375 0.17578125
0 0.04296875 0.7255859375 0.017578125 0.015625
0 0.310546875 0.63818359375 0.505859375 0.1962890625
0 0.82275390625 0.5673828125 0.0693359375 0.025390625
0 0.66748046875 0.9658203125 0.0263671875 0.033203125
0 0.61474609375 0.25732421875 0.0439453125 0.0439453125
0 0.8115234375 0.47900390625 0.28125 0.0869140625
0 0.8779296875 0.39599609375 0.03515625 0.0419921875
0 0.2158203125 0.09716796875 0.052734375 0.0556640625
0 0.49951171875 0.85009765625 0.1025390625 0.1044921875
0 0.75390625 0.1083984375 0.0390625 0.033203125
0 0.2978515625 0.19580078125 0.130859375 0.1142578125
0 0.46923828125 0.24755859375 0.0849609375 0.0263671875
0 0.29150390625 0.849609375 0.0732421875 0.201171875
0 0.69140625 0.99365234375 0.015625 0.0107421875
0 0.0712890625 0.29150390625 0.138671875 0.4072265625
0 0.76123046875 0.75830078125 0.0673828125 0.0693359375
0 0.6845703125 0.90966796875 0.072265625 0.0654296875
0 0.83251953125 0.2734375 0.0361328125 0.037109375
0 0.45947265625 0.48193359375 0.0205078125 0.0244140625
0 0.09375 0.0576171875 0.05859375 0.04296875
0 0.93701171875 0.1083984375 0.0673828125 0.06640625
0 0.3017578125 0.3271484375 0.05859375 0.078125
0 0.7900390625 0.330078125 0.06640625 0.06640625
0 0.3857421875 0.7861328125 0.080078125 0.091796875
0 0.80419921875 0.84765625 0.0244140625 0.025390625
0 0.07421875 0.95458984375 0.01953125 0.0205078125
0 0.54638671875 0.06201171875 0.3330078125 0.0654296875
0 0.54443359375 0.17333984375 0.0458984375 0.0458984375
0 0.142578125 0.88134765625 0.07421875 0.1767578125
0 0.4580078125 0.96435546875 0.07421875 0.0380859375
0 0.87744140625 0.765625 0.1123046875 0.09765625
0 0.46533203125 0.3583984375 0.0771484375 0.078125
0 0.64697265625 0.7236328125 0.1513671875 0.173828125
0 0.85009765625 0.0751953125 0.0595703125 0.05859375
0 0.93115234375 0.9453125 0.0205078125 0.02734375
0 0.30908203125 0.966796875 0.0302734375 0.029296875
0 0.75244140625 0.20458984375 0.0673828125 0.0732421875
0 0.42724609375 0.20947265625 0.1201171875 0.0478515625
0 0.81640625 0.94091796875 0.140625 0.0478515625
0 0.40478515625 0.900390625 0.0361328125 0.03125
0 0.76953125 0.5595703125 0.029296875 0.03125
0 0.947265625 0.22265625 0.041015625 0.041015625
0 0.5732421875 0.42822265625 0.134765625 0.0751953125
0 0.02099609375 0.88330078125 0.0185546875 0.0146484375