0 0.41845703125 0.35400390625 0.1142578125 0.1162109375
0 0.6162109375 0.41357421875 0.1171875 0.3505859375
0 0.85546875 0.62109375 0.115234375 0.357421875
0 0.16015625 0.82177734375 0.138671875 0.0751953125
0 0.89892578125 0.361328125 0.0341796875 0.033203125
0 0.80322265625 0.91845703125 0.3388671875 0.1318359375
0 0.46533203125 0.0576171875 0.1943359375 0.06640625
0 0.3310546875 0.50732421875 0.07421875 0.0732421875
0 0.24853515625 0.70458984375 0.0244140625 0.0263671875
0 0.1494140625 0.41259765625 0.11328125 0.1162109375
0 0.9599609375 0.2919921875 0.0703125 0.0703125
0 0.95849609375 0.54638671875 0.0576171875 0.0517578125
0 0.115234375 0.59033203125 0.072265625 0.0537109375
0 0.56591796875 0.88720703125 0.0244140625 0.0302734375
0 0.25830078125 0.7548828125 0.0478515625 0.041015625
0 0.5 0.75390625 0.05078125 0.06640625
0 0.96630859375 0.7822265625 0.0458984375 0.044921875
0 0.34814453125 0.7939453125 0.0869140625 0.373046875
0 0.51611328125 0.38916015625 0.0458984375 0.0478515625
0 0.17431640625 0.171875 0.1787109375 0.15625
0 0.43701171875 0.49365234375 0.0341796875 0.0341796875
0 0.9658203125 0.48828125 0.029296875 0.029296875
0 0.21826171875 0.92724609375 0.0419921875 0.0419921875
0 0.8017578125 0.11376953125 0.361328125 0.0771484375
0 0.763671875 0.58544921875 0.025390625 0.0224609375
0 0.0458984375 0.27099609375 0.03515625 0.0380859375
0 0.142578125 0.6982421875 0.15234375 0.15234375
0 0.0927734375 0.27734375 0.041015625 0.04296875
0 0.822265625 0.18798828125 0.04296875 0.0458984375
0 0.50732421875 0.59326171875 0.0771484375 0.0888671875
0 0.57421875 0.7060546875 0.080078125 0.08203125
0 0.796875 0.408203125 0.04296875 0.033203125
0 0.11474609375 0.4931640625 0.0634765625 0.033203125
0 0.54443359375 0.17626953125 0.0849609375 0.0244140625
0 0.36376953125 0.18994140625 0.1572265625 0.1376953125
0 0.3134765625 0.443359375 0.029296875 0.025390625
0 0.1982421875 0.3046875 0.130859375 0.046875
0 0.03515625 0.8916015625 0.06640625 0.15234375
0 0.42431640625 0.4541015625 0.0224609375 0.029296875
0 0.654296875 0.7060546875 0.029296875 0.01953125
0 0.7392578125 0.29150390625 0.083984375 0.1826171875
0 0.47314453125 0.91162109375 0.0888671875 0.1005859375
0 0.20361328125 0.5302734375 0.0341796875 0.04296875
0 0.958984375 0.4267578125 0.03125 0.033203125
0 0.67822265625 0.02197265625 0.1025390625 0.0419921875
0 0.4189453125 0.744140625 0.03515625 0.04296875