0 0.54541015625 0.1982421875 0.4853515625 0.150390625
0 0.78955078125 0.6748046875 0.1337890625 0.15234375
0 0.7333984375 0.36767578125 0.21875 0.1181640625
0 0.29345703125 0.4833984375 0.0224609375 0.0234375
0 0.7744140625 0.0634765625 0.302734375 0.1171875
0 0.439453125 0.580078125 0.025390625 0.025390625
0 0.27294921875 0.71484375 0.0751953125 0.2265625
0 0.75244140625 0.96484375 0.0732421875 0.06640625
0 0.228515625 0.93310546875 0.4453125 0.0947265625
0 0.05517578125 0.65087890625 0.1083984375 0.0439453125
0 0.05126953125 0.03662109375 0.0322265625 0.0341796875
0 0.470703125 0.34814453125 0.064453125 0.0693359375
0 0.58544921875 0.787109375 0.0712890625 0.0703125
0 0.90576171875 0.52685546875 0.0771484375 0.1767578125
0 0.68408203125 0.72021484375 0.0224609375 0.0283203125
0 0.80810546875 0.5263671875 0.1025390625 0.1171875
0 0.916015625 0.76611328125 0.0234375 0.0205078125
0 0.1572265625 0.25341796875 0.181640625 0.1591796875
0 0.72119140625 0.89208984375 0.1181640625 0.0361328125
0 0.953125 0.8916015625 0.0859375 0.087890625
0 0.25830078125 0.4345703125 0.0361328125 0.03125
0 0.39013671875 0.421875 0.0830078125 0.1796875
0 0.17333984375 0.0888671875 0.0419921875 0.041015625
0 0.33740234375 0.72509765625 0.0166015625 0.0205078125
0 0.92431640625 0.265625 0.0576171875 0.060546875
0 0.0234375 0.5498046875 0.03515625 0.04296875
0 0.09716796875 0.5458984375 0.1005859375 0.087890625
0 0.380859375 0.0869140625 0.166015625 0.052734375
0 0.82421875 0.77099609375 0.021484375 0.0146484375
0 0.541015625 0.36669921875 0.041015625 0.0302734375
0 0.51904296875 0.62109375 0.0986328125 0.05078125
0 0.5712890625 0.8994140625 0.064453125 0.0234375
0 0.63818359375 0.67333984375 0.0498046875 0.0517578125
0 0.1796875 0.64453125 0.033203125 0.04296875
0 0.49169921875 0.73583984375 0.0654296875 0.0654296875
0 0.51904296875 0.490234375 0.1416015625 0.14453125
0 0.2255859375 0.07275390625 0.060546875 0.0595703125
0 0.59375 0.8662109375 0.03125 0.033203125
0 0.06884765625 0.388671875 0.0634765625 0.083984375
0 0.41748046875 0.6796875 0.0400390625 0.115234375
0 0.3232421875 0.5634765625 0.0390625 0.0390625
0 0.28466796875 0.28466796875 0.0244140625 0.0185546875
0 0.17041015625 0.7685546875 0.0322265625 0.02734375
0 0.896484375 0.1884765625 0.072265625 0.07421875
0 0.36279296875 0.81787109375 0.0263671875 0.0263671875