0 0.3251953125 0.9599609375 0.044921875 0.05859375
0 0.17236328125 0.2861328125 0.1044921875 0.3359375
0 0.6396484375 0.24951171875 0.02734375 0.0283203125
0 0.322265625 0.16748046875 0.056640625 0.0224609375
0 0.25146484375 0.87353515625 0.0791015625 0.0810546875
0 0.783203125 0.46875 0.064453125 0.05859375
0 0.080078125 0.0869140625 0.0546875 0.06640625
0 0.36767578125 0.6298828125 0.0439453125 0.037109375
0 0.52880859375 0.2900390625 0.0439453125 0.04296875
0 0.64794921875 0.9384765625 0.0361328125 0.0390625
0 0.59228515625 0.70556640625 0.2626953125 0.2626953125
0 0.67919921875 0.3349609375 0.0302734375 0.03125
0 0.48828125 0.4326171875 0.34765625 0.205078125
0 0.09814453125 0.86328125 0.0654296875 0.19140625
0 0.8857421875 0.47607421875 0.12890625 0.3857421875
0 0.908203125 0.9580078125 0.107421875 0.03125
0 0.35107421875 0.82421875 0.0712890625 0.154296875
0 0.572265625 0.30224609375 0.01171875 0.0107421875
0 0.83544921875 0.83349609375 0.0537109375 0.0576171875
0 0.18212890625 0.6630859375 0.0673828125 0.072265625
0 0.427734375 0.10693359375 0.095703125 0.0498046875
0 0.48193359375 0.953125 0.2451171875 0.076171875
0 0.048828125 0.4541015625 0.087890625 0.029296875
0 0.91796875 0.1455078125 0.037109375 0.048828125
0 0.4765625 0.04443359375 0.375 0.0732421875
0 0.96142578125 0.98828125 0.0302734375 0.021484375
0 0.74658203125 0.15966796875 0.1201171875 0.1376953125
0 0.77978515625 0.32763671875 0.0439453125 0.0322265625
0 0.9404296875 0.71142578125 0.0546875 0.0576171875
0 0.30615234375 0.66943359375 0.0322265625 0.0322265625
0 0.1171875 0.55615234375 0.13671875 0.1396484375
0 0.6279296875 0.1376953125 0.02734375 0.02734375
0 0.72900390625 0.89013671875 0.1064453125 0.0927734375
0 0.267578125 0.12158203125 0.0234375 0.0283203125
0 0.3935546875 0.21484375 0.099609375 0.037109375
0 0.0693359375 0.31005859375 0.0859375 0.0751953125
0 0.0244140625 0.6640625 0.029296875 0.037109375
0 0.75146484375 0.5341796875 0.0322265625 0.02734375
0 0.9755859375 0.08642578125 0.03125 0.0244140625
0 0.93115234375 0.8291015625 0.1318359375 0.150390625
0 0.22265625 0.07080078125 0.06640625 0.0654296875
0 0.66259765625 0.17626953125 0.0380859375 0.0380859375
0 0.14697265625 0.74560546875 0.0361328125 0.0361328125
0 0.4130859375 0.27880859375 0.140625 0.0751953125
0 0.509765625 0.1162109375 0.044921875 0.044921875
0 0.29443359375 0.57421875 0.0380859375 0.037109375