0 0.32861328125 0.19482421875 0.1259765625 0.1103515625
0 0.71533203125 0.89501953125 0.0517578125 0.1416015625
0 0.49853515625 0.4267578125 0.5732421875 0.212890625
0 0.16064453125 0.32666015625 0.0673828125 0.1552734375
0 0.16845703125 0.57666015625 0.0302734375 0.0263671875
0 0.56005859375 0.22607421875 0.2158203125 0.1162109375
0 0.3447265625 0.79248046875 0.646484375 0.3818359375
0 0.8720703125 0.8515625 0.220703125 0.220703125
0 0.865234375 0.58544921875 0.060546875 0.0634765625
0 0.92333984375 0.30517578125 0.1533203125 0.1533203125
0 0.8505859375 0.6728515625 0.267578125 0.056640625
0 0.1826171875 0.20751953125 0.021484375 0.0166015625
0 0.54541015625 0.08251953125 0.0205078125 0.0224609375
0 0.7265625 0.783203125 0.025390625 0.033203125
0 0.6044921875 0.05615234375 0.080078125 0.0810546875
0 0.857421875 0.04150390625 0.029296875 0.0361328125
0 0.8046875 0.29296875 0.0234375 0.025390625
0 0.85498046875 0.50927734375 0.0478515625 0.0634765625
0 0.53759765625 0.5693359375 0.0400390625 0.041015625
0 0.1220703125 0.0673828125 0.046875 0.048828125
0 0.77099609375 0.6064453125 0.1259765625 0.05078125
0 0.2373046875 0.08154296875 0.02734375 0.0244140625
0 0.791015625 0.2294921875 0.09375 0.095703125
0 0.919921875 0.1328125 0.095703125 0.02734375
0 0.396484375 0.02978515625 0.037109375 0.0322265625
0 0.0869140625 0.51806640625 0.125 0.1416015625
0 0.03515625 0.384765625 0.05859375 0.05859375
0 0.0908203125 0.15234375 0.181640625 0.0625
0 0.78857421875 0.07421875 0.0966796875 0.111328125
0 0.9306640625 0.05224609375 0.0703125 0.0693359375
0 0.6669921875 0.154296875 0.033203125 0.0234375
0 0.18603515625 0.06982421875 0.0693359375 0.0361328125
0 0.92578125 0.43212890625 0.091796875 0.0927734375
0 0.24267578125 0.27734375 0.0322265625 0.03125
0 0.1044921875 0.31787109375 0.017578125 0.0205078125
0 0.0244140625 0.23779296875 0.041015625 0.0439453125
0 0.09765625 0.01611328125 0.0625 0.0224609375
0 0.58544921875 0.55419921875 0.0380859375 0.0283203125
0 0.32958984375 0.068359375 0.0556640625 0.126953125
0 0.2119140625 0.283203125 0.0234375 0.0234375
0 0.6982421875 0.0791015625 0.0234375 0.0234375
0 0.47412109375 0.55517578125 0.0263671875 0.0263671875
0 0.81982421875 0.3505859375 0.0341796875 0.041015625
0 0.09130859375 0.2890625 0.0361328125 0.03515625
0 0.03857421875 0.06591796875 0.0615234375 0.0556640625