0 0.6103515625 0.0859375 0.1796875 0.056640625
0 0.2626953125 0.2421875 0.07421875 0.07421875
0 0.556640625 0.662109375 0.1328125 0.068359375
0 0.2509765625 0.732421875 0.318359375 0.318359375
0 0.85205078125 0.90673828125 0.0263671875 0.0185546875
0 0.6474609375 0.49267578125 0.064453125 0.0634765625
0 0.7080078125 0.689453125 0.0703125 0.162109375
0 0.44384765625 0.796875 0.0654296875 0.05859375
0 0.73876953125 0.580078125 0.0146484375 0.017578125
0 0.263671875 0.40380859375 0.24609375 0.1357421875
0 0.65185546875 0.32177734375 0.5126953125 0.1982421875
0 0.77880859375 0.1484375 0.1416015625 0.14453125
0 0.87841796875 0.6279296875 0.0634765625 0.14453125
0 0.744140625 0.814453125 0.076171875 0.0234375
0 0.138671875 0.05712890625 0.05859375 0.0244140625
0 0.73388671875 0.03125 0.0419921875 0.044921875
0 0.0576171875 0.3154296875 0.0546875 0.0546875
0 0.4677734375 0.87646484375 0.099609375 0.0869140625
0 0.8837890625 0.7353515625 0.025390625 0.01953125
0 0.3251953125 0.1162109375 0.01953125 0.01953125
0 0.5224609375 0.43994140625 0.02734375 0.0263671875
0 0.109375 0.1982421875 0.0625 0.06640625
0 0.431640625 0.17236328125 0.041015625 0.0419921875
0 0.6904296875 0.5712890625 0.0703125 0.025390625
0 0.95361328125 0.45849609375 0.0869140625 0.0986328125
0 0.9462890625 0.640625 0.052734375 0.0546875
0 0.77294921875 0.49267578125 0.0947265625 0.0830078125
0 0.0419921875 0.22412109375 0.0625 0.0751953125
0 0.60205078125 0.7998046875 0.0654296875 0.19140625
0 0.51171875 0.76806640625 0.052734375 0.0400390625
0 0.60986328125 0.04736328125 0.0185546875 0.0185546875
0 0.97314453125 0.833984375 0.0439453125 0.056640625
0 0.2744140625 0.0576171875 0.0859375 0.087890625
0 0.0185546875 0.41845703125 0.033203125 0.0283203125
0 0.115234375 0.9580078125 0.037109375 0.0390625
0 0.40869140625 0.51611328125 0.3134765625 0.0615234375
0 0.7001953125 0.9287109375 0.111328125 0.126953125
0 0.34033203125 0.052734375 0.0244140625 0.025390625
0 0.1865234375 0.26904296875 0.021484375 0.0263671875
0 0.4404296875 0.68701171875 0.05859375 0.0615234375
0 0.82861328125 0.02099609375 0.0244140625 0.0205078125
0 0.830078125 0.8017578125 0.04296875 0.056640625
0 0.02880859375 0.02099609375 0.0224609375 0.0205078125
0 0.87744140625 0.97119140625 0.0439453125 0.0439453125