0 0.7548828125 0.501953125 0.0390625 0.033203125
0 0.4013671875 0.28662109375 0.265625 0.1435546875
0 0.7236328125 0.7763671875 0.078125 0.03125
0 0.8759765625 0.3466796875 0.033203125 0.033203125
0 0.18896484375 0.7060546875 0.3154296875 0.103515625
0 0.32568359375 0.01708984375 0.0458984375 0.0341796875
0 0.11279296875 0.4287109375 0.0498046875 0.052734375
0 0.49755859375 0.505859375 0.0673828125 0.162109375
0 0.53515625 0.1015625 0.02734375 0.0234375
0 0.27197265625 0.1513671875 0.0400390625 0.04296875
0 0.77001953125 0.89306640625 0.0947265625 0.0830078125
0 0.83984375 0.779296875 0.09765625 0.05078125
0 0.85888671875 0.08056640625 0.0283203125 0.0361328125
0 0.0830078125 0.5 0.015625 0.01953125
0 0.4873046875 0.92138671875 0.1640625 0.1435546875
0 0.73095703125 0.71142578125 0.0791015625 0.0810546875
0 0.3369140625 0.56689453125 0.064453125 0.0771484375
0 0.85400390625 0.19580078125 0.2880859375 0.0615234375
0 0.81201171875 0.54638671875 0.0419921875 0.0439453125
0 0.53515625 0.724609375 0.080078125 0.08203125
0 0.6240234375 0.34423828125 0.142578125 0.4580078125
0 0.9384765625 0.7119140625 0.08984375 0.26953125
0 0.62109375 0.6513671875 0.044921875 0.044921875
0 0.37109375 0.50634765625 0.060546875 0.0224609375
0 0.388671875 0.126953125 0.140625 0.142578125
0 0.0791015625 0.27294921875 0.029296875 0.0302734375
0 0.20703125 0.16845703125 0.05859375 0.0576171875
0 0.93994140625 0.5205078125 0.0322265625 0.03515625
0 0.7802734375 0.38232421875 0.03125 0.0302734375
0 0.1591796875 0.8759765625 0.16796875 0.16796875
0 0.9267578125 0.41943359375 0.044921875 0.0966796875
0 0.52001953125 0.18603515625 0.0244140625 0.0283203125
0 0.873046875 0.94970703125 0.029296875 0.0263671875
0 0.7685546875 0.267578125 0.07421875 0.07421875
0 0.33349609375 0.45703125 0.0458984375 0.044921875
0 0.8681640625 0.2646484375 0.07421875 0.021484375
0 0.18408203125 0.24609375 0.0380859375 0.029296875
0 0.15283203125 0.08935546875 0.1806640625 0.0615234375
0 0.8681640625 0.65087890625 0.046875 0.0615234375
0 0.025390625 0.84228515625 0.0390625 0.1142578125
0 0.66064453125 0.82080078125 0.0263671875 0.0263671875
0 0.20361328125 0.57373046875 0.1357421875 0.1552734375
0 0.1953125 0.3818359375 0.076171875 0.224609375
0 0.62158203125 0.81298828125 0.0400390625 0.0419921875
0 0.02587890625 0.62353515625 0.0302734375 0.0205078125
0 0.82421875 0.828125 0.037109375 0.033203125