0 0.48291015625 0.49365234375 0.0361328125 0.0380859375
0 0.3544921875 0.79833984375 0.494140625 0.1533203125
0 0.5185546875 0.25439453125 0.419921875 0.2529296875
0 0.32080078125 0.05615234375 0.1357421875 0.0732421875
0 0.2431640625 0.494140625 0.169921875 0.1484375
0 0.57861328125 0.67578125 0.0751953125 0.076171875
0 0.96044921875 0.193359375 0.0283203125 0.033203125
0 0.8427734375 0.69482421875 0.033203125 0.0322265625
0 0.2666015625 0.9775390625 0.076171875 0.0390625
0 0.35107421875 0.40283203125 0.0244140625 0.0205078125
0 0.716796875 0.765625 0.177734375 0.060546875
0 0.1494140625 0.2578125 0.203125 0.203125
0 0.82958984375 0.41650390625 0.0283203125 0.0283203125
0 0.86669921875 0.25732421875 0.0615234375 0.0185546875
0 0.970703125 0.421875 0.021484375 0.01953125
0 0.95458984375 0.810546875 0.0517578125 0.05078125
0 0.8994140625 0.1494140625 0.03125 0.033203125
0 0.91552734375 0.2802734375 0.0185546875 0.015625
0 0.91748046875 0.60498046875 0.0732421875 0.2333984375
0 0.697265625 0.4794921875 0.041015625 0.041015625
0 0.7802734375 0.89794921875 0.072265625 0.2001953125
0 0.7236328125 0.6005859375 0.1484375 0.1484375
0 0.5615234375 0.4609375 0.03125 0.033203125
0 0.30859375 0.62939453125 0.42578125 0.0908203125
0 0.81982421875 0.1875 0.0458984375 0.044921875
0 0.93798828125 0.91845703125 0.1083984375 0.1103515625
0 0.9599609375 0.3125 0.060546875 0.0546875
0 0.43896484375 0.52490234375 0.0439453125 0.0439453125
0 0.76904296875 0.31689453125 0.0771484375 0.1669921875
0 0.865234375 0.2978515625 0.029296875 0.03125
0 0.77587890625 0.12060546875 0.0791015625 0.0283203125
0 0.548828125 0.5498046875 0.03515625 0.04296875
0 0.0791015625 0.408203125 0.033203125 0.04296875
0 0.84228515625 0.5341796875 0.0439453125 0.056640625
0 0.44189453125 0.0595703125 0.0419921875 0.044921875
0 0.8447265625 0.9072265625 0.04296875 0.04296875
0 0.9609375 0.7392578125 0.021484375 0.02734375
0 0.63623046875 0.953125 0.1005859375 0.087890625
0 0.064453125 0.888671875 0.0703125 0.16796875
0 0.63525390625 0.830078125 0.0322265625 0.0234375
0 0.6240234375 0.45751953125 0.060546875 0.0615234375
0 0.060546875 0.59716796875 0.04296875 0.0322265625
0 0.71240234375 0.4326171875 0.1123046875 0.046875
0 0.08984375 0.75 0.03125 0.0234375
0 0.556640625 0.9248046875 0.0390625 0.041015625