0 0.25146484375 0.75244140625 0.1396484375 0.0478515625
0 0.8193359375 0.447265625 0.0234375 0.021484375
0 0.4638671875 0.466796875 0.02734375 0.03515625
0 0.3427734375 0.7021484375 0.046875 0.046875
0 0.5830078125 0.8642578125 0.056640625 0.1640625
0 0.76611328125 0.6513671875 0.0400390625 0.03125
0 0.50927734375 0.3427734375 0.1767578125 0.154296875
0 0.7080078125 0.07861328125 0.056640625 0.0576171875
0 0.9619140625 0.7998046875 0.04296875 0.052734375
0 0.51318359375 0.20166015625 0.0244140625 0.0244140625
0 0.478515625 0.927734375 0.05078125 0.037109375
0 0.79541015625 0.20751953125 0.0224609375 0.0263671875
0 0.9560546875 0.18505859375 0.03125 0.0322265625
0 0.7197265625 0.3662109375 0.02734375 0.0234375
0 0.416015625 0.51416015625 0.0390625 0.0361328125
0 0.83642578125 0.76416015625 0.0908203125 0.3095703125
0 0.12646484375 0.8740234375 0.0966796875 0.232421875
0 0.7470703125 0.470703125 0.05078125 0.052734375
0 0.375 0.07861328125 0.234375 0.1298828125
0 0.25146484375 0.52197265625 0.0341796875 0.0341796875
0 0.09423828125 0.52734375 0.0869140625 0.0859375
0 0.07470703125 0.2822265625 0.0283203125 0.03515625
0 0.75634765625 0.69384765625 0.0419921875 0.0439453125
0 0.12548828125 0.17138671875 0.1806640625 0.1806640625
0 0.46728515625 0.70556640625 0.1083984375 0.0556640625
0 0.94677734375 0.41455078125 0.1025390625 0.3173828125
0 0.52099609375 0.54931640625 0.0751953125 0.0263671875
0 0.25390625 0.64306640625 0.029296875 0.0244140625
0 0.72216796875 0.88916015625 0.0263671875 0.0185546875
0 0.78759765625 0.3388671875 0.1025390625 0.08984375
0 0.72021484375 0.1533203125 0.2197265625 0.04296875
0 0.65673828125 0.6328125 0.0693359375 0.208984375
0 0.365234375 0.6171875 0.03125 0.033203125
0 0.572265625 0.63330078125 0.080078125 0.0908203125
0 0.1953125 0.357421875 0.171875 0.171875
0 0.3974609375 0.81396484375 0.123046875 0.1396484375
0 0.31884765625 0.521484375 0.0927734375 0.037109375
0 0.85107421875 0.205078125 0.0205078125 0.021484375
0 0.84130859375 0.24072265625 0.0302734375 0.0302734375
0 0.640625 0.34423828125 0.03515625 0.0458984375
0 0.95556640625 0.67236328125 0.0732421875 0.1669921875
0 0.6806640625 0.2548828125 0.107421875 0.109375
0 0.52392578125 0.97705078125 0.0380859375 0.0380859375
0 0.86376953125 0.12890625 0.0400390625 0.04296875
0 0.580078125 0.0341796875 0.0390625 0.0390625
0 0.57958984375 0.49951171875 0.0693359375 0.0205078125