0 0.36669921875 0.4326171875 0.0693359375 0.01953125
0 0.529296875 0.4658203125 0.033203125 0.033203125
0 0.2734375 0.232421875 0.052734375 0.046875
0 0.7333984375 0.5126953125 0.09765625 0.099609375
0 0.52880859375 0.6025390625 0.0263671875 0.02734375
0 0.72900390625 0.11962890625 0.0322265625 0.0400390625
0 0.548828125 0.708984375 0.052734375 0.056640625
0 0.39111328125 0.22900390625 0.0947265625 0.1083984375
0 0.3701171875 0.3037109375 0.0390625 0.033203125
0 0.21337890625 0.3017578125 0.0283203125 0.025390625
0 0.6435546875 0.22265625 0.076171875 0.181640625
0 0.4296875 0.6884765625 0.12109375 0.123046875
0 0.58642578125 0.80517578125 0.0791015625 0.0810546875
0 0.34033203125 0.8076171875 0.3583984375 0.0703125
0 0.3701171875 0.48828125 0.111328125 0.041015625
0 0.54638671875 0.33349609375 0.0517578125 0.0517578125
0 0.87158203125 0.36279296875 0.1142578125 0.3681640625
0 0.107421875 0.50048828125 0.0390625 0.0302734375
0 0.333984375 0.64794921875 0.064453125 0.0478515625
0 0.60205078125 0.34619140625 0.0439453125 0.0576171875
0 0.2509765625 0.04296875 0.087890625 0.076171875
0 0.5732421875 0.90478515625 0.07421875 0.0732421875
0 0.50537109375 0.07666015625 0.0263671875 0.0263671875
0 0.2421875 0.4775390625 0.03125 0.033203125
0 0.408203125 0.037109375 0.044921875 0.046875
0 0.486328125 0.23291015625 0.015625 0.0107421875
0 0.19873046875 0.68994140625 0.1923828125 0.1064453125
0 0.650390625 0.40234375 0.046875 0.05078125
0 0.77294921875 0.75927734375 0.0146484375 0.0166015625
0 0.83349609375 0.890625 0.0751953125 0.21875
0 0.8115234375 0.08642578125 0.056640625 0.1220703125
0 0.4814453125 0.9072265625 0.072265625 0.037109375
0 0.3876953125 0.96728515625 0.0625 0.0615234375
0 0.34423828125 0.57763671875 0.0400390625 0.0400390625
0 0.90625 0.61572265625 0.109375 0.0341796875
0 0.12890625 0.17724609375 0.025390625 0.0224609375
0 0.1533203125 0.96630859375 0.033203125 0.0400390625
0 0.70166015625 0.66357421875 0.1552734375 0.1552734375
0 0.16943359375 0.478515625 0.0771484375 0.24609375
0 0.41064453125 0.88671875 0.0576171875 0.0234375
0 0.07958984375 0.61083984375 0.0419921875 0.0439453125
0 0.4794921875 0.14892578125 0.03515625 0.0341796875
0 0.26953125 0.40576171875 0.07421875 0.0849609375
0 0.28759765625 0.298828125 0.0634765625 0.083984375