0 0.6181640625 0.66064453125 0.0703125 0.1513671875
0 0.61328125 0.134765625 0.123046875 0.107421875
0 0.65771484375 0.36083984375 0.4912109375 0.2900390625
0 0.37353515625 0.70458984375 0.2841796875 0.2841796875
0 0.37060546875 0.185546875 0.0556640625 0.154296875
0 0.173828125 0.31982421875 0.033203125 0.0341796875
0 0.2353515625 0.109375 0.12890625 0.130859375
0 0.7080078125 0.6669921875 0.0546875 0.072265625
0 0.85693359375 0.76123046875 0.0986328125 0.1005859375
0 0.9375 0.36328125 0.05078125 0.037109375
0 0.88916015625 0.19091796875 0.0302734375 0.0322265625
0 0.06787109375 0.78857421875 0.0341796875 0.0341796875
0 0.28857421875 0.9521484375 0.0751953125 0.07421875
0 0.560546875 0.62646484375 0.041015625 0.0341796875
0 0.7509765625 0.89208984375 0.423828125 0.1572265625
0 0.90771484375 0.10498046875 0.0380859375 0.0380859375
0 0.1103515625 0.4169921875 0.01953125 0.01953125
0 0.1416015625 0.1494140625 0.025390625 0.03125
0 0.3447265625 0.53076171875 0.017578125 0.0205078125
0 0.13818359375 0.79541015625 0.0263671875 0.0244140625
0 0.15478515625 0.25439453125 0.1103515625 0.0439453125
0 0.3203125 0.4228515625 0.16796875 0.16796875
0 0.1513671875 0.75830078125 0.037109375 0.0400390625
0 0.03369140625 0.28271484375 0.0634765625 0.1884765625
0 0.8955078125 0.64501953125 0.142578125 0.0732421875
0 0.81640625 0.06689453125 0.046875 0.0458984375
0 0.2138671875 0.38623046875 0.029296875 0.0224609375
0 0.0791015625 0.48779296875 0.078125 0.0224609375
0 0.1513671875 0.34912109375 0.0234375 0.0166015625
0 0.0751953125 0.14794921875 0.046875 0.0576171875
0 0.14111328125 0.88671875 0.1533203125 0.052734375
0 0.7158203125 0.18408203125 0.052734375 0.0556640625
0 0.0498046875 0.52685546875 0.05859375 0.0205078125
0 0.19140625 0.56396484375 0.060546875 0.0556640625
0 0.13671875 0.951171875 0.130859375 0.072265625
0 0.7646484375 0.529296875 0.03125 0.041015625
0 0.6787109375 0.53125 0.03515625 0.03515625
0 0.2421875 0.86376953125 0.021484375 0.0224609375
0 0.79150390625 0.140625 0.0849609375 0.07421875
0 0.9560546875 0.57177734375 0.044921875 0.0478515625
0 0.0693359375 0.63720703125 0.12109375 0.1376953125
0 0.14306640625 0.61962890625 0.0244140625 0.0205078125
0 0.74560546875 0.0771484375 0.0458984375 0.044921875
0 0.50830078125 0.1796875 0.0537109375 0.0546875
0 0.43505859375 0.0869140625 0.0537109375 0.12890625