0 0.15771484375 0.68603515625 0.0224609375 0.0283203125
0 0.43798828125 0.388671875 0.0556640625 0.0546875
0 0.375 0.150390625 0.03125 0.033203125
0 0.93310546875 0.38916015625 0.1005859375 0.3427734375
0 0.73779296875 0.1171875 0.1064453125 0.12109375
0 0.041015625 0.16259765625 0.0703125 0.0810546875
0 0.37744140625 0.0869140625 0.0322265625 0.041015625
0 0.58203125 0.39306640625 0.146484375 0.1279296875
0 0.43408203125 0.69677734375 0.0400390625 0.0400390625
0 0.55029296875 0.75537109375 0.0380859375 0.0341796875
0 0.8720703125 0.16162109375 0.07421875 0.0751953125
0 0.2919921875 0.3828125 0.033203125 0.041015625
0 0.33349609375 0.46875 0.0654296875 0.048828125
0 0.56884765625 0.06494140625 0.2236328125 0.1201171875
0 0.27001953125 0.1982421875 0.0458984375 0.0390625
0 0.4306640625 0.02734375 0.02734375 0.01953125
0 0.8193359375 0.74267578125 0.02734375 0.0263671875
0 0.3857421875 0.564453125 0.013671875 0.015625
0 0.13330078125 0.853515625 0.0361328125 0.0390625
0 0.7412109375 0.7529296875 0.080078125 0.08203125
0 0.5224609375 0.5791015625 0.130859375 0.1328125
0 0.43408203125 0.80078125 0.0673828125 0.15234375
0 0.1494140625 0.32177734375 0.0390625 0.0517578125
0 0.52392578125 0.90380859375 0.0244140625 0.0224609375
0 0.89892578125 0.6064453125 0.0419921875 0.044921875
0 0.650390625 0.2666015625 0.05078125 0.05078125
0 0.83837890625 0.94091796875 0.0712890625 0.0283203125
0 0.0517578125 0.42529296875 0.076171875 0.0224609375
0 0.34716796875 0.2783203125 0.1142578125 0.05859375
0 0.21435546875 0.13818359375 0.0361328125 0.0380859375
0 0.14208984375 0.93994140625 0.0888671875 0.0302734375
0 0.376953125 0.6318359375 0.0390625 0.041015625
0 0.677734375 0.88525390625 0.08203125 0.0302734375
0 0.4111328125 0.4423828125 0.025390625 0.025390625
0 0.498046875 0.67724609375 0.01953125 0.0166015625
0 0.41748046875 0.32958984375 0.0263671875 0.0263671875
0 0.78857421875 0.44677734375 0.1259765625 0.3759765625
0 0.27490234375 0.65966796875 0.1025390625 0.3037109375
0 0.77783203125 0.689453125 0.0185546875 0.013671875
0 0.86865234375 0.84619140625 0.0751953125 0.0732421875
0 0.3359375 0.9677734375 0.03515625 0.037109375
0 0.05029296875 0.7509765625 0.0751953125 0.21875
0 0.03125 0.2822265625 0.0546875 0.126953125
0 0.09228515625 0.53759765625 0.1708984375 0.1708984375
0 0.49755859375 0.27783203125 0.0966796875 0.0849609375