0 0.9560546875 0.2587890625 0.029296875 0.01953125
0 0.62744140625 0.53857421875 0.0380859375 0.0380859375
0 0.17822265625 0.455078125 0.2861328125 0.642578125
0 0.85205078125 0.658203125 0.0302734375 0.02734375
0 0.8564453125 0.892578125 0.037109375 0.048828125
0 0.369140625 0.1630859375 0.056640625 0.0546875
0 0.7470703125 0.16845703125 0.091796875 0.2744140625
0 0.71923828125 0.82275390625 0.0830078125 0.1806640625
0 0.37548828125 0.86474609375 0.4736328125 0.1552734375
0 0.35546875 0.25537109375 0.052734375 0.0634765625
0 0.869140625 0.11474609375 0.05078125 0.0537109375
0 0.8349609375 0.70166015625 0.0625 0.0185546875
0 0.72509765625 0.59521484375 0.1474609375 0.1474609375
0 0.1181640625 0.89453125 0.037109375 0.0390625
0 0.51123046875 0.4326171875 0.1142578125 0.53515625
0 0.65576171875 0.84521484375 0.0400390625 0.0302734375
0 0.640625 0.40185546875 0.064453125 0.1904296875
0 0.16845703125 0.06201171875 0.2236328125 0.1201171875
0 0.42578125 0.12060546875 0.0390625 0.0302734375
0 0.6259765625 0.11669921875 0.107421875 0.0341796875
0 0.76318359375 0.44677734375 0.0771484375 0.0888671875
0 0.3740234375 0.9794921875 0.0390625 0.0390625
0 0.9501953125 0.42236328125 0.06640625 0.0341796875
0 0.86669921875 0.5625 0.1337890625 0.1171875
0 0.40185546875 0.36572265625 0.0400390625 0.0517578125
0 0.9111328125 0.28466796875 0.02734375 0.0341796875
0 0.9716796875 0.75830078125 0.044921875 0.0439453125
0 0.42919921875 0.654296875 0.0302734375 0.025390625
0 0.8662109375 0.98388671875 0.01953125 0.0224609375
0 0.3515625 0.52685546875 0.037109375 0.0400390625
0 0.49072265625 0.08203125 0.0693359375 0.16015625
0 0.86767578125 0.34814453125 0.0830078125 0.0751953125
0 0.60888671875 0.1884765625 0.0595703125 0.060546875
0 0.798828125 0.8388671875 0.041015625 0.03515625
0 0.03564453125 0.86865234375 0.0634765625 0.1748046875
0 0.96484375 0.931640625 0.03125 0.033203125
0 0.4111328125 0.43994140625 0.0703125 0.0693359375
0 0.6064453125 0.27099609375 0.060546875 0.0634765625
0 0.59130859375 0.75439453125 0.1123046875 0.0419921875
0 0.8662109375 0.8115234375 0.0703125 0.0703125
0 0.916015625 0.68115234375 0.0703125 0.0283203125
0 0.9150390625 0.2158203125 0.02734375 0.029296875
0 0.8759765625 0.4375 0.0390625 0.0390625