0 0.2607421875 0.52880859375 0.1171875 0.3720703125
0 0.361328125 0.06982421875 0.115234375 0.0595703125
0 0.60009765625 0.2001953125 0.4130859375 0.087890625
0 0.22607421875 0.900390625 0.1044921875 0.0390625
0 0.82177734375 0.44482421875 0.2431640625 0.0751953125
0 0.35595703125 0.7607421875 0.0888671875 0.08984375
0 0.7919921875 0.86962890625 0.056640625 0.0615234375
0 0.11181640625 0.46337890625 0.0400390625 0.0517578125
0 0.119140625 0.1796875 0.19921875 0.19921875
0 0.18408203125 0.9775390625 0.1083984375 0.033203125
0 0.47216796875 0.8525390625 0.0830078125 0.228515625
0 0.5986328125 0.53955078125 0.138671875 0.1416015625
0 0.9423828125 0.748046875 0.08203125 0.072265625
0 0.57373046875 0.4130859375 0.0341796875 0.044921875
0 0.861328125 0.21484375 0.0703125 0.052734375
0 0.9443359375 0.8955078125 0.080078125 0.091796875
0 0.41748046875 0.01953125 0.0302734375 0.025390625
0 0.78955078125 0.6748046875 0.1064453125 0.3125
0 0.0224609375 0.84521484375 0.03125 0.0380859375
0 0.81494140625 0.0859375 0.0458984375 0.044921875
0 0.4296875 0.47412109375 0.125 0.4033203125
0 0.7666015625 0.34326171875 0.16796875 0.0537109375
0 0.142578125 0.833984375 0.04296875 0.044921875
0 0.12841796875 0.74853515625 0.0693359375 0.0673828125
0 0.7763671875 0.1044921875 0.021484375 0.0234375
0 0.7666015625 0.04052734375 0.037109375 0.0380859375
0 0.2802734375 0.19580078125 0.076171875 0.1748046875
0 0.07958984375 0.36474609375 0.1396484375 0.0771484375
0 0.69970703125 0.52392578125 0.0458984375 0.0458984375
0 0.6669921875 0.73486328125 0.076171875 0.1650390625
0 0.70849609375 0.0390625 0.0439453125 0.04296875
0 0.02392578125 0.54833984375 0.0341796875 0.0263671875
0 0.5517578125 0.69580078125 0.013671875 0.0126953125
0 0.76025390625 0.2734375 0.0498046875 0.052734375
0 0.60986328125 0.4189453125 0.0283203125 0.01953125
0 0.919921875 0.3857421875 0.041015625 0.041015625
0 0.900390625 0.56103515625 0.10546875 0.1201171875
0 0.06640625 0.94384765625 0.078125 0.0712890625
0 0.34814453125 0.4853515625 0.0185546875 0.021484375
0 0.94189453125 0.07861328125 0.0263671875 0.0322265625
0 0.54443359375 0.95654296875 0.0576171875 0.0595703125
0 0.59716796875 0.951171875 0.0322265625 0.03515625
0 0.158203125 0.0146484375 0.025390625 0.025390625
0 0.1220703125 0.64208984375 0.15625 0.1376953125
0 0.71435546875 0.6337890625 0.0244140625 0.021484375
0 0.177734375 0.4677734375 0.029296875 0.029296875
0 0.52392578125 0.037109375 0.1142578125 0.046875