0 0.2041015625 0.5615234375 0.0390625 0.109375
0 0.15625 0.62353515625 0.03125 0.0341796875
0 0.25341796875 0.22314453125 0.0419921875 0.0419921875
0 0.3916015625 0.4423828125 0.10546875 0.107421875
0 0.4970703125 0.7939453125 0.3046875 0.3046875
0 0.18505859375 0.43115234375 0.0205078125 0.0244140625
0 0.64404296875 0.0869140625 0.0537109375 0.048828125
0 0.92724609375 0.1201171875 0.0732421875 0.07421875
0 0.84375 0.3994140625 0.052734375 0.0703125
0 0.0263671875 0.1240234375 0.03125 0.033203125
0 0.669921875 0.44921875 0.17578125 0.17578125
0 0.5322265625 0.11865234375 0.068359375 0.0673828125
0 0.119140625 0.134765625 0.02734375 0.0234375
0 0.91796875 0.31103515625 0.0625 0.0654296875
0 0.7763671875 0.72802734375 0.060546875 0.0732421875
0 0.16552734375 0.3076171875 0.3017578125 0.09375
0 0.3779296875 0.0537109375 0.041015625 0.044921875
0 0.875 0.6728515625 0.0234375 0.017578125
0 0.0859375 0.201171875 0.109375 0.037109375
0 0.87548828125 0.61962890625 0.0830078125 0.0244140625
0 0.744140625 0.27685546875 0.19921875 0.1103515625
0 0.6142578125 0.1513671875 0.041015625 0.041015625
0 0.484375 0.46435546875 0.044921875 0.1083984375
0 0.4462890625 0.541015625 0.01953125 0.013671875
0 0.39501953125 0.2177734375 0.0556640625 0.0546875
0 0.27734375 0.1142578125 0.1328125 0.15234375
0 0.486328125 0.5908203125 0.029296875 0.03125
0 0.279296875 0.69873046875 0.12109375 0.0498046875
0 0.11474609375 0.51416015625 0.0322265625 0.0322265625
0 0.26611328125 0.76708984375 0.0556640625 0.0419921875
0 0.869140625 0.54052734375 0.078125 0.0791015625
0 0.5380859375 0.294921875 0.08203125 0.09375
0 0.7919921875 0.0869140625 0.041015625 0.04296875
0 0.912109375 0.4541015625 0.0390625 0.0390625
0 0.232421875 0.97705078125 0.111328125 0.0400390625
0 0.27099609375 0.923828125 0.0205078125 0.017578125
0 0.8896484375 0.79541015625 0.13671875 0.1201171875
0 0.03955078125 0.86572265625 0.0498046875 0.1142578125
0 0.705078125 0.57861328125 0.138671875 0.0712890625
0 0.1328125 0.4501953125 0.0546875 0.052734375
0 0.3955078125 0.5908203125 0.0390625 0.05078125
0 0.48828125 0.22900390625 0.029296875 0.0263671875
0 0.35205078125 0.541015625 0.0341796875 0.04296875