0 0.8583984375 0.7978515625 0.08984375 0.291015625
0 0.05908203125 0.880859375 0.0849609375 0.09765625
0 0.6787109375 0.06982421875 0.068359375 0.0693359375
0 0.13623046875 0.72900390625 0.0537109375 0.0654296875
0 0.15380859375 0.27001953125 0.0283203125 0.0263671875
0 0.173828125 0.515625 0.041015625 0.041015625
0 0.568359375 0.2158203125 0.033203125 0.03515625
0 0.0634765625 0.47900390625 0.068359375 0.0673828125
0 0.845703125 0.3818359375 0.08984375 0.283203125
0 0.55126953125 0.79345703125 0.0810546875 0.2392578125
0 0.38134765625 0.55517578125 0.1611328125 0.6923828125
0 0.43017578125 0.10546875 0.1845703125 0.162109375
0 0.70654296875 0.58984375 0.1337890625 0.068359375
0 0.572265625 0.54150390625 0.08203125 0.0712890625
0 0.93408203125 0.77783203125 0.0361328125 0.0361328125
0 0.111328125 0.94775390625 0.015625 0.0107421875
0 0.234375 0.3798828125 0.041015625 0.041015625
0 0.08984375 0.8046875 0.03125 0.033203125
0 0.76123046875 0.49853515625 0.0205078125 0.0244140625
0 0.63232421875 0.25341796875 0.0556640625 0.0595703125
0 0.73779296875 0.21728515625 0.0693359375 0.1904296875
0 0.19970703125 0.80224609375 0.0908203125 0.0322265625
0 0.07568359375 0.60205078125 0.0947265625 0.0322265625
0 0.1904296875 0.1357421875 0.1015625 0.234375
0 0.09228515625 0.23828125 0.0888671875 0.1015625
0 0.51953125 0.330078125 0.111328125 0.11328125
0 0.255859375 0.5390625 0.0390625 0.08984375
0 0.26611328125 0.17431640625 0.0244140625 0.0263671875
0 0.6494140625 0.81494140625 0.033203125 0.0322265625
0 0.92236328125 0.35888671875 0.0439453125 0.0576171875
0 0.6513671875 0.19091796875 0.046875 0.0341796875
0 0.083984375 0.71435546875 0.046875 0.0458984375
0 0.685546875 0.42529296875 0.033203125 0.0283203125
0 0.62548828125 0.88330078125 0.0244140625 0.0302734375
0 0.82568359375 0.08251953125 0.0830078125 0.0341796875
0 0.19189453125 0.6044921875 0.0888671875 0.02734375
0 0.9365234375 0.50537109375 0.07421875 0.0673828125
0 0.85205078125 0.6123046875 0.0205078125 0.015625
0 0.232421875 0.92333984375 0.0390625 0.0400390625
0 0.93701171875 0.96484375 0.0283203125 0.0234375
0 0.7138671875 0.89697265625 0.08203125 0.0830078125
0 0.224609375 0.693359375 0.03515625 0.037109375
0 0.73681640625 0.53466796875 0.0380859375 0.0380859375
0 0.64306640625 0.30712890625 0.0361328125 0.0458984375