0 0.6611328125 0.22900390625 0.076171875 0.0751953125
0 0.4541015625 0.43603515625 0.12890625 0.3994140625
0 0.62890625 0.2861328125 0.02734375 0.021484375
0 0.36962890625 0.76708984375 0.3427734375 0.2021484375
0 0.02978515625 0.8486328125 0.0361328125 0.02734375
0 0.1103515625 0.45556640625 0.16796875 0.1474609375
0 0.83935546875 0.51220703125 0.0400390625 0.0478515625
0 0.88720703125 0.25927734375 0.0322265625 0.0341796875
0 0.61083984375 0.08349609375 0.1005859375 0.1025390625
0 0.7490234375 0.775390625 0.115234375 0.365234375
0 0.14990234375 0.3251953125 0.0146484375 0.017578125
0 0.052734375 0.66455078125 0.07421875 0.2138671875
0 0.13037109375 0.84619140625 0.0517578125 0.0556640625
0 0.271484375 0.16015625 0.4375 0.0859375
0 0.8193359375 0.2451171875 0.095703125 0.109375
0 0.888671875 0.86669921875 0.09765625 0.2333984375
0 0.63916015625 0.4892578125 0.0712890625 0.0703125
0 0.8828125 0.05908203125 0.115234375 0.0361328125
0 0.60986328125 0.79248046875 0.0380859375 0.0380859375
0 0.951171875 0.28076171875 0.03515625 0.0302734375
0 0.4013671875 0.041015625 0.076171875 0.03125
0 0.74755859375 0.423828125 0.1064453125 0.0390625
0 0.06787109375 0.271484375 0.0205078125 0.013671875
0 0.94775390625 0.1640625 0.0400390625 0.052734375
0 0.28564453125 0.5146484375 0.1416015625 0.14453125
0 0.1259765625 0.7255859375 0.037109375 0.037109375
0 0.57763671875 0.9228515625 0.1201171875 0.10546875
0 0.20654296875 0.94970703125 0.1318359375 0.0673828125
0 0.2861328125 0.060546875 0.052734375 0.0703125
0 0.1796875 0.3408203125 0.04296875 0.044921875
0 0.7412109375 0.32080078125 0.07421875 0.0224609375
0 0.7578125 0.0458984375 0.078125 0.0703125
0 0.3486328125 0.93798828125 0.029296875 0.0244140625
0 0.22216796875 0.419921875 0.0419921875 0.04296875
0 0.88916015625 0.654296875 0.1533203125 0.17578125
0 0.587890625 0.244140625 0.03515625 0.037109375
0 0.2744140625 0.37744140625 0.013671875 0.0126953125
0 0.0810546875 0.97021484375 0.02734375 0.0341796875
0 0.74951171875 0.482421875 0.0302734375 0.03125
0 0.5693359375 0.2861328125 0.0390625 0.0390625
0 0.6396484375 0.66845703125 0.037109375 0.0849609375
0 0.10107421875 0.04443359375 0.0458984375 0.0478515625
0 0.97900390625 0.095703125 0.0419921875 0.041015625
0 0.94775390625 0.36962890625 0.0732421875 0.0732421875