0 0.4560546875 0.08447265625 0.041015625 0.0361328125
0 0.13525390625 0.31298828125 0.2158203125 0.2158203125
0 0.17138671875 0.544921875 0.0205078125 0.025390625
0 0.91943359375 0.87353515625 0.1201171875 0.1376953125
0 0.93994140625 0.29248046875 0.1103515625 0.0966796875
0 0.375 0.767578125 0.267578125 0.087890625
0 0.65625 0.0302734375 0.080078125 0.0234375
0 0.8056640625 0.47216796875 0.048828125 0.0478515625
0 0.48388671875 0.56396484375 0.2880859375 0.2880859375
0 0.22314453125 0.69921875 0.0185546875 0.01953125
0 0.95068359375 0.49169921875 0.0458984375 0.0458984375
0 0.15576171875 0.48681640625 0.0205078125 0.0205078125
0 0.79931640625 0.6240234375 0.0361328125 0.0390625
0 0.82958984375 0.83837890625 0.0322265625 0.0341796875
0 0.56494140625 0.291015625 0.0419921875 0.12109375
0 0.76220703125 0.37841796875 0.1318359375 0.0673828125
0 0.07421875 0.6767578125 0.13671875 0.466796875
0 0.69287109375 0.57080078125 0.0458984375 0.0478515625
0 0.71728515625 0.2451171875 0.0283203125 0.025390625
0 0.453125 0.869140625 0.421875 0.08984375
0 0.404296875 0.3662109375 0.041015625 0.052734375
0 0.0458984375 0.09375 0.076171875 0.078125
0 0.2216796875 0.7431640625 0.02734375 0.02734375
0 0.76708984375 0.83056640625 0.0673828125 0.1533203125
0 0.59521484375 0.94140625 0.0224609375 0.015625
0 0.83203125 0.08447265625 0.021484375 0.0263671875
0 0.73193359375 0.96435546875 0.0537109375 0.0400390625
0 0.7880859375 0.1494140625 0.046875 0.056640625
0 0.5400390625 0.123046875 0.04296875 0.04296875
0 0.37353515625 0.2548828125 0.1337890625 0.07421875
0 0.314453125 0.1875 0.046875 0.046875
0 0.38818359375 0.97705078125 0.0322265625 0.0341796875
0 0.19287109375 0.07080078125 0.1083984375 0.1240234375
0 0.73095703125 0.64501953125 0.0751953125 0.0771484375
0 0.64892578125 0.59912109375 0.0341796875 0.0361328125
0 0.97802734375 0.16845703125 0.0263671875 0.0205078125
0 0.2255859375 0.58447265625 0.078125 0.0322265625
0 0.857421875 0.67919921875 0.0546875 0.0537109375
0 0.728515625 0.4599609375 0.048828125 0.064453125
0 0.79736328125 0.693359375 0.0341796875 0.029296875
0 0.36474609375 0.09765625 0.1318359375 0.115234375
0 0.63916015625 0.73095703125 0.1181640625 0.0439453125
0 0.646484375 0.103515625 0.087890625 0.0859375
0 0.90087890625 0.439453125 0.0927734375 0.029296875
0 0.9619140625 0.6748046875 0.0625 0.056640625
0 0.28564453125 0.38916015625 0.0830078125 0.1904296875
0 0.90380859375 0.11083984375 0.0673828125 0.2099609375