0 0.58642578125 0.75341796875 0.0654296875 0.1513671875
0 0.41064453125 0.486328125 0.2646484375 0.9453125
0 0.14794921875 0.34326171875 0.0244140625 0.0263671875
0 0.6279296875 0.17236328125 0.048828125 0.1064453125
0 0.60400390625 0.64453125 0.0576171875 0.056640625
0 0.68115234375 0.4091796875 0.0458984375 0.048828125
0 0.08203125 0.41943359375 0.0390625 0.0419921875
0 0.24560546875 0.82666015625 0.0322265625 0.0341796875
0 0.19091796875 0.505859375 0.0322265625 0.0390625
0 0.70263671875 0.34423828125 0.1298828125 0.0537109375
0 0.9755859375 0.44091796875 0.021484375 0.0166015625
0 0.853515625 0.43212890625 0.080078125 0.2412109375
0 0.72216796875 0.5751953125 0.0595703125 0.064453125
0 0.0458984375 0.953125 0.01953125 0.01953125
0 0.70849609375 0.8603515625 0.0439453125 0.12890625
0 0.7822265625 0.2119140625 0.08984375 0.091796875
0 0.8955078125 0.873046875 0.16015625 0.140625
0 0.8720703125 0.2802734375 0.01953125 0.0234375
0 0.94873046875 0.78125 0.0244140625 0.021484375
0 0.11962890625 0.61279296875 0.1044921875 0.0537109375
0 0.68994140625 0.21337890625 0.0185546875 0.0166015625
0 0.0498046875 0.14306640625 0.07421875 0.0732421875
0 0.86865234375 0.75830078125 0.0712890625 0.0712890625
0 0.8515625 0.1064453125 0.017578125 0.021484375
0 0.91015625 0.62939453125 0.12890625 0.1318359375
0 0.22705078125 0.26708984375 0.0908203125 0.2666015625
0 0.92138671875 0.24462890625 0.0478515625 0.0634765625
0 0.66455078125 0.26318359375 0.1357421875 0.0458984375
0 0.24951171875 0.09814453125 0.0244140625 0.0322265625
0 0.6015625 0.10888671875 0.0234375 0.0166015625
0 0.14990234375 0.7734375 0.0791015625 0.080078125
0 0.05419921875 0.7685546875 0.0498046875 0.048828125
0 0.044921875 0.462890625 0.04296875 0.0390625
0 0.955078125 0.1748046875 0.041015625 0.04296875
0 0.18310546875 0.916015625 0.0888671875 0.025390625
0 0.61279296875 0.51171875 0.1162109375 0.1328125
0 0.8798828125 0.138671875 0.0546875 0.041015625
0 0.072265625 0.064453125 0.0390625 0.0390625
0 0.5947265625 0.3447265625 0.037109375 0.03125
0 0.73291015625 0.69970703125 0.1513671875 0.1728515625
0 0.97998046875 0.49365234375 0.0263671875 0.0263671875
0 0.78125 0.0830078125 0.078125 0.029296875