0 0.18017578125 0.607421875 0.0439453125 0.046875
0 0.548828125 0.31494140625 0.525390625 0.2783203125
0 0.1142578125 0.2919921875 0.197265625 0.197265625
0 0.18505859375 0.025390625 0.1083984375 0.04296875
0 0.82421875 0.47216796875 0.021484375 0.0166015625
0 0.6904296875 0.732421875 0.25 0.138671875
0 0.88037109375 0.8037109375 0.0380859375 0.041015625
0 0.43994140625 0.73388671875 0.1220703125 0.3779296875
0 0.28857421875 0.89306640625 0.0439453125 0.0439453125
0 0.853515625 0.509765625 0.025390625 0.02734375
0 0.65576171875 0.626953125 0.0361328125 0.046875
0 0.34521484375 0.84033203125 0.0576171875 0.0419921875
0 0.8720703125 0.19482421875 0.033203125 0.0439453125
0 0.2841796875 0.76611328125 0.07421875 0.0751953125
0 0.3251953125 0.65869140625 0.02734375 0.0322265625
0 0.79248046875 0.8837890625 0.0654296875 0.0234375
0 0.93798828125 0.93505859375 0.0419921875 0.1220703125
0 0.0830078125 0.68017578125 0.12890625 0.3857421875
0 0.92333984375 0.6826171875 0.0830078125 0.083984375
0 0.93212890625 0.43310546875 0.0576171875 0.0615234375
0 0.9404296875 0.0283203125 0.08203125 0.025390625
0 0.45703125 0.03759765625 0.076171875 0.0751953125
0 0.2099609375 0.9697265625 0.173828125 0.0546875
0 0.0576171875 0.0654296875 0.025390625 0.025390625
0 0.755859375 0.0537109375 0.125 0.064453125
0 0.60595703125 0.0859375 0.1455078125 0.166015625
0 0.95947265625 0.75244140625 0.0498046875 0.0517578125
0 0.15625 0.10693359375 0.130859375 0.1142578125
0 0.34326171875 0.8916015625 0.0478515625 0.046875
0 0.90673828125 0.15087890625 0.0322265625 0.0283203125
0 0.73046875 0.54296875 0.115234375 0.1171875
0 0.6015625 0.97607421875 0.02734375 0.0283203125
0 0.482421875 0.4873046875 0.060546875 0.060546875
0 0.888671875 0.32177734375 0.1484375 0.1298828125
0 0.7919921875 0.95556640625 0.01953125 0.0244140625
0 0.2900390625 0.55126953125 0.05859375 0.1357421875
0 0.251953125 0.220703125 0.025390625 0.021484375
0 0.83251953125 0.9599609375 0.0283203125 0.01953125
0 0.9619140625 0.0732421875 0.02734375 0.033203125
0 0.16650390625 0.51123046875 0.0205078125 0.0185546875
0 0.30029296875 0.10888671875 0.0380859375 0.0830078125
0 0.1279296875 0.90576171875 0.255859375 0.0498046875
0 0.6103515625 0.85498046875 0.0625 0.0615234375
0 0.38525390625 0.08251953125 0.0595703125 0.0537109375
0 0.943359375 0.240234375 0.02734375 0.02734375