0 0.60302734375 0.68505859375 0.1630859375 0.0556640625
0 0.6279296875 0.59716796875 0.0390625 0.0849609375
0 0.69287109375 0.318359375 0.5087890625 0.306640625
0 0.62890625 0.9443359375 0.046875 0.048828125
0 0.18115234375 0.48974609375 0.1396484375 0.6533203125
0 0.501953125 0.8134765625 0.046875 0.046875
0 0.69921875 0.78271484375 0.072265625 0.0712890625
0 0.384765625 0.87939453125 0.08984375 0.0263671875
0 0.87646484375 0.087890625 0.0205078125 0.021484375
0 0.810546875 0.7529296875 0.0625 0.0625
0 0.57177734375 0.79833984375 0.0732421875 0.1689453125
0 0.2734375 0.400390625 0.021484375 0.01953125
0 0.8916015625 0.67041015625 0.10546875 0.0927734375
0 0.32861328125 0.6240234375 0.0556640625 0.05859375
0 0.33642578125 0.5263671875 0.1220703125 0.107421875
0 0.04931640625 0.70068359375 0.0947265625 0.0966796875
0 0.04736328125 0.23779296875 0.0361328125 0.1064453125
0 0.58642578125 0.61181640625 0.0205078125 0.0263671875
0 0.1650390625 0.88427734375 0.021484375 0.0166015625
0 0.4501953125 0.87353515625 0.021484375 0.0263671875
0 0.7861328125 0.546875 0.099609375 0.041015625
0 0.431640625 0.7109375 0.076171875 0.224609375
0 0.7021484375 0.9345703125 0.029296875 0.03125
0 0.07861328125 0.91064453125 0.0869140625 0.0888671875
0 0.74755859375 0.68701171875 0.0400390625 0.0361328125
0 0.5263671875 0.921875 0.12890625 0.06640625
0 0.3671875 0.3408203125 0.103515625 0.1171875
0 0.71435546875 0.8759765625 0.0556640625 0.0546875
0 0.021484375 0.5673828125 0.03515625 0.04296875
0 0.8984375 0.8818359375 0.142578125 0.1640625
0 0.7666015625 0.81787109375 0.04296875 0.0361328125
0 0.87060546875 0.525390625 0.0283203125 0.03515625
0 0.98486328125 0.89111328125 0.0263671875 0.0263671875
0 0.443359375 0.0791015625 0.0234375 0.025390625
0 0.3837890625 0.95458984375 0.033203125 0.0322265625
0 0.31640625 0.705078125 0.037109375 0.037109375
0 0.30419921875 0.9794921875 0.0283203125 0.037109375
0 0.56494140625 0.9794921875 0.0302734375 0.033203125
0 0.34716796875 0.072265625 0.0576171875 0.05859375
0 0.6357421875 0.1123046875 0.27734375 0.05859375
0 0.0908203125 0.80810546875 0.037109375 0.0322265625
0 0.34375 0.2314453125 0.166015625 0.08984375
0 0.44921875 0.12890625 0.07421875 0.02734375
0 0.23193359375 0.92041015625 0.0693359375 0.0517578125
0 0.732421875 0.8291015625 0.017578125 0.01171875