0 0.67431640625 0.099609375 0.0283203125 0.021484375
0 0.43212890625 0.40966796875 0.1064453125 0.0439453125
0 0.14892578125 0.16796875 0.1025390625 0.330078125
0 0.64501953125 0.77294921875 0.0458984375 0.0458984375
0 0.68701171875 0.69580078125 0.0322265625 0.0341796875
0 0.40087890625 0.67138671875 0.1728515625 0.1728515625
0 0.43017578125 0.89453125 0.1142578125 0.03515625
0 0.78955078125 0.34814453125 0.0810546875 0.0302734375
0 0.43212890625 0.32373046875 0.0244140625 0.0166015625
0 0.81005859375 0.5234375 0.1552734375 0.177734375
0 0.26708984375 0.07666015625 0.0810546875 0.0830078125
0 0.16845703125 0.4951171875 0.1064453125 0.033203125
0 0.9443359375 0.52294921875 0.0703125 0.0693359375
0 0.2529296875 0.1953125 0.0234375 0.021484375
0 0.66259765625 0.93603515625 0.0302734375 0.0263671875
0 0.12060546875 0.83837890625 0.0556640625 0.1767578125
0 0.67822265625 0.54736328125 0.0673828125 0.0693359375
0 0.216796875 0.73291015625 0.123046875 0.3798828125
0 0.5673828125 0.3671875 0.138671875 0.52734375
0 0.849609375 0.7646484375 0.279296875 0.279296875
0 0.88818359375 0.06982421875 0.0439453125 0.0458984375
0 0.71533203125 0.08056640625 0.0263671875 0.0224609375
0 0.83984375 0.080078125 0.02734375 0.02734375
0 0.42431640625 0.79931640625 0.0693359375 0.0517578125
0 0.80517578125 0.95947265625 0.0244140625 0.0283203125
0 0.3515625 0.38232421875 0.03515625 0.0380859375
0 0.859375 0.26025390625 0.193359375 0.1044921875
0 0.13720703125 0.43896484375 0.0419921875 0.0556640625
0 0.6640625 0.86376953125 0.052734375 0.0517578125
0 0.4609375 0.28125 0.041015625 0.041015625
0 0.3466796875 0.12841796875 0.05078125 0.0615234375
0 0.3525390625 0.96240234375 0.1015625 0.0517578125
0 0.04443359375 0.23193359375 0.0439453125 0.0458984375
0 0.77978515625 0.19189453125 0.0224609375 0.0224609375
0 0.701171875 0.21875 0.1171875 0.103515625
0 0.51318359375 0.05078125 0.2470703125 0.076171875
0 0.08154296875 0.30908203125 0.0263671875 0.0322265625
0 0.0537109375 0.544921875 0.078125 0.1875
0 0.28125 0.30908203125 0.068359375 0.1884765625
0 0.48486328125 0.96435546875 0.0791015625 0.0712890625
0 0.85107421875 0.96875 0.0205078125 0.02734375
0 0.76904296875 0.97607421875 0.0341796875 0.0361328125
0 0.57373046875 0.68359375 0.0869140625 0.099609375
0 0.26123046875 0.9658203125 0.0458984375 0.046875
0 0.390625 0.23583984375 0.03515625 0.0810546875
0 0.29833984375 0.912109375 0.0361328125 0.03515625
0 0.96826171875 0.375 0.0576171875 0.0625