0 0.51220703125 0.76611328125 0.2880859375 0.2880859375
0 0.115234375 0.626953125 0.046875 0.107421875
0 0.32470703125 0.2998046875 0.0380859375 0.029296875
0 0.7060546875 0.48388671875 0.064453125 0.0693359375
0 0.23828125 0.134765625 0.080078125 0.18359375
0 0.84814453125 0.10595703125 0.0576171875 0.0751953125
0 0.77734375 0.7685546875 0.017578125 0.015625
0 0.33251953125 0.80908203125 0.0244140625 0.0263671875
0 0.66259765625 0.3857421875 0.1630859375 0.087890625
0 0.0625 0.11474609375 0.025390625 0.0185546875
0 0.04541015625 0.71923828125 0.0791015625 0.0810546875
0 0.55908203125 0.931640625 0.0185546875 0.021484375
0 0.1162109375 0.81689453125 0.044921875 0.0380859375
0 0.33837890625 0.0458984375 0.0361328125 0.02734375
0 0.48974609375 0.15673828125 0.0224609375 0.0224609375
0 0.76953125 0.1044921875 0.041015625 0.041015625
0 0.15576171875 0.47119140625 0.1708984375 0.1494140625
0 0.55126953125 0.37890625 0.0380859375 0.041015625
0 0.41357421875 0.53271484375 0.0283203125 0.0283203125
0 0.26123046875 0.83056640625 0.0224609375 0.0283203125
0 0.81884765625 0.42626953125 0.1376953125 0.1396484375
0 0.78076171875 0.9052734375 0.0771484375 0.076171875
0 0.8896484375 0.74072265625 0.111328125 0.4814453125
0 0.52978515625 0.25439453125 0.1259765625 0.1435546875
0 0.08447265625 0.087890625 0.0185546875 0.015625
0 0.208984375 0.6806640625 0.04296875 0.04296875
0 0.0361328125 0.46337890625 0.033203125 0.0341796875
0 0.3056640625 0.5654296875 0.119140625 0.408203125
0 0.94921875 0.44091796875 0.09765625 0.1123046875
0 0.6826171875 0.19482421875 0.1015625 0.0322265625
0 0.708984375 0.03173828125 0.0703125 0.0634765625
0 0.7197265625 0.7275390625 0.0859375 0.2578125
0 0.412109375 0.4892578125 0.072265625 0.037109375
0 0.09423828125 0.1669921875 0.1103515625 0.0390625
0 0.43798828125 0.35888671875 0.0791015625 0.0244140625
0 0.7314453125 0.1533203125 0.03125 0.0390625
0 0.24658203125 0.9658203125 0.3212890625 0.0625
0 0.2021484375 0.29443359375 0.03125 0.0302734375
0 0.697265625 0.28173828125 0.025390625 0.0322265625
0 0.03271484375 0.29052734375 0.0576171875 0.1669921875
0 0.53857421875 0.48779296875 0.1103515625 0.0966796875
0 0.18701171875 0.78466796875 0.0517578125 0.0517578125
0 0.17822265625 0.36181640625 0.0595703125 0.0634765625
0 0.73486328125 0.26318359375 0.0400390625 0.0419921875
0 0.88134765625 0.22314453125 0.1123046875 0.1142578125
0 0.66552734375 0.5712890625 0.1142578125 0.046875