0 0.72021484375 0.76611328125 0.0400390625 0.0400390625
0 0.2099609375 0.892578125 0.115234375 0.04296875
0 0.85791015625 0.9052734375 0.0576171875 0.076171875
0 0.3330078125 0.47705078125 0.45703125 0.1494140625
0 0.26806640625 0.81201171875 0.0322265625 0.0341796875
0 0.44091796875 0.30615234375 0.1943359375 0.0380859375
0 0.40576171875 0.140625 0.0166015625 0.01171875
0 0.2001953125 0.2529296875 0.078125 0.21484375
0 0.6396484375 0.416015625 0.1015625 0.30078125
0 0.44384765625 0.72607421875 0.3017578125 0.3017578125
0 0.337890625 0.92041015625 0.052734375 0.0517578125
0 0.49169921875 0.041015625 0.0556640625 0.060546875
0 0.4013671875 0.3369140625 0.021484375 0.021484375
0 0.775390625 0.775390625 0.06640625 0.16015625
0 0.77490234375 0.57763671875 0.0888671875 0.0908203125
0 0.80908203125 0.34765625 0.1259765625 0.109375
0 0.61181640625 0.66162109375 0.0263671875 0.0263671875
0 0.75341796875 0.45849609375 0.1005859375 0.0400390625
0 0.7578125 0.07080078125 0.1171875 0.1201171875
0 0.025390625 0.572265625 0.041015625 0.03515625
0 0.18115234375 0.65673828125 0.2080078125 0.2080078125
0 0.91259765625 0.39306640625 0.0537109375 0.0654296875
0 0.52685546875 0.17724609375 0.0283203125 0.0341796875
0 0.27392578125 0.18408203125 0.0478515625 0.1103515625
0 0.06201171875 0.14501953125 0.0830078125 0.2490234375
0 0.90625 0.1220703125 0.0703125 0.0703125
0 0.6669921875 0.59814453125 0.0390625 0.0400390625
0 0.98095703125 0.6298828125 0.0322265625 0.025390625
0 0.76708984375 0.64208984375 0.0361328125 0.0263671875
0 0.9130859375 0.78173828125 0.140625 0.1611328125
0 0.61865234375 0.1875 0.1005859375 0.115234375
0 0.943359375 0.1953125 0.044921875 0.046875
0 0.283203125 0.02783203125 0.080078125 0.0244140625
0 0.67333984375 0.7939453125 0.0302734375 0.037109375
0 0.45849609375 0.26025390625 0.0419921875 0.0419921875
0 0.650390625 0.89013671875 0.0546875 0.0576171875
0 0.58935546875 0.958984375 0.1083984375 0.056640625
0 0.71826171875 0.650390625 0.0244140625 0.03125
0 0.34326171875 0.37646484375 0.0380859375 0.0322265625
0 0.05322265625 0.87744140625 0.0537109375 0.0576171875
0 0.6171875 0.03759765625 0.037109375 0.0361328125
0 0.17724609375 0.123046875 0.0185546875 0.017578125
0 0.712890625 0.94677734375 0.060546875 0.0634765625
0 0.9296875 0.46826171875 0.107421875 0.0341796875
0 0.05419921875 0.96484375 0.0693359375 0.0625