0 0.8671875 0.37939453125 0.0546875 0.0576171875
0 0.2255859375 0.42236328125 0.146484375 0.4326171875
0 0.55810546875 0.8291015625 0.1455078125 0.126953125
0 0.671875 0.61376953125 0.0546875 0.0537109375
0 0.52734375 0.421875 0.029296875 0.03515625
0 0.92236328125 0.708984375 0.0947265625 0.41015625
0 0.3466796875 0.390625 0.060546875 0.0625
0 0.4267578125 0.38720703125 0.072265625 0.2001953125
0 0.10595703125 0.66650390625 0.0439453125 0.0478515625
0 0.7392578125 0.43408203125 0.142578125 0.1455078125
0 0.05126953125 0.24560546875 0.0751953125 0.2255859375
0 0.39892578125 0.6953125 0.0400390625 0.052734375
0 0.66015625 0.6640625 0.01953125 0.017578125
0 0.5166015625 0.74169921875 0.080078125 0.0244140625
0 0.68408203125 0.17236328125 0.3115234375 0.3115234375
0 0.53369140625 0.60302734375 0.0205078125 0.0244140625
0 0.076171875 0.89892578125 0.02734375 0.0361328125
0 0.93408203125 0.373046875 0.0751953125 0.173828125
0 0.44775390625 0.23388671875 0.0263671875 0.0283203125
0 0.8115234375 0.83203125 0.04296875 0.03125
0 0.2587890625 0.87548828125 0.0390625 0.0302734375
0 0.33544921875 0.1494140625 0.2978515625 0.091796875
0 0.95654296875 0.12841796875 0.0341796875 0.0361328125
0 0.21923828125 0.783203125 0.0283203125 0.033203125
0 0.681640625 0.720703125 0.1328125 0.068359375
0 0.38818359375 0.810546875 0.1474609375 0.16796875
0 0.14794921875 0.1455078125 0.0322265625 0.033203125
0 0.06787109375 0.80419921875 0.0888671875 0.0283203125
0 0.20849609375 0.68017578125 0.0341796875 0.0341796875
0 0.88427734375 0.14208984375 0.0634765625 0.1455078125
0 0.4033203125 0.96484375 0.23828125 0.046875
0 0.46923828125 0.6689453125 0.0751953125 0.03125
0 0.0390625 0.3955078125 0.060546875 0.0546875
0 0.86279296875 0.9619140625 0.0556640625 0.056640625
0 0.4951171875 0.52197265625 0.0546875 0.0537109375
0 0.19384765625 0.93505859375 0.0732421875 0.0751953125
0 0.66015625 0.8408203125 0.048828125 0.048828125
0 0.42529296875 0.56591796875 0.0439453125 0.0380859375
0 0.603515625 0.45654296875 0.1171875 0.1337890625
0 0.58349609375 0.36181640625 0.0205078125 0.0205078125
0 0.33984375 0.2958984375 0.0234375 0.015625
0 0.09521484375 0.03662109375 0.0908203125 0.0322265625
0 0.138671875 0.4296875 0.0234375 0.021484375
0 0.1240234375 0.552734375 0.03125 0.03125
0 0.62646484375 0.9443359375 0.0537109375 0.052734375