0 0.85888671875 0.78173828125 0.0224609375 0.0224609375
0 0.35498046875 0.064453125 0.0302734375 0.037109375
0 0.3779296875 0.44189453125 0.0390625 0.0302734375
0 0.212890625 0.6123046875 0.337890625 0.072265625
0 0.6103515625 0.2099609375 0.056640625 0.068359375
0 0.66845703125 0.97900390625 0.0166015625 0.0107421875
0 0.2568359375 0.25439453125 0.146484375 0.1669921875
0 0.70947265625 0.6767578125 0.0654296875 0.064453125
0 0.47802734375 0.546875 0.0986328125 0.3125
0 0.107421875 0.77587890625 0.21484375 0.1162109375
0 0.7646484375 0.435546875 0.1484375 0.1484375
0 0.708984375 0.8837890625 0.0625 0.171875
0 0.73583984375 0.58251953125 0.0849609375 0.0869140625
0 0.3955078125 0.375 0.0234375 0.025390625
0 0.88037109375 0.6328125 0.0595703125 0.05859375
0 0.11376953125 0.328125 0.1318359375 0.423828125
0 0.52685546875 0.80419921875 0.1162109375 0.0419921875
0 0.796875 0.240234375 0.158203125 0.138671875
0 0.6484375 0.064453125 0.041015625 0.041015625
0 0.90234375 0.14208984375 0.06640625 0.0263671875
0 0.4697265625 0.07470703125 0.041015625 0.0439453125
0 0.14697265625 0.88916015625 0.0615234375 0.0810546875
0 0.5146484375 0.966796875 0.033203125 0.04296875
0 0.939453125 0.71484375 0.0234375 0.0234375
0 0.8193359375 0.69140625 0.0234375 0.01953125
0 0.0341796875 0.57470703125 0.017578125 0.0146484375
0 0.32568359375 0.8369140625 0.1318359375 0.115234375
0 0.16455078125 0.08935546875 0.0400390625 0.0419921875
0 0.61083984375 0.49951171875 0.0615234375 0.1474609375
0 0.39306640625 0.3095703125 0.0595703125 0.0625
0 0.9169921875 0.75439453125 0.044921875 0.0478515625
0 0.84765625 0.095703125 0.107421875 0.03125
0 0.01904296875 0.48974609375 0.0361328125 0.0263671875
0 0.5791015625 0.685546875 0.080078125 0.072265625
0 0.57421875 0.09521484375 0.083984375 0.0849609375
0 0.93603515625 0.44384765625 0.0771484375 0.1767578125
0 0.50634765625 0.92626953125 0.0166015625 0.0205078125
0 0.26708984375 0.67138671875 0.0224609375 0.0205078125
0 0.2578125 0.14208984375 0.08984375 0.0302734375
0 0.6396484375 0.271484375 0.1015625 0.052734375
0 0.65625 0.3974609375 0.03125 0.033203125
0 0.916015625 0.564453125 0.05078125 0.048828125
0 0.87060546875 0.8896484375 0.1591796875 0.181640625
0 0.40673828125 0.134765625 0.0654296875 0.06640625
0 0.30419921875 0.50146484375 0.0498046875 0.0498046875