0 0.7919921875 0.572265625 0.0546875 0.06640625
0 0.7021484375 0.90283203125 0.4296875 0.1591796875
0 0.2109375 0.58984375 0.033203125 0.0234375
0 0.173828125 0.927734375 0.07421875 0.02734375
0 0.82373046875 0.765625 0.0673828125 0.06640625
0 0.74951171875 0.32666015625 0.0244140625 0.0302734375
0 0.69873046875 0.44970703125 0.0537109375 0.0537109375
0 0.4111328125 0.99072265625 0.021484375 0.0185546875
0 0.10400390625 0.26220703125 0.1787109375 0.1787109375
0 0.92236328125 0.36669921875 0.1181640625 0.0615234375
0 0.63671875 0.47216796875 0.044921875 0.0439453125
0 0.93603515625 0.86962890625 0.0341796875 0.0341796875
0 0.2060546875 0.4931640625 0.083984375 0.025390625
0 0.8134765625 0.15625 0.091796875 0.080078125
0 0.56591796875 0.544921875 0.0927734375 0.27734375
0 0.29443359375 0.28271484375 0.1904296875 0.1904296875
0 0.53076171875 0.75634765625 0.1787109375 0.0986328125
0 0.22119140625 0.7919921875 0.2998046875 0.09765625
0 0.501953125 0.25244140625 0.0625 0.1494140625
0 0.03515625 0.806640625 0.037109375 0.037109375
0 0.34326171875 0.6171875 0.1142578125 0.046875
0 0.70458984375 0.5693359375 0.1064453125 0.12109375
0 0.34423828125 0.46875 0.0537109375 0.0703125
0 0.29052734375 0.6591796875 0.0283203125 0.029296875
0 0.626953125 0.2353515625 0.091796875 0.294921875
0 0.310546875 0.56591796875 0.1640625 0.0517578125
0 0.96630859375 0.48974609375 0.0283203125 0.0302734375
0 0.0771484375 0.48974609375 0.0859375 0.2529296875
0 0.0263671875 0.67626953125 0.02734375 0.0322265625
0 0.40869140625 0.5791015625 0.0283203125 0.025390625
0 0.94482421875 0.60009765625 0.0654296875 0.1806640625
0 0.9189453125 0.25146484375 0.033203125 0.0322265625
0 0.904296875 0.17333984375 0.0390625 0.0419921875
0 0.2265625 0.04345703125 0.443359375 0.0869140625
0 0.71533203125 0.71435546875 0.1298828125 0.1318359375
0 0.94091796875 0.765625 0.0830078125 0.083984375
0 0.41748046875 0.83349609375 0.0380859375 0.0400390625
0 0.8349609375 0.7119140625 0.0390625 0.0390625
0 0.72900390625 0.14404296875 0.0322265625 0.0341796875
0 0.41259765625 0.90087890625 0.0380859375 0.0322265625
0 0.4560546875 0.66357421875 0.03515625 0.0458984375
0 0.51171875 0.13623046875 0.05859375 0.0537109375
0 0.42822265625 0.36865234375 0.0615234375 0.1396484375
0 0.3623046875 0.6611328125 0.0390625 0.029296875
0 0.25732421875 0.42919921875 0.0947265625 0.0830078125
0 0.435546875 0.53662109375 0.02734375 0.0205078125
0 0.861328125 0.45703125 0.0625 0.064453125
0 0.0732421875 0.919921875 0.107421875 0.123046875