0 0.47998046875 0.865234375 0.1044921875 0.119140625
0 0.4248046875 0.75830078125 0.048828125 0.0517578125
0 0.451171875 0.5556640625 0.02734375 0.025390625
0 0.57470703125 0.1884765625 0.8115234375 0.30078125
0 0.7744140625 0.83349609375 0.09765625 0.0849609375
0 0.16015625 0.60009765625 0.16015625 0.1826171875
0 0.15380859375 0.78466796875 0.0400390625 0.0419921875
0 0.11376953125 0.1005859375 0.0146484375 0.009765625
0 0.14111328125 0.22607421875 0.0498046875 0.0537109375
0 0.458984375 0.3720703125 0.044921875 0.044921875
0 0.52490234375 0.72119140625 0.0537109375 0.0712890625
0 0.31982421875 0.8388671875 0.0537109375 0.052734375
0 0.82568359375 0.68359375 0.1826171875 0.16015625
0 0.94873046875 0.83837890625 0.0673828125 0.1455078125
0 0.81494140625 0.43798828125 0.1220703125 0.0673828125
0 0.62353515625 0.7099609375 0.1181640625 0.404296875
0 0.32568359375 0.416015625 0.1123046875 0.115234375
0 0.302734375 0.69091796875 0.044921875 0.0380859375
0 0.9619140625 0.58203125 0.03125 0.03125
0 0.12353515625 0.85986328125 0.0537109375 0.0556640625
0 0.3935546875 0.5771484375 0.07421875 0.205078125
0 0.04052734375 0.74072265625 0.0732421875 0.2216796875
0 0.119140625 0.40576171875 0.0859375 0.1982421875
0 0.1630859375 0.712890625 0.03125 0.041015625
0 0.93115234375 0.3984375 0.0908203125 0.046875
0 0.2138671875 0.78369140625 0.033203125 0.0361328125
0 0.25927734375 0.8974609375 0.0400390625 0.041015625
0 0.49169921875 0.42333984375 0.1201171875 0.0380859375
0 0.74267578125 0.3740234375 0.0185546875 0.01953125
0 0.5048828125 0.95751953125 0.02734375 0.0205078125
0 0.25927734375 0.94384765625 0.0302734375 0.0302734375
0 0.7978515625 0.57666015625 0.03125 0.0380859375
0 0.7998046875 0.8974609375 0.048828125 0.037109375
0 0.646484375 0.01611328125 0.078125 0.0322265625
0 0.70703125 0.65869140625 0.044921875 0.0439453125
0 0.09130859375 0.90185546875 0.0830078125 0.0244140625
0 0.32568359375 0.92333984375 0.0830078125 0.0751953125
0 0.87548828125 0.83154296875 0.0263671875 0.0263671875
0 0.76904296875 0.96533203125 0.0439453125 0.0439453125
0 0.10302734375 0.13720703125 0.1025390625 0.0380859375
0 0.96240234375 0.458984375 0.0341796875 0.029296875
0 0.98291015625 0.51025390625 0.0322265625 0.0400390625
0 0.5263671875 0.37353515625 0.029296875 0.0341796875