0 0.37646484375 0.6357421875 0.1474609375 0.634765625
0 0.8564453125 0.25634765625 0.103515625 0.0537109375
0 0.65625 0.94482421875 0.33203125 0.0654296875
0 0.19873046875 0.53076171875 0.0439453125 0.0439453125
0 0.07568359375 0.5859375 0.0361328125 0.03125
0 0.95947265625 0.79541015625 0.0185546875 0.0224609375
0 0.466796875 0.04150390625 0.091796875 0.0380859375
0 0.7080078125 0.17529296875 0.037109375 0.0380859375
0 0.0888671875 0.802734375 0.025390625 0.03125
0 0.64501953125 0.87255859375 0.0380859375 0.0380859375
0 0.1171875 0.36279296875 0.048828125 0.0361328125
0 0.79296875 0.63134765625 0.07421875 0.1787109375
0 0.5859375 0.70361328125 0.087890625 0.0888671875
0 0.15625 0.888671875 0.037109375 0.0390625
0 0.25146484375 0.79248046875 0.0947265625 0.2939453125
0 0.61962890625 0.2021484375 0.0400390625 0.052734375
0 0.041015625 0.10302734375 0.064453125 0.0654296875
0 0.56396484375 0.5224609375 0.0947265625 0.107421875
0 0.34423828125 0.21484375 0.5048828125 0.15625
0 0.0517578125 0.390625 0.025390625 0.017578125
0 0.91650390625 0.51806640625 0.0869140625 0.0322265625
0 0.763671875 0.3427734375 0.0625 0.076171875
0 0.9501953125 0.3427734375 0.025390625 0.02734375
0 0.22802734375 0.97802734375 0.0419921875 0.0361328125
0 0.95751953125 0.46435546875 0.0810546875 0.0712890625
0 0.86572265625 0.1328125 0.2431640625 0.134765625
0 0.78173828125 0.4423828125 0.0478515625 0.046875
0 0.61669921875 0.81689453125 0.0947265625 0.0302734375
0 0.92919921875 0.2900390625 0.0263671875 0.02734375
0 0.9296875 0.849609375 0.1015625 0.03125
0 0.15966796875 0.4111328125 0.0498046875 0.044921875
0 0.02880859375 0.330078125 0.0537109375 0.05859375
0 0.6064453125 0.4501953125 0.029296875 0.029296875
0 0.14111328125 0.48974609375 0.0419921875 0.0419921875
0 0.15625 0.953125 0.025390625 0.0234375
0 0.73291015625 0.4970703125 0.0380859375 0.08203125
0 0.376953125 0.05029296875 0.080078125 0.0810546875
0 0.84765625 0.9345703125 0.04296875 0.119140625
0 0.75390625 0.8466796875 0.142578125 0.125
0 0.96484375 0.75537109375 0.044921875 0.0439453125
0 0.646484375 0.0751953125 0.029296875 0.029296875
0 0.58837890625 0.0615234375 0.0361328125 0.046875
0 0.87646484375 0.6328125 0.0439453125 0.046875
0 0.20361328125 0.06689453125 0.1083984375 0.1240234375
0 0.1728515625 0.80810546875 0.01953125 0.0146484375