0 0.59814453125 0.39794921875 0.7080078125 0.4267578125
0 0.05908203125 0.5087890625 0.1181640625 0.134765625
0 0.314453125 0.8251953125 0.078125 0.0703125
0 0.10546875 0.26416015625 0.09375 0.2822265625
0 0.94189453125 0.0400390625 0.0634765625 0.025390625
0 0.4560546875 0.130859375 0.04296875 0.046875
0 0.48828125 0.87841796875 0.212890625 0.1142578125
0 0.20751953125 0.029296875 0.0224609375 0.029296875
0 0.89697265625 0.9072265625 0.0673828125 0.154296875
0 0.51123046875 0.63623046875 0.0400390625 0.0341796875
0 0.58203125 0.70703125 0.447265625 0.087890625
0 0.2890625 0.95263671875 0.02734375 0.0341796875
0 0.2109375 0.50244140625 0.0546875 0.1494140625
0 0.0908203125 0.88037109375 0.068359375 0.0791015625
0 0.67333984375 0.791015625 0.0751953125 0.076171875
0 0.3466796875 0.10498046875 0.0546875 0.0576171875
0 0.140625 0.7509765625 0.029296875 0.03125
0 0.796875 0.8251953125 0.12890625 0.041015625
0 0.61279296875 0.86669921875 0.0205078125 0.0205078125
0 0.302734375 0.13720703125 0.03125 0.0283203125
0 0.6123046875 0.1044921875 0.11328125 0.115234375
0 0.55322265625 0.783203125 0.0400390625 0.0390625
0 0.91650390625 0.150390625 0.0400390625 0.0390625
0 0.1796875 0.9619140625 0.056640625 0.07421875
0 0.2236328125 0.72265625 0.126953125 0.111328125
0 0.2314453125 0.9453125 0.044921875 0.044921875
0 0.30419921875 0.7431640625 0.0244140625 0.017578125
0 0.22412109375 0.61376953125 0.0341796875 0.0361328125
0 0.45458984375 0.03564453125 0.0458984375 0.0556640625
0 0.05908203125 0.62255859375 0.0712890625 0.0537109375
0 0.7021484375 0.8583984375 0.025390625 0.025390625
0 0.8291015625 0.7783203125 0.044921875 0.046875
0 0.16796875 0.822265625 0.09375 0.033203125
0 0.17041015625 0.17626953125 0.0263671875 0.0205078125
0 0.7939453125 0.10986328125 0.103515625 0.0908203125
0 0.93896484375 0.08837890625 0.0361328125 0.0361328125
0 0.45361328125 0.791015625 0.1005859375 0.029296875
0 0.90625 0.712890625 0.048828125 0.1171875
0 0.18310546875 0.1298828125 0.0576171875 0.060546875
0 0.33447265625 0.962890625 0.0224609375 0.02734375
0 0.77783203125 0.94482421875 0.0283203125 0.0244140625
0 0.60693359375 0.9658203125 0.1103515625 0.056640625