0 0.93017578125 0.63134765625 0.0458984375 0.0341796875
0 0.517578125 0.0927734375 0.033203125 0.033203125
0 0.93994140625 0.49365234375 0.0322265625 0.0322265625
0 0.09912109375 0.658203125 0.0595703125 0.173828125
0 0.77099609375 0.52734375 0.2705078125 0.62890625
0 0.60986328125 0.96044921875 0.0400390625 0.0439453125
0 0.55029296875 0.18505859375 0.0302734375 0.0224609375
0 0.865234375 0.93603515625 0.037109375 0.0380859375
0 0.4033203125 0.17529296875 0.08984375 0.1025390625
0 0.2763671875 0.25537109375 0.09375 0.1064453125
0 0.26513671875 0.44482421875 0.0830078125 0.0751953125
0 0.32470703125 0.73681640625 0.3310546875 0.3310546875
0 0.56103515625 0.55908203125 0.0302734375 0.0322265625
0 0.39892578125 0.35693359375 0.0751953125 0.0380859375
0 0.11328125 0.3203125 0.09375 0.291015625
0 0.1220703125 0.14404296875 0.03515625 0.0458984375
0 0.19091796875 0.06201171875 0.0947265625 0.0322265625
0 0.72021484375 0.06201171875 0.0380859375 0.0458984375
0 0.91455078125 0.15869140625 0.0947265625 0.0966796875
0 0.09619140625 0.94140625 0.1337890625 0.072265625
0 0.33154296875 0.0830078125 0.0439453125 0.056640625
0 0.56689453125 0.12255859375 0.0537109375 0.0537109375
0 0.97265625 0.5859375 0.02734375 0.02734375
0 0.20654296875 0.97119140625 0.0126953125 0.0146484375
0 0.77099609375 0.107421875 0.0693359375 0.02734375
0 0.24365234375 0.14453125 0.0419921875 0.041015625
0 0.73974609375 0.93408203125 0.0517578125 0.1123046875
0 0.060546875 0.79736328125 0.076171875 0.0751953125
0 0.9228515625 0.3037109375 0.025390625 0.0234375
0 0.57080078125 0.76025390625 0.0498046875 0.0537109375
0 0.21533203125 0.52294921875 0.3544921875 0.0751953125
0 0.953125 0.890625 0.08984375 0.091796875
0 0.197265625 0.11474609375 0.033203125 0.0283203125
0 0.58642578125 0.23046875 0.0361328125 0.03125
0 0.45947265625 0.46484375 0.1025390625 0.03125
0 0.2470703125 0.17822265625 0.01953125 0.0205078125
0 0.54833984375 0.36376953125 0.1298828125 0.0478515625
0 0.72900390625 0.158203125 0.0322265625 0.033203125
0 0.0322265625 0.24267578125 0.05859375 0.0615234375
0 0.052734375 0.09912109375 0.083984375 0.0830078125
0 0.82958984375 0.07177734375 0.0244140625 0.0302734375
0 0.5302734375 0.29931640625 0.03125 0.0224609375