0 0.0927734375 0.57958984375 0.029296875 0.0322265625
0 0.841796875 0.64404296875 0.046875 0.0458984375
0 0.6376953125 0.369140625 0.041015625 0.04296875
0 0.640625 0.5361328125 0.34765625 0.205078125
0 0.8701171875 0.43603515625 0.0390625 0.0478515625
0 0.8759765625 0.3212890625 0.14453125 0.1640625
0 0.419921875 0.83642578125 0.599609375 0.3115234375
0 0.62841796875 0.080078125 0.0751953125 0.056640625
0 0.49072265625 0.21923828125 0.2451171875 0.1318359375
0 0.06787109375 0.81689453125 0.1005859375 0.2314453125
0 0.75537109375 0.33984375 0.0439453125 0.05859375
0 0.1611328125 0.447265625 0.03125 0.03125
0 0.8916015625 0.88525390625 0.078125 0.0224609375
0 0.935546875 0.62841796875 0.080078125 0.2333984375
0 0.77734375 0.0927734375 0.037109375 0.037109375
0 0.71826171875 0.10595703125 0.0634765625 0.0576171875
0 0.8193359375 0.8046875 0.0234375 0.0234375
0 0.15625 0.10888671875 0.291015625 0.0615234375
0 0.25830078125 0.43896484375 0.1376953125 0.4267578125
0 0.47021484375 0.087890625 0.0712890625 0.08203125
0 0.4248046875 0.4267578125 0.025390625 0.03125
0 0.73193359375 0.1826171875 0.0986328125 0.0390625
0 0.78076171875 0.7373046875 0.0146484375 0.013671875
0 0.09765625 0.29150390625 0.138671875 0.1416015625
0 0.1669921875 0.5537109375 0.037109375 0.037109375
0 0.9287109375 0.1806640625 0.021484375 0.02734375
0 0.7294921875 0.40087890625 0.060546875 0.0615234375
0 0.90087890625 0.1064453125 0.1044921875 0.0390625
0 0.47705078125 0.3828125 0.0654296875 0.064453125
0 0.2255859375 0.1962890625 0.03515625 0.037109375
0 0.88232421875 0.82568359375 0.0419921875 0.0361328125
0 0.37353515625 0.32666015625 0.0185546875 0.0146484375
0 0.4296875 0.57373046875 0.052734375 0.1142578125
0 0.23095703125 0.0478515625 0.1552734375 0.052734375
0 0.666015625 0.02490234375 0.041015625 0.0400390625
0 0.02685546875 0.5009765625 0.0205078125 0.017578125
0 0.83544921875 0.18115234375 0.1025390625 0.1044921875
0 0.037109375 0.0615234375 0.029296875 0.03125
0 0.88330078125 0.78271484375 0.0244140625 0.0302734375
0 0.97021484375 0.9091796875 0.0498046875 0.052734375
0 0.322265625 0.09912109375 0.02734375 0.0283203125
0 0.67626953125 0.24072265625 0.1181640625 0.0615234375
0 0.88525390625 0.03564453125 0.0244140625 0.0166015625