0 0.82373046875 0.58642578125 0.0419921875 0.0419921875
0 0.94384765625 0.31787109375 0.0185546875 0.0166015625
0 0.70751953125 0.1611328125 0.5263671875 0.171875
0 0.14501953125 0.51416015625 0.1923828125 0.6884765625
0 0.83642578125 0.80078125 0.0224609375 0.015625
0 0.50390625 0.92529296875 0.30859375 0.1201171875
0 0.38037109375 0.77490234375 0.0439453125 0.0576171875
0 0.42578125 0.63232421875 0.06640625 0.0654296875
0 0.3916015625 0.3759765625 0.02734375 0.02734375
0 0.32568359375 0.49609375 0.0927734375 0.31640625
0 0.85498046875 0.3974609375 0.0205078125 0.02734375
0 0.7119140625 0.5849609375 0.060546875 0.064453125
0 0.9345703125 0.02880859375 0.0625 0.0322265625
0 0.6025390625 0.48876953125 0.1328125 0.3896484375
0 0.09423828125 0.1181640625 0.0205078125 0.015625
0 0.841796875 0.6669921875 0.04296875 0.04296875
0 0.4033203125 0.84912109375 0.01953125 0.0205078125
0 0.79150390625 0.36962890625 0.0439453125 0.0322265625
0 0.361328125 0.2099609375 0.0390625 0.083984375
0 0.84765625 0.46337890625 0.078125 0.0791015625
0 0.9345703125 0.68212890625 0.087890625 0.1005859375
0 0.7548828125 0.8916015625 0.126953125 0.14453125
0 0.60302734375 0.70458984375 0.0302734375 0.0322265625
0 0.48828125 0.0380859375 0.099609375 0.03515625
0 0.322265625 0.23876953125 0.021484375 0.0185546875
0 0.94775390625 0.884765625 0.0908203125 0.21875
0 0.30078125 0.072265625 0.15625 0.13671875
0 0.8896484375 0.6162109375 0.0703125 0.029296875
0 0.546875 0.806640625 0.25 0.048828125
0 0.3994140625 0.5654296875 0.048828125 0.060546875
0 0.2978515625 0.78955078125 0.060546875 0.1767578125
0 0.0595703125 0.10498046875 0.04296875 0.0419921875
0 0.8876953125 0.5732421875 0.046875 0.048828125
0 0.74267578125 0.43798828125 0.0810546875 0.0830078125
0 0.54833984375 0.75048828125 0.0244140625 0.0244140625
0 0.49267578125 0.43994140625 0.0849609375 0.2685546875
0 0.07666015625 0.9150390625 0.1376953125 0.076171875
0 0.84912109375 0.92724609375 0.0517578125 0.0556640625
0 0.40625 0.2724609375 0.095703125 0.02734375
0 0.767578125 0.30712890625 0.072265625 0.0654296875
0 0.20263671875 0.91015625 0.0380859375 0.033203125
0 0.93505859375 0.37158203125 0.0966796875 0.0849609375
0 0.275390625 0.19091796875 0.021484375 0.0263671875
0 0.96484375 0.4990234375 0.021484375 0.021484375
0 0.93359375 0.2763671875 0.0234375 0.029296875
0 0.11328125 0.07861328125 0.02734375 0.0283203125