0 0.8818359375 0.048828125 0.03125 0.02734375
0 0.93896484375 0.84814453125 0.0966796875 0.0986328125
0 0.60693359375 0.18212890625 0.0634765625 0.1455078125
0 0.77099609375 0.1162109375 0.0419921875 0.044921875
0 0.43994140625 0.63916015625 0.8447265625 0.4384765625
0 0.1376953125 0.080078125 0.046875 0.060546875
0 0.30712890625 0.91650390625 0.0380859375 0.0380859375
0 0.134765625 0.1787109375 0.10546875 0.033203125
0 0.3232421875 0.3564453125 0.052734375 0.052734375
0 0.54150390625 0.04248046875 0.0146484375 0.0107421875
0 0.4921875 0.2099609375 0.03125 0.033203125
0 0.9609375 0.58203125 0.025390625 0.03125
0 0.20849609375 0.88232421875 0.0595703125 0.0244140625
0 0.8984375 0.9541015625 0.037109375 0.048828125
0 0.634765625 0.33154296875 0.451171875 0.1474609375
0 0.34423828125 0.08056640625 0.0615234375 0.0556640625
0 0.15771484375 0.95458984375 0.0244140625 0.0302734375
0 0.25732421875 0.20263671875 0.0732421875 0.3154296875
0 0.39697265625 0.208984375 0.0302734375 0.03125
0 0.4130859375 0.181640625 0.013671875 0.01171875
0 0.91552734375 0.32958984375 0.0927734375 0.2939453125
0 0.12939453125 0.3232421875 0.0478515625 0.046875
0 0.900390625 0.55078125 0.044921875 0.048828125
0 0.93310546875 0.69189453125 0.0908203125 0.0322265625
0 0.55517578125 0.080078125 0.1025390625 0.052734375
0 0.3466796875 0.205078125 0.048828125 0.11328125
0 0.62939453125 0.91357421875 0.0673828125 0.0498046875
0 0.9228515625 0.64453125 0.03515625 0.02734375
0 0.45703125 0.9384765625 0.0703125 0.072265625
0 0.1943359375 0.34228515625 0.046875 0.0458984375
0 0.63134765625 0.96826171875 0.2080078125 0.0439453125
0 0.83740234375 0.97216796875 0.0244140625 0.0244140625
0 0.20947265625 0.22900390625 0.0185546875 0.0185546875
0 0.080078125 0.06005859375 0.064453125 0.0185546875
0 0.42724609375 0.11669921875 0.0439453125 0.0439453125
0 0.888671875 0.13525390625 0.103515625 0.0908203125
0 0.95751953125 0.74169921875 0.0419921875 0.0439453125
0 0.5625 0.8896484375 0.041015625 0.04296875
0 0.4931640625 0.12939453125 0.02734375 0.0244140625
0 0.20068359375 0.09814453125 0.0380859375 0.0458984375