0 0.37890625 0.62451171875 0.03125 0.0283203125
0 0.71435546875 0.94775390625 0.0283203125 0.0361328125
0 0.31591796875 0.1591796875 0.1220703125 0.0625
0 0.12451171875 0.9130859375 0.1513671875 0.1328125
0 0.09130859375 0.38916015625 0.0791015625 0.0810546875
0 0.60546875 0.48046875 0.234375 0.888671875
0 0.78515625 0.34619140625 0.107421875 0.0400390625
0 0.97265625 0.33154296875 0.05078125 0.0498046875
0 0.0908203125 0.54296875 0.017578125 0.017578125
0 0.1865234375 0.03125 0.0390625 0.041015625
0 0.939453125 0.79638671875 0.12109375 0.3896484375
0 0.81787109375 0.283203125 0.0966796875 0.0390625
0 0.29296875 0.9521484375 0.044921875 0.05859375
0 0.19970703125 0.61083984375 0.2861328125 0.0556640625
0 0.97998046875 0.1962890625 0.0263671875 0.033203125
0 0.232421875 0.24853515625 0.015625 0.0107421875
0 0.8544921875 0.041015625 0.193359375 0.06640625
0 0.8095703125 0.95703125 0.03125 0.033203125
0 0.27001953125 0.69482421875 0.0341796875 0.0263671875
0 0.19140625 0.18017578125 0.048828125 0.0478515625
0 0.97607421875 0.54638671875 0.0439453125 0.0439453125
0 0.13330078125 0.26171875 0.0341796875 0.025390625
0 0.1494140625 0.671875 0.033203125 0.033203125
0 0.3125 0.39453125 0.322265625 0.099609375
0 0.203125 0.74853515625 0.072265625 0.1669921875
0 0.81298828125 0.4326171875 0.0185546875 0.015625
0 0.595703125 0.970703125 0.0546875 0.05859375
0 0.9599609375 0.27783203125 0.037109375 0.0400390625
0 0.443359375 0.58349609375 0.041015625 0.0341796875
0 0.89501953125 0.49560546875 0.0498046875 0.1376953125
0 0.43896484375 0.7587890625 0.0791015625 0.08984375
0 0.78515625 0.64990234375 0.103515625 0.1181640625
0 0.3505859375 0.26611328125 0.185546875 0.1005859375
0 0.390625 0.50732421875 0.07421875 0.0673828125
0 0.83642578125 0.5185546875 0.0517578125 0.0546875
0 0.40478515625 0.88037109375 0.1083984375 0.0947265625
0 0.07080078125 0.7255859375 0.0810546875 0.08203125
0 0.8046875 0.7890625 0.1328125 0.134765625
0 0.31005859375 0.09912109375 0.0576171875 0.0166015625
0 0.27783203125 0.76513671875 0.0439453125 0.0458984375
0 0.19677734375 0.25244140625 0.0517578125 0.0517578125
0 0.34765625 0.73583984375 0.01953125 0.0244140625
0 0.060546875 0.16162109375 0.09765625 0.0966796875
0 0.3828125 0.95263671875 0.0390625 0.0478515625
0 0.908203125 0.3349609375 0.037109375 0.083984375