0 0.37451171875 0.5078125 0.1474609375 0.435546875
0 0.03857421875 0.84814453125 0.0380859375 0.0400390625
0 0.96826171875 0.8828125 0.0380859375 0.037109375
0 0.1015625 0.23046875 0.04296875 0.044921875
0 0.94873046875 0.30126953125 0.0302734375 0.0322265625
0 0.455078125 0.98291015625 0.01953125 0.0244140625
0 0.58740234375 0.4443359375 0.0732421875 0.072265625
0 0.68408203125 0.181640625 0.1123046875 0.115234375
0 0.16357421875 0.46240234375 0.1865234375 0.0634765625
0 0.5283203125 0.3193359375 0.0234375 0.0234375
0 0.501953125 0.81494140625 0.056640625 0.1552734375
0 0.23583984375 0.65625 0.0283203125 0.037109375
0 0.90087890625 0.96728515625 0.0244140625 0.0224609375
0 0.1708984375 0.92138671875 0.224609375 0.1240234375
0 0.73486328125 0.7470703125 0.1318359375 0.046875
0 0.6875 0.56396484375 0.34375 0.1123046875
0 0.6201171875 0.83642578125 0.111328125 0.0458984375
0 0.90478515625 0.45361328125 0.1396484375 0.0712890625
0 0.72509765625 0.02197265625 0.0927734375 0.0263671875
0 0.87158203125 0.73681640625 0.1240234375 0.1259765625
0 0.4541015625 0.119140625 0.103515625 0.23828125
0 0.5087890625 0.63623046875 0.021484375 0.0263671875
0 0.19189453125 0.236328125 0.1201171875 0.359375
0 0.09765625 0.345703125 0.0625 0.08203125
0 0.33251953125 0.974609375 0.0439453125 0.046875
0 0.162109375 0.73046875 0.05859375 0.052734375
0 0.70654296875 0.27490234375 0.0263671875 0.0263671875
0 0.81396484375 0.12353515625 0.1416015625 0.1611328125
0 0.18994140625 0.65576171875 0.0419921875 0.0517578125
0 0.21826171875 0.75634765625 0.0419921875 0.0361328125
0 0.72900390625 0.40673828125 0.1630859375 0.1865234375
0 0.31591796875 0.802734375 0.0693359375 0.068359375
0 0.05908203125 0.14453125 0.0478515625 0.048828125
0 0.8037109375 0.92431640625 0.1640625 0.1435546875
0 0.02197265625 0.18115234375 0.0263671875 0.0224609375
0 0.939453125 0.83203125 0.029296875 0.029296875
0 0.412109375 0.7890625 0.05078125 0.115234375
0 0.07763671875 0.61376953125 0.1279296875 0.1123046875
0 0.9345703125 0.22802734375 0.0625 0.0673828125
0 0.53173828125 0.37890625 0.0498046875 0.037109375
0 0.9140625 0.6220703125 0.05859375 0.05859375
0 0.59130859375 0.78662109375 0.0283203125 0.0302734375
0 0.384765625 0.02392578125 0.02734375 0.0205078125
0 0.3671875 0.76708984375 0.017578125 0.0126953125