0 0.96826171875 0.83349609375 0.0244140625 0.0224609375
0 0.3896484375 0.45654296875 0.021484375 0.0185546875
0 0.5146484375 0.39306640625 0.025390625 0.0263671875
0 0.400390625 0.79931640625 0.72265625 0.2685546875
0 0.43896484375 0.5078125 0.0302734375 0.037109375
0 0.828125 0.09375 0.068359375 0.068359375
0 0.92041015625 0.85693359375 0.0263671875 0.0205078125
0 0.466796875 0.26611328125 0.087890625 0.2119140625
0 0.07373046875 0.3720703125 0.1123046875 0.484375
0 0.33251953125 0.6259765625 0.0458984375 0.060546875
0 0.9072265625 0.1796875 0.033203125 0.04296875
0 0.623046875 0.59033203125 0.171875 0.0927734375
0 0.68896484375 0.23681640625 0.1240234375 0.1259765625
0 0.20703125 0.33056640625 0.10546875 0.0927734375
0 0.86376953125 0.251953125 0.0771484375 0.087890625
0 0.779296875 0.32275390625 0.08984375 0.0322265625
0 0.1572265625 0.58740234375 0.0234375 0.0244140625
0 0.20458984375 0.57763671875 0.0458984375 0.0556640625
0 0.87158203125 0.646484375 0.0283203125 0.01953125
0 0.76513671875 0.03466796875 0.0947265625 0.0380859375
0 0.70068359375 0.419921875 0.0322265625 0.03125
0 0.2177734375 0.48876953125 0.1484375 0.0771484375
0 0.966796875 0.4501953125 0.03125 0.03125
0 0.89794921875 0.9169921875 0.0400390625 0.04296875
0 0.92236328125 0.3271484375 0.0478515625 0.046875
0 0.9375 0.5625 0.107421875 0.123046875
0 0.5751953125 0.0390625 0.052734375 0.0546875
0 0.28466796875 0.15087890625 0.2490234375 0.2490234375
0 0.671875 0.09228515625 0.080078125 0.0244140625
0 0.73779296875 0.46728515625 0.2958984375 0.0576171875
0 0.9208984375 0.74658203125 0.103515625 0.0908203125
0 0.07080078125 0.64404296875 0.0244140625 0.0244140625
0 0.75439453125 0.41943359375 0.0283203125 0.0283203125
0 0.6533203125 0.3857421875 0.052734375 0.0546875
0 0.8173828125 0.89404296875 0.02734375 0.0244140625
0 0.80322265625 0.75537109375 0.0810546875 0.2353515625
0 0.8369140625 0.0224609375 0.013671875 0.015625
0 0.56201171875 0.15380859375 0.0654296875 0.0693359375
0 0.76953125 0.96728515625 0.185546875 0.0634765625
0 0.4609375 0.63671875 0.06640625 0.048828125
0 0.81884765625 0.59521484375 0.0732421875 0.0751953125
0 0.55322265625 0.2783203125 0.0810546875 0.080078125
0 0.47021484375 0.05810546875 0.0634765625 0.0576171875
0 0.66650390625 0.0380859375 0.0634765625 0.064453125