0 0.39404296875 0.150390625 0.0419921875 0.041015625
0 0.51318359375 0.31591796875 0.0185546875 0.0185546875
0 0.36865234375 0.2958984375 0.0419921875 0.04296875
0 0.330078125 0.662109375 0.076171875 0.0234375
0 0.08984375 0.45703125 0.04296875 0.0546875
0 0.67919921875 0.57275390625 0.3505859375 0.1298828125
0 0.92529296875 0.71435546875 0.1318359375 0.4091796875
0 0.23046875 0.892578125 0.076171875 0.208984375
0 0.76904296875 0.0947265625 0.0771484375 0.0703125
0 0.7451171875 0.4892578125 0.021484375 0.0234375
0 0.9169921875 0.357421875 0.0390625 0.0390625
0 0.53173828125 0.759765625 0.0341796875 0.037109375
0 0.33154296875 0.28173828125 0.0185546875 0.0185546875
0 0.23681640625 0.716796875 0.0947265625 0.09375
0 0.2197265625 0.140625 0.21484375 0.21484375
0 0.3203125 0.45263671875 0.265625 0.0517578125
0 0.77783203125 0.9521484375 0.0869140625 0.02734375
0 0.98095703125 0.18017578125 0.0322265625 0.0341796875
0 0.2333984375 0.3515625 0.12109375 0.123046875
0 0.6953125 0.8740234375 0.134765625 0.1171875
0 0.6162109375 0.98095703125 0.03125 0.0263671875
0 0.4677734375 0.392578125 0.03125 0.0390625
0 0.35791015625 0.54345703125 0.0244140625 0.0166015625
0 0.58642578125 0.1005859375 0.0400390625 0.041015625
0 0.484375 0.24365234375 0.0390625 0.0419921875
0 0.1630859375 0.591796875 0.134765625 0.154296875
0 0.55615234375 0.43359375 0.1123046875 0.12890625
0 0.05029296875 0.642578125 0.0712890625 0.30859375
0 0.1513671875 0.38330078125 0.041015625 0.0498046875
0 0.08984375 0.93310546875 0.142578125 0.1240234375
0 0.498046875 0.90966796875 0.19140625 0.1064453125
0 0.09033203125 0.267578125 0.0830078125 0.029296875
0 0.8408203125 0.1572265625 0.02734375 0.033203125
0 0.724609375 0.3876953125 0.01953125 0.017578125
0 0.3232421875 0.30859375 0.037109375 0.02734375
0 0.080078125 0.35009765625 0.03515625 0.0458984375
0 0.35302734375 0.8671875 0.0458984375 0.0390625
0 0.423828125 0.04931640625 0.091796875 0.0380859375
0 0.67919921875 0.1806640625 0.0947265625 0.216796875
0 0.60400390625 0.14501953125 0.0419921875 0.0322265625
0 0.44482421875 0.68017578125 0.0751953125 0.1708984375
0 0.5791015625 0.70556640625 0.048828125 0.0517578125
0 0.8134765625 0.29052734375 0.078125 0.0400390625
0 0.849609375 0.3515625 0.076171875 0.07421875
0 0.49609375 0.1220703125 0.06640625 0.06640625
0 0.91748046875 0.06396484375 0.0751953125 0.0771484375