0 0.9306640625 0.228515625 0.04296875 0.09765625
0 0.46826171875 0.21240234375 0.0986328125 0.3115234375
0 0.701171875 0.4580078125 0.359375 0.8359375
0 0.13623046875 0.82080078125 0.1806640625 0.0615234375
0 0.40673828125 0.44921875 0.0654296875 0.033203125
0 0.537109375 0.955078125 0.064453125 0.025390625
0 0.1650390625 0.31201171875 0.134765625 0.1533203125
0 0.06884765625 0.048828125 0.0400390625 0.0390625
0 0.34716796875 0.08349609375 0.0849609375 0.0966796875
0 0.19873046875 0.9404296875 0.0537109375 0.052734375
0 0.375 0.72509765625 0.134765625 0.4833984375
0 0.48291015625 0.81396484375 0.0537109375 0.0537109375
0 0.189453125 0.619140625 0.189453125 0.189453125
0 0.1279296875 0.47265625 0.03125 0.03125
0 0.10400390625 0.130859375 0.0478515625 0.046875
0 0.93408203125 0.47021484375 0.0830078125 0.0732421875
0 0.9345703125 0.97314453125 0.021484375 0.0283203125
0 0.29541015625 0.1865234375 0.0830078125 0.072265625
0 0.3046875 0.31640625 0.021484375 0.017578125
0 0.97119140625 0.92333984375 0.0458984375 0.0478515625
0 0.73046875 0.96728515625 0.0546875 0.0400390625
0 0.12255859375 0.89208984375 0.0302734375 0.0322265625
0 0.03564453125 0.17822265625 0.0693359375 0.2001953125
0 0.9541015625 0.0830078125 0.056640625 0.07421875
0 0.474609375 0.763671875 0.033203125 0.029296875
0 0.0771484375 0.3037109375 0.02734375 0.02734375
0 0.03955078125 0.7333984375 0.0693359375 0.07421875
0 0.919921875 0.55419921875 0.052734375 0.0634765625
0 0.044921875 0.35595703125 0.0625 0.0556640625
0 0.48486328125 0.5751953125 0.0693359375 0.326171875
0 0.7890625 0.91259765625 0.291015625 0.0615234375
0 0.93798828125 0.712890625 0.0576171875 0.060546875
0 0.93505859375 0.29345703125 0.0205078125 0.0263671875
0 0.18994140625 0.16943359375 0.0634765625 0.0224609375
0 0.2158203125 0.44140625 0.017578125 0.015625
0 0.12353515625 0.9375 0.0205078125 0.015625
0 0.35498046875 0.44921875 0.0302734375 0.03125
0 0.28125 0.1240234375 0.0234375 0.025390625
0 0.02197265625 0.53662109375 0.0283203125 0.0283203125
0 0.33740234375 0.4091796875 0.0400390625 0.041015625
0 0.28759765625 0.3427734375 0.0244140625 0.017578125
0 0.08203125 0.41845703125 0.09375 0.0283203125
0 0.333984375 0.279296875 0.017578125 0.021484375