0 0.92822265625 0.2587890625 0.0478515625 0.103515625
0 0.37890625 0.04248046875 0.02734375 0.0205078125
0 0.60205078125 0.20947265625 0.0732421875 0.2333984375
0 0.78369140625 0.892578125 0.1201171875 0.041015625
0 0.46875 0.328125 0.013671875 0.015625
0 0.8271484375 0.0537109375 0.041015625 0.041015625
0 0.259765625 0.8193359375 0.154296875 0.134765625
0 0.7431640625 0.7529296875 0.0390625 0.0390625
0 0.171875 0.0634765625 0.037109375 0.02734375
0 0.90869140625 0.79296875 0.1259765625 0.044921875
0 0.3916015625 0.72265625 0.03125 0.03125
0 0.771484375 0.158203125 0.25 0.052734375
0 0.6279296875 0.96728515625 0.0234375 0.0205078125
0 0.42822265625 0.38818359375 0.0849609375 0.0771484375
0 0.7412109375 0.6103515625 0.17578125 0.17578125
0 0.50146484375 0.30419921875 0.0380859375 0.0400390625
0 0.32568359375 0.67822265625 0.0419921875 0.0517578125
0 0.1416015625 0.6181640625 0.0390625 0.05078125
0 0.5703125 0.36328125 0.130859375 0.0703125
0 0.06396484375 0.611328125 0.0693359375 0.068359375
0 0.8994140625 0.65576171875 0.052734375 0.0693359375
0 0.5146484375 0.6044921875 0.056640625 0.1640625
0 0.130859375 0.14013671875 0.0234375 0.0302734375
0 0.22998046875 0.55029296875 0.1357421875 0.1552734375
0 0.53125 0.8408203125 0.353515625 0.109375
0 0.4638671875 0.05615234375 0.05859375 0.0576171875
0 0.28759765625 0.20703125 0.1044921875 0.322265625
0 0.673828125 0.720703125 0.025390625 0.025390625
0 0.953125 0.9609375 0.048828125 0.05078125
0 0.1220703125 0.25244140625 0.1328125 0.0693359375
0 0.76953125 0.05029296875 0.0390625 0.0400390625
0 0.08837890625 0.49609375 0.0126953125 0.01171875
0 0.76708984375 0.404296875 0.1396484375 0.16015625
0 0.99072265625 0.35205078125 0.0185546875 0.0205078125
0 0.9521484375 0.4833984375 0.0625 0.025390625
0 0.26123046875 0.7021484375 0.0361328125 0.03515625
0 0.40283203125 0.28173828125 0.0576171875 0.0615234375
0 0.50732421875 0.25 0.0556640625 0.060546875
0 0.77783203125 0.98095703125 0.0380859375 0.0380859375
0 0.39306640625 0.67626953125 0.0419921875 0.0361328125
0 0.08935546875 0.93505859375 0.1103515625 0.1123046875
0 0.10546875 0.671875 0.05078125 0.015625
0 0.31591796875 0.9375 0.0810546875 0.08203125
0 0.36767578125 0.09716796875 0.0322265625 0.0224609375
0 0.13623046875 0.3779296875 0.1337890625 0.1171875
0 0.60595703125 0.5 0.0595703125 0.13671875