0 0.4853515625 0.37841796875 0.056640625 0.0419921875
0 0.12939453125 0.4052734375 0.1591796875 0.05078125
0 0.67236328125 0.3583984375 0.1865234375 0.638671875
0 0.017578125 0.69384765625 0.0234375 0.0185546875
0 0.150390625 0.2763671875 0.0546875 0.1328125
0 0.29638671875 0.2646484375 0.1337890625 0.400390625
0 0.86328125 0.5703125 0.095703125 0.296875
0 0.79443359375 0.880859375 0.3662109375 0.220703125
0 0.1396484375 0.7890625 0.12109375 0.138671875
0 0.89208984375 0.26513671875 0.0634765625 0.0185546875
0 0.158203125 0.083984375 0.078125 0.029296875
0 0.509765625 0.11865234375 0.07421875 0.0751953125
0 0.12548828125 0.17724609375 0.0400390625 0.0400390625
0 0.4228515625 0.263671875 0.025390625 0.025390625
0 0.20556640625 0.30419921875 0.0283203125 0.0302734375
0 0.80029296875 0.31689453125 0.0283203125 0.0244140625
0 0.44482421875 0.71240234375 0.1494140625 0.5693359375
0 0.27978515625 0.75927734375 0.0498046875 0.1083984375
0 0.89453125 0.17724609375 0.03125 0.0322265625
0 0.080078125 0.27880859375 0.05078125 0.0615234375
0 0.12646484375 0.5224609375 0.0986328125 0.041015625
0 0.2607421875 0.87890625 0.0703125 0.068359375
0 0.8974609375 0.33203125 0.041015625 0.037109375
0 0.4599609375 0.2763671875 0.0234375 0.029296875
0 0.50830078125 0.21533203125 0.1220703125 0.0634765625
0 0.65478515625 0.74658203125 0.0263671875 0.0185546875
0 0.2890625 0.57470703125 0.076171875 0.0751953125
0 0.9697265625 0.208984375 0.037109375 0.048828125
0 0.126953125 0.61279296875 0.119140625 0.1044921875
0 0.17333984375 0.93212890625 0.0966796875 0.1103515625
0 0.0712890625 0.10986328125 0.056640625 0.0595703125
0 0.90576171875 0.0615234375 0.0537109375 0.05859375
0 0.80908203125 0.1796875 0.0576171875 0.060546875
0 0.873046875 0.2255859375 0.02734375 0.029296875
0 0.4423828125 0.03955078125 0.01953125 0.0166015625
0 0.390625 0.25390625 0.01953125 0.0234375
0 0.23779296875 0.67724609375 0.0419921875 0.0419921875
0 0.20361328125 0.17431640625 0.0400390625 0.0400390625
0 0.931640625 0.46044921875 0.03515625 0.0458984375
0 0.05712890625 0.94873046875 0.0244140625 0.0224609375
0 0.06298828125 0.18603515625 0.0830078125 0.0849609375
0 0.1875 0.12890625 0.037109375 0.037109375