0 0.09130859375 0.48291015625 0.0361328125 0.0380859375
0 0.6220703125 0.90380859375 0.099609375 0.0517578125
0 0.93017578125 0.84130859375 0.0263671875 0.0185546875
0 0.20703125 0.16650390625 0.021484375 0.0166015625
0 0.64306640625 0.50537109375 0.0458984375 0.0458984375
0 0.25634765625 0.8828125 0.0322265625 0.033203125
0 0.17138671875 0.92138671875 0.1044921875 0.1064453125
0 0.55322265625 0.2548828125 0.0673828125 0.06640625
0 0.0673828125 0.69482421875 0.111328125 0.3271484375
0 0.4462890625 0.416015625 0.04296875 0.04296875
0 0.8076171875 0.65283203125 0.09375 0.4423828125
0 0.46923828125 0.6298828125 0.1064453125 0.033203125
0 0.177734375 0.51953125 0.013671875 0.015625
0 0.61962890625 0.126953125 0.1591796875 0.181640625
0 0.28125 0.34814453125 0.064453125 0.0634765625
0 0.57958984375 0.47705078125 0.0537109375 0.0576171875
0 0.39599609375 0.21923828125 0.1923828125 0.1923828125
0 0.93798828125 0.41455078125 0.1220703125 0.3857421875
0 0.5087890625 0.9443359375 0.025390625 0.021484375
0 0.1953125 0.62548828125 0.13671875 0.0732421875
0 0.7802734375 0.22265625 0.1171875 0.1015625
0 0.8017578125 0.88720703125 0.02734375 0.0244140625
0 0.103515625 0.13330078125 0.0390625 0.0908203125
0 0.39794921875 0.57958984375 0.0205078125 0.0263671875
0 0.18994140625 0.41357421875 0.0224609375 0.0224609375
0 0.52587890625 0.75390625 0.1650390625 0.14453125
0 0.36767578125 0.3984375 0.0498046875 0.052734375
0 0.9013671875 0.12939453125 0.12890625 0.0458984375
0 0.3310546875 0.8017578125 0.12109375 0.048828125
0 0.0654296875 0.3486328125 0.046875 0.04296875
0 0.3837890625 0.8623046875 0.046875 0.046875
0 0.1845703125 0.0322265625 0.033203125 0.04296875
0 0.2509765625 0.2001953125 0.056640625 0.15625
0 0.6650390625 0.33740234375 0.0390625 0.0380859375
0 0.470703125 0.0478515625 0.03125 0.02734375
0 0.66259765625 0.61865234375 0.0654296875 0.0693359375
0 0.7548828125 0.10009765625 0.072265625 0.0732421875
0 0.30126953125 0.46337890625 0.0576171875 0.0751953125
0 0.4365234375 0.95751953125 0.0625 0.0634765625
0 0.31396484375 0.73388671875 0.2509765625 0.0537109375
0 0.3046875 0.919921875 0.037109375 0.02734375
0 0.68310546875 0.39990234375 0.1630859375 0.0556640625
0 0.728515625 0.8740234375 0.044921875 0.0546875
0 0.20556640625 0.78076171875 0.0361328125 0.0380859375