0 0.56103515625 0.865234375 0.1337890625 0.068359375
0 0.5830078125 0.1494140625 0.025390625 0.017578125
0 0.87451171875 0.2841796875 0.1220703125 0.52734375
0 0.1474609375 0.509765625 0.265625 0.94921875
0 0.630859375 0.4140625 0.044921875 0.09765625
0 0.69140625 0.79638671875 0.03125 0.0322265625
0 0.40087890625 0.49169921875 0.1259765625 0.1435546875
0 0.8525390625 0.6044921875 0.029296875 0.029296875
0 0.97265625 0.23388671875 0.02734375 0.0361328125
0 0.859375 0.68994140625 0.130859375 0.1337890625
0 0.77880859375 0.9169921875 0.2294921875 0.126953125
0 0.59716796875 0.529296875 0.0751953125 0.076171875
0 0.6875 0.13525390625 0.078125 0.0712890625
0 0.556640625 0.685546875 0.12890625 0.146484375
0 0.5439453125 0.298828125 0.048828125 0.048828125
0 0.59130859375 0.95458984375 0.0517578125 0.0537109375
0 0.63427734375 0.08056640625 0.0224609375 0.0244140625
0 0.73095703125 0.39599609375 0.1357421875 0.4208984375
0 0.412109375 0.17138671875 0.240234375 0.0791015625
0 0.95703125 0.69921875 0.02734375 0.02734375
0 0.35791015625 0.35693359375 0.1259765625 0.1103515625
0 0.3115234375 0.75146484375 0.025390625 0.0205078125
0 0.5703125 0.7822265625 0.06640625 0.02734375
0 0.37158203125 0.90478515625 0.0576171875 0.1669921875
0 0.70947265625 0.66259765625 0.1162109375 0.0419921875
0 0.32177734375 0.2568359375 0.0654296875 0.048828125
0 0.32470703125 0.6337890625 0.0283203125 0.0234375
0 0.494140625 0.0439453125 0.23046875 0.048828125
0 0.4482421875 0.71484375 0.06640625 0.2109375
0 0.8798828125 0.6123046875 0.015625 0.01953125
0 0.47998046875 0.32080078125 0.0322265625 0.0400390625
0 0.77490234375 0.05419921875 0.0439453125 0.0439453125
0 0.5986328125 0.29345703125 0.056640625 0.1357421875
0 0.88671875 0.81884765625 0.052734375 0.0576171875
0 0.9228515625 0.5673828125 0.1015625 0.03125
0 0.53076171875 0.962890625 0.0439453125 0.04296875
0 0.4814453125 0.263671875 0.041015625 0.052734375
0 0.7197265625 0.71923828125 0.056640625 0.0556640625
0 0.51220703125 0.52294921875 0.0322265625 0.0322265625
0 0.30615234375 0.5830078125 0.0263671875 0.0234375
0 0.3154296875 0.82421875 0.01953125 0.017578125
0 0.431640625 0.92431640625 0.0546875 0.0673828125
0 0.95458984375 0.888671875 0.0576171875 0.060546875
0 0.3134765625 0.06591796875 0.052734375 0.0556640625