0 0.6455078125 0.4384765625 0.01953125 0.017578125
0 0.162109375 0.71923828125 0.02734375 0.0263671875
0 0.44580078125 0.3798828125 0.1923828125 0.103515625
0 0.3935546875 0.7744140625 0.05078125 0.05078125
0 0.67138671875 0.0439453125 0.0673828125 0.068359375
0 0.70849609375 0.6875 0.5419921875 0.28125
0 0.47802734375 0.05712890625 0.0458984375 0.0458984375
0 0.69189453125 0.86083984375 0.0615234375 0.0556640625
0 0.7216796875 0.283203125 0.025390625 0.025390625
0 0.08837890625 0.37255859375 0.1083984375 0.1103515625
0 0.890625 0.96044921875 0.048828125 0.0361328125
0 0.2119140625 0.97998046875 0.01953125 0.0146484375
0 0.8232421875 0.13037109375 0.1171875 0.1025390625
0 0.27490234375 0.69970703125 0.1435546875 0.1630859375
0 0.23828125 0.27880859375 0.1171875 0.5478515625
0 0.09619140625 0.58203125 0.0595703125 0.13671875
0 0.9453125 0.29052734375 0.103515625 0.3095703125
0 0.07666015625 0.68115234375 0.0263671875 0.0283203125
0 0.05810546875 0.96728515625 0.0439453125 0.0576171875
0 0.5537109375 0.22412109375 0.078125 0.0244140625
0 0.36865234375 0.55859375 0.0869140625 0.087890625
0 0.23779296875 0.89013671875 0.1201171875 0.1376953125
0 0.11376953125 0.45947265625 0.0224609375 0.0224609375
0 0.75927734375 0.20947265625 0.0478515625 0.0498046875
0 0.560546875 0.9599609375 0.037109375 0.0390625
0 0.94091796875 0.47802734375 0.0283203125 0.0341796875
0 0.380859375 0.8291015625 0.044921875 0.048828125
0 0.5390625 0.12744140625 0.216796875 0.0419921875
0 0.44677734375 0.9423828125 0.0361328125 0.03125
0 0.6826171875 0.24853515625 0.041015625 0.0400390625
0 0.39453125 0.197265625 0.060546875 0.189453125
0 0.86181640625 0.28662109375 0.0224609375 0.0224609375
0 0.08203125 0.8525390625 0.16015625 0.16015625
0 0.38037109375 0.94873046875 0.0693359375 0.0244140625
0 0.5205078125 0.498046875 0.029296875 0.03125
0 0.64013671875 0.97265625 0.0322265625 0.0390625
0 0.59619140625 0.32470703125 0.0478515625 0.1162109375
0 0.05029296875 0.20458984375 0.0400390625 0.0419921875
0 0.18701171875 0.63916015625 0.0244140625 0.0166015625
0 0.91943359375 0.03125 0.1240234375 0.0390625
0 0.61474609375 0.52099609375 0.0810546875 0.0419921875
0 0.4677734375 0.228515625 0.044921875 0.05859375
0 0.0380859375 0.70068359375 0.04296875 0.1240234375
0 0.775390625 0.4267578125 0.154296875 0.134765625
0 0.380859375 0.3095703125 0.0390625 0.033203125
0 0.5703125 0.18798828125 0.091796875 0.0380859375
0 0.43212890625 0.8955078125 0.0283203125 0.03515625