0 0.13916015625 0.65576171875 0.0302734375 0.0322265625
0 0.6591796875 0.35400390625 0.12109375 0.4130859375
0 0.189453125 0.3173828125 0.087890625 0.076171875
0 0.447265625 0.50048828125 0.27734375 0.9931640625
0 0.96728515625 0.87841796875 0.0634765625 0.1904296875
0 0.76953125 0.7119140625 0.072265625 0.07421875
0 0.236328125 0.5458984375 0.068359375 0.05078125
0 0.14697265625 0.45947265625 0.0712890625 0.0810546875
0 0.0830078125 0.0517578125 0.0703125 0.0703125
0 0.8310546875 0.27783203125 0.107421875 0.1220703125
0 0.87939453125 0.66552734375 0.0322265625 0.0400390625
0 0.9296875 0.7138671875 0.0546875 0.130859375
0 0.03076171875 0.24169921875 0.0361328125 0.0380859375
0 0.06494140625 0.43310546875 0.0517578125 0.1494140625
0 0.21044921875 0.79052734375 0.0947265625 0.0302734375
0 0.24169921875 0.19970703125 0.0537109375 0.0576171875
0 0.8095703125 0.1123046875 0.064453125 0.138671875
0 0.9150390625 0.5029296875 0.03515625 0.037109375
0 0.81884765625 0.86962890625 0.0849609375 0.0439453125
0 0.06005859375 0.1650390625 0.0419921875 0.0546875
0 0.8349609375 0.607421875 0.041015625 0.041015625
0 0.83544921875 0.41552734375 0.0419921875 0.0419921875
0 0.85546875 0.92333984375 0.044921875 0.0458984375
0 0.9306640625 0.44384765625 0.080078125 0.0283203125
0 0.830078125 0.45263671875 0.083984375 0.0244140625
0 0.2021484375 0.16064453125 0.017578125 0.0205078125
0 0.119140625 0.29833984375 0.044921875 0.0439453125
0 0.15869140625 0.89404296875 0.2451171875 0.1318359375
0 0.65966796875 0.06591796875 0.1162109375 0.0478515625
0 0.85888671875 0.798828125 0.0693359375 0.068359375
0 0.80029296875 0.51318359375 0.0361328125 0.0439453125
0 0.8857421875 0.17919921875 0.041015625 0.0341796875
0 0.90087890625 0.056640625 0.0478515625 0.05078125
0 0.7421875 0.85888671875 0.0625 0.0830078125
0 0.12744140625 0.7802734375 0.0517578125 0.046875
0 0.69970703125 0.9248046875 0.0322265625 0.0234375
0 0.234375 0.41748046875 0.068359375 0.0673828125
0 0.8046875 0.7666015625 0.03125 0.02734375
0 0.02783203125 0.08642578125 0.0361328125 0.0283203125
0 0.74169921875 0.32373046875 0.0244140625 0.0263671875
0 0.09228515625 0.71923828125 0.0341796875 0.0341796875
0 0.69921875 0.96923828125 0.02734375 0.0244140625