0 0.041015625 0.0361328125 0.037109375 0.03125
0 0.35595703125 0.53369140625 0.0380859375 0.0341796875
0 0.681640625 0.248046875 0.02734375 0.02734375
0 0.91064453125 0.576171875 0.0751953125 0.07421875
0 0.3779296875 0.85693359375 0.541015625 0.2001953125
0 0.27587890625 0.267578125 0.5498046875 0.291015625
0 0.4091796875 0.65966796875 0.17578125 0.1533203125
0 0.87255859375 0.6689453125 0.1259765625 0.068359375
0 0.90234375 0.9169921875 0.146484375 0.076171875
0 0.71435546875 0.736328125 0.1220703125 0.048828125
0 0.552734375 0.0576171875 0.02734375 0.029296875
0 0.392578125 0.5537109375 0.025390625 0.033203125
0 0.5751953125 0.6162109375 0.09765625 0.234375
0 0.69580078125 0.94287109375 0.0341796875 0.0341796875
0 0.1015625 0.65380859375 0.0234375 0.0205078125
0 0.86181640625 0.31982421875 0.1689453125 0.1474609375
0 0.7705078125 0.4765625 0.060546875 0.044921875
0 0.83203125 0.16015625 0.052734375 0.0546875
0 0.33837890625 0.46142578125 0.0888671875 0.0908203125
0 0.576171875 0.22802734375 0.04296875 0.0986328125
0 0.130859375 0.07373046875 0.0625 0.0830078125
0 0.22705078125 0.5986328125 0.1259765625 0.14453125
0 0.76953125 0.9638671875 0.048828125 0.052734375
0 0.6435546875 0.396484375 0.037109375 0.0390625
0 0.82763671875 0.4912109375 0.0166015625 0.021484375
0 0.0791015625 0.8994140625 0.0390625 0.0390625
0 0.4775390625 0.5234375 0.046875 0.056640625
0 0.66455078125 0.58984375 0.0556640625 0.15234375
0 0.76611328125 0.83203125 0.0595703125 0.05859375
0 0.67041015625 0.4326171875 0.0400390625 0.03125
0 0.9189453125 0.8203125 0.107421875 0.109375
0 0.4150390625 0.0888671875 0.16796875 0.056640625
0 0.78662109375 0.22607421875 0.1005859375 0.0361328125
0 0.740234375 0.666015625 0.08203125 0.083984375
0 0.69677734375 0.36962890625 0.0322265625 0.0283203125
0 0.92578125 0.419921875 0.052734375 0.05078125
0 0.609375 0.1416015625 0.013671875 0.015625
0 0.85498046875 0.45947265625 0.0224609375 0.0244140625
0 0.74609375 0.1484375 0.041015625 0.04296875
0 0.6689453125 0.087890625 0.05859375 0.05859375
0 0.67431640625 0.021484375 0.0693359375 0.01953125
0 0.93359375 0.72509765625 0.015625 0.0107421875