0 0.322265625 0.4404296875 0.23828125 0.23828125
0 0.49072265625 0.50830078125 0.0419921875 0.0966796875
0 0.72607421875 0.4912109375 0.1416015625 0.662109375
0 0.23046875 0.06005859375 0.318359375 0.0673828125
0 0.57763671875 0.92529296875 0.0908203125 0.0283203125
0 0.833984375 0.70654296875 0.060546875 0.0791015625
0 0.90673828125 0.97216796875 0.0791015625 0.0322265625
0 0.25390625 0.79150390625 0.48828125 0.2880859375
0 0.55419921875 0.185546875 0.0986328125 0.291015625
0 0.20361328125 0.20166015625 0.0693359375 0.0361328125
0 0.912109375 0.2744140625 0.166015625 0.533203125
0 0.6884765625 0.90869140625 0.03515625 0.0458984375
0 0.06298828125 0.5166015625 0.1044921875 0.091796875
0 0.435546875 0.59228515625 0.05078125 0.0458984375
0 0.369140625 0.2080078125 0.076171875 0.17578125
0 0.54736328125 0.4111328125 0.0595703125 0.0625
0 0.0986328125 0.14892578125 0.048828125 0.0517578125
0 0.87109375 0.62255859375 0.03515625 0.0302734375
0 0.17724609375 0.27099609375 0.0537109375 0.0537109375
0 0.068359375 0.9599609375 0.126953125 0.04296875
0 0.6220703125 0.296875 0.03125 0.03125
0 0.765625 0.89892578125 0.060546875 0.0458984375
0 0.4697265625 0.083984375 0.03515625 0.03515625
0 0.609375 0.74267578125 0.0625 0.0673828125
0 0.931640625 0.7060546875 0.11328125 0.115234375
0 0.10498046875 0.43310546875 0.0576171875 0.0556640625
0 0.68212890625 0.1064453125 0.1025390625 0.08984375
0 0.93701171875 0.59814453125 0.0771484375 0.0888671875
0 0.8642578125 0.89453125 0.02734375 0.033203125
0 0.13037109375 0.3564453125 0.0732421875 0.072265625
0 0.05224609375 0.35888671875 0.0380859375 0.0380859375
0 0.8369140625 0.9560546875 0.037109375 0.03125
0 0.337890625 0.947265625 0.01953125 0.01953125
0 0.47216796875 0.142578125 0.0283203125 0.029296875
0 0.255859375 0.96630859375 0.05859375 0.0576171875
0 0.53759765625 0.6669921875 0.0634765625 0.17578125
0 0.572265625 0.501953125 0.107421875 0.109375
0 0.58837890625 0.6396484375 0.0283203125 0.029296875
0 0.3173828125 0.173828125 0.0234375 0.029296875
0 0.54541015625 0.833984375 0.0185546875 0.01953125
0 0.16162109375 0.130859375 0.0126953125 0.015625
0 0.08154296875 0.2216796875 0.1044921875 0.037109375
0 0.72900390625 0.86328125 0.0322265625 0.0234375
0 0.57666015625 0.02685546875 0.0205078125 0.0185546875
0 0.42431640625 0.2734375 0.0205078125 0.015625