0 0.1904296875 0.119140625 0.107421875 0.109375
0 0.2587890625 0.88232421875 0.048828125 0.1064453125
0 0.8798828125 0.4296875 0.154296875 0.134765625
0 0.26123046875 0.728515625 0.0615234375 0.064453125
0 0.51708984375 0.17041015625 0.5205078125 0.1611328125
0 0.66796875 0.55029296875 0.087890625 0.2998046875
0 0.029296875 0.5693359375 0.02734375 0.0234375
0 0.5029296875 0.03515625 0.017578125 0.015625
0 0.8974609375 0.0830078125 0.0234375 0.017578125
0 0.37109375 0.44921875 0.263671875 0.263671875
0 0.265625 0.7802734375 0.033203125 0.033203125
0 0.09326171875 0.72998046875 0.0537109375 0.0400390625
0 0.68408203125 0.95703125 0.0751953125 0.0859375
0 0.50537109375 0.79541015625 0.1884765625 0.1884765625
0 0.5029296875 0.64697265625 0.025390625 0.0263671875
0 0.9375 0.2041015625 0.041015625 0.041015625
0 0.63916015625 0.0546875 0.0693359375 0.02734375
0 0.15625 0.78271484375 0.0859375 0.0439453125
0 0.87353515625 0.162109375 0.0205078125 0.017578125
0 0.8134765625 0.9296875 0.056640625 0.068359375
0 0.4541015625 0.9130859375 0.08203125 0.025390625
0 0.05859375 0.88037109375 0.03515625 0.0380859375
0 0.24267578125 0.04345703125 0.0576171875 0.0205078125
0 0.10009765625 0.61376953125 0.0498046875 0.0517578125
0 0.91162109375 0.73486328125 0.1357421875 0.1552734375
0 0.1669921875 0.5654296875 0.041015625 0.0546875
0 0.57275390625 0.38525390625 0.0185546875 0.0185546875
0 0.08349609375 0.19482421875 0.0966796875 0.0986328125
0 0.091796875 0.44873046875 0.072265625 0.2099609375
0 0.77978515625 0.73291015625 0.1220703125 0.1064453125
0 0.8935546875 0.9052734375 0.08203125 0.07421875
0 0.90478515625 0.57763671875 0.1826171875 0.0576171875
0 0.72119140625 0.0478515625 0.0673828125 0.06640625
0 0.1982421875 0.20703125 0.04296875 0.056640625
0 0.263671875 0.94287109375 0.015625 0.0107421875
0 0.81591796875 0.1943359375 0.0517578125 0.125
0 0.26513671875 0.654296875 0.0615234375 0.0625
0 0.37255859375 0.958984375 0.0224609375 0.02734375
0 0.8017578125 0.80810546875 0.0390625 0.0380859375
0 0.30615234375 0.97509765625 0.0400390625 0.0419921875
0 0.97509765625 0.32177734375 0.0478515625 0.0478515625
0 0.7373046875 0.29296875 0.240234375 0.046875
0 0.5166015625 0.287109375 0.021484375 0.0234375
0 0.5400390625 0.41552734375 0.04296875 0.0419921875
0 0.02197265625 0.30419921875 0.0244140625 0.0302734375