0 0.60791015625 0.0634765625 0.3232421875 0.125
0 0.9345703125 0.03125 0.0546875 0.015625
0 0.8203125 0.70263671875 0.072265625 0.0732421875
0 0.32177734375 0.20947265625 0.0302734375 0.0400390625
0 0.54248046875 0.78271484375 0.0498046875 0.0517578125
0 0.1552734375 0.3369140625 0.078125 0.21484375
0 0.8720703125 0.3125 0.16015625 0.515625
0 0.73779296875 0.27294921875 0.0419921875 0.0361328125
0 0.82861328125 0.7763671875 0.0712890625 0.064453125
0 0.7216796875 0.5654296875 0.09765625 0.224609375
0 0.25146484375 0.7548828125 0.1318359375 0.150390625
0 0.748046875 0.33935546875 0.0390625 0.0888671875
0 0.16064453125 0.06494140625 0.0322265625 0.0322265625
0 0.55712890625 0.66064453125 0.0634765625 0.0634765625
0 0.2236328125 0.2529296875 0.046875 0.046875
0 0.58447265625 0.26318359375 0.2470703125 0.2470703125
0 0.0751953125 0.69970703125 0.134765625 0.4814453125
0 0.35693359375 0.5634765625 0.0185546875 0.013671875
0 0.68603515625 0.89990234375 0.5048828125 0.1650390625
0 0.95361328125 0.67431640625 0.0361328125 0.0380859375
0 0.46875 0.69189453125 0.07421875 0.0732421875
0 0.43994140625 0.4931640625 0.0302734375 0.0234375
0 0.9814453125 0.04248046875 0.015625 0.0185546875
0 0.64697265625 0.72998046875 0.0361328125 0.0380859375
0 0.23095703125 0.17578125 0.0732421875 0.07421875
0 0.306640625 0.42724609375 0.02734375 0.0341796875
0 0.17822265625 0.576171875 0.0302734375 0.02734375
0 0.9892578125 0.34375 0.017578125 0.017578125
0 0.19873046875 0.85693359375 0.0615234375 0.0458984375
0 0.98388671875 0.55615234375 0.0322265625 0.0419921875
0 0.3193359375 0.3408203125 0.248046875 0.048828125
0 0.62255859375 0.6708984375 0.0576171875 0.0625
0 0.48388671875 0.486328125 0.0498046875 0.052734375
0 0.1640625 0.91552734375 0.033203125 0.0322265625
0 0.619140625 0.42822265625 0.10546875 0.0419921875
0 0.4150390625 0.423828125 0.130859375 0.046875
0 0.26904296875 0.578125 0.1201171875 0.123046875
0 0.732421875 0.158203125 0.041015625 0.04296875
0 0.025390625 0.33203125 0.033203125 0.033203125
0 0.35009765625 0.033203125 0.0478515625 0.05859375
0 0.46484375 0.7509765625 0.033203125 0.029296875
0 0.7255859375 0.71533203125 0.08203125 0.0712890625
0 0.37451171875 0.826171875 0.1005859375 0.30078125
0 0.58447265625 0.529296875 0.1298828125 0.11328125
0 0.07177734375 0.06201171875 0.0732421875 0.0380859375
0 0.361328125 0.109375 0.15625 0.052734375