0 0.427734375 0.34716796875 0.05859375 0.0439453125
0 0.353515625 0.359375 0.03125 0.033203125
0 0.43212890625 0.89794921875 0.5068359375 0.1572265625
0 0.0556640625 0.0625 0.056640625 0.056640625
0 0.9267578125 0.66845703125 0.033203125 0.0439453125
0 0.029296875 0.9326171875 0.056640625 0.068359375
0 0.78662109375 0.568359375 0.0888671875 0.3046875
0 0.48486328125 0.5439453125 0.0927734375 0.22265625
0 0.8623046875 0.31005859375 0.029296875 0.0302734375
0 0.8017578125 0.1611328125 0.3203125 0.068359375
0 0.40380859375 0.294921875 0.0458984375 0.048828125
0 0.16748046875 0.42138671875 0.2666015625 0.1474609375
0 0.17822265625 0.21044921875 0.0380859375 0.0400390625
0 0.3486328125 0.7685546875 0.01953125 0.017578125
0 0.85107421875 0.78759765625 0.0224609375 0.0224609375
0 0.83203125 0.94482421875 0.06640625 0.0205078125
0 0.611328125 0.40234375 0.111328125 0.333984375
0 0.37158203125 0.087890625 0.0849609375 0.04296875
0 0.771484375 0.08544921875 0.033203125 0.0283203125
0 0.15478515625 0.68603515625 0.1552734375 0.1767578125
0 0.8525390625 0.84033203125 0.015625 0.0107421875
0 0.93212890625 0.5224609375 0.0791015625 0.1796875
0 0.93408203125 0.052734375 0.0283203125 0.033203125
0 0.1806640625 0.14892578125 0.052734375 0.0478515625
0 0.6943359375 0.44140625 0.03125 0.0390625
0 0.07568359375 0.29931640625 0.0908203125 0.0791015625
0 0.45068359375 0.27490234375 0.0439453125 0.0439453125
0 0.87841796875 0.3583984375 0.0322265625 0.02734375
0 0.6611328125 0.73291015625 0.044921875 0.0439453125
0 0.5283203125 0.767578125 0.033203125 0.03515625
0 0.87646484375 0.24853515625 0.0244140625 0.0244140625
0 0.42626953125 0.19775390625 0.0771484375 0.0751953125
0 0.40234375 0.6845703125 0.125 0.044921875
0 0.51318359375 0.171875 0.0712890625 0.333984375
0 0.35302734375 0.61669921875 0.0302734375 0.0302734375
0 0.2607421875 0.2333984375 0.1171875 0.119140625
0 0.85009765625 0.04833984375 0.0966796875 0.0947265625
0 0.59814453125 0.65087890625 0.0537109375 0.1552734375
0 0.310546875 0.6865234375 0.01953125 0.015625
0 0.0810546875 0.8359375 0.0859375 0.07421875
0 0.74658203125 0.3291015625 0.1455078125 0.166015625
0 0.900390625 0.31494140625 0.044921875 0.0576171875
0 0.47412109375 0.75439453125 0.0400390625 0.0419921875
0 0.9140625 0.72412109375 0.15625 0.0498046875
0 0.95947265625 0.25830078125 0.0732421875 0.0302734375