0 0.8408203125 0.50048828125 0.091796875 0.0263671875
0 0.83984375 0.15478515625 0.02734375 0.0341796875
0 0.82421875 0.7548828125 0.052734375 0.056640625
0 0.49462890625 0.7939453125 0.0791015625 0.080078125
0 0.13818359375 0.75048828125 0.1279296875 0.4130859375
0 0.89013671875 0.31884765625 0.1162109375 0.1337890625
0 0.34619140625 0.1357421875 0.0556640625 0.05859375
0 0.62060546875 0.345703125 0.0830078125 0.26171875
0 0.76953125 0.35595703125 0.037109375 0.0478515625
0 0.25537109375 0.40234375 0.0517578125 0.05078125
0 0.3271484375 0.79443359375 0.03515625 0.0341796875
0 0.49560546875 0.64208984375 0.2099609375 0.2099609375
0 0.05615234375 0.85986328125 0.0126953125 0.0107421875
0 0.42236328125 0.2587890625 0.0771484375 0.361328125
0 0.3291015625 0.62744140625 0.064453125 0.0849609375
0 0.0439453125 0.435546875 0.025390625 0.025390625
0 0.68896484375 0.720703125 0.1337890625 0.39453125
0 0.16015625 0.04296875 0.03515625 0.037109375
0 0.9609375 0.78369140625 0.072265625 0.0654296875
0 0.30419921875 0.75390625 0.0263671875 0.02734375
0 0.94970703125 0.54638671875 0.0732421875 0.0537109375
0 0.154296875 0.3701171875 0.05078125 0.146484375
0 0.783203125 0.58203125 0.048828125 0.048828125
0 0.75146484375 0.20654296875 0.0478515625 0.0478515625
0 0.396484375 0.47314453125 0.109375 0.0458984375
0 0.18994140625 0.20263671875 0.1337890625 0.1357421875
0 0.0576171875 0.2470703125 0.10546875 0.244140625
0 0.41015625 0.8740234375 0.14453125 0.078125
0 0.53125 0.04638671875 0.1875 0.0595703125
0 0.3232421875 0.6904296875 0.017578125 0.01171875
0 0.68603515625 0.94482421875 0.0263671875 0.0263671875
0 0.52978515625 0.13037109375 0.0966796875 0.0498046875
0 0.7841796875 0.4853515625 0.01953125 0.0234375
0 0.30078125 0.2177734375 0.0859375 0.09765625
0 0.1025390625 0.07470703125 0.03125 0.0380859375
0 0.18798828125 0.498046875 0.2119140625 0.041015625
0 0.69384765625 0.09033203125 0.0712890625 0.1552734375
0 0.71337890625 0.42626953125 0.0341796875 0.0302734375
0 0.2529296875 0.33251953125 0.05078125 0.0537109375
0 0.7119140625 0.3076171875 0.03125 0.03125
0 0.60986328125 0.181640625 0.0224609375 0.01953125
0 0.52978515625 0.3271484375 0.0283203125 0.021484375
0 0.51611328125 0.1962890625 0.0849609375 0.07421875
0 0.28466796875 0.44873046875 0.0302734375 0.0302734375
0 0.9775390625 0.619140625 0.037109375 0.0390625
0 0.17626953125 0.5322265625 0.0576171875 0.021484375