0 0.38720703125 0.73974609375 0.0361328125 0.0380859375
0 0.1552734375 0.47900390625 0.267578125 0.9560546875
0 0.38134765625 0.802734375 0.0986328125 0.05078125
0 0.6884765625 0.4892578125 0.396484375 0.890625
0 0.388671875 0.57763671875 0.048828125 0.0478515625
0 0.3603515625 0.24951171875 0.064453125 0.0478515625
0 0.73291015625 0.02099609375 0.1064453125 0.0322265625
0 0.94873046875 0.5595703125 0.0888671875 0.416015625
0 0.01025390625 0.0703125 0.0205078125 0.017578125
0 0.40478515625 0.3779296875 0.0283203125 0.021484375
0 0.44775390625 0.45556640625 0.0302734375 0.0302734375
0 0.90869140625 0.31396484375 0.0283203125 0.0244140625
0 0.431640625 0.16015625 0.052734375 0.12109375
0 0.408203125 0.6826171875 0.119140625 0.04296875
0 0.810546875 0.97412109375 0.02734375 0.0341796875
0 0.36181640625 0.43359375 0.0732421875 0.083984375
0 0.9189453125 0.07568359375 0.0625 0.0751953125
0 0.3408203125 0.3408203125 0.08984375 0.078125
0 0.9814453125 0.32080078125 0.025390625 0.0185546875
0 0.4169921875 0.28466796875 0.02734375 0.0244140625
0 0.3154296875 0.15966796875 0.05078125 0.0458984375
0 0.91162109375 0.96923828125 0.0478515625 0.0498046875
0 0.466796875 0.5595703125 0.033203125 0.033203125
0 0.38720703125 0.5263671875 0.0263671875 0.025390625
0 0.43701171875 0.64404296875 0.0751953125 0.0302734375
0 0.4697265625 0.90283203125 0.03515625 0.0380859375
0 0.90283203125 0.1640625 0.0263671875 0.03125
0 0.9716796875 0.8955078125 0.0234375 0.0234375
0 0.38623046875 0.9130859375 0.0615234375 0.060546875
0 0.95458984375 0.17578125 0.0439453125 0.056640625
0 0.328125 0.71240234375 0.037109375 0.0400390625
0 0.47216796875 0.84326171875 0.0263671875 0.0263671875
0 0.431640625 0.49462890625 0.04296875 0.0458984375
0 0.35205078125 0.5068359375 0.0361328125 0.037109375
0 0.46435546875 0.05712890625 0.0400390625 0.0517578125
0 0.94091796875 0.27490234375 0.0322265625 0.0341796875