0 0.34130859375 0.7861328125 0.0849609375 0.07421875
0 0.8408203125 0.71337890625 0.037109375 0.0361328125
0 0.5625 0.2109375 0.1328125 0.15234375
0 0.13037109375 0.5791015625 0.1728515625 0.58984375
0 0.8974609375 0.35693359375 0.029296875 0.0283203125
0 0.607421875 0.544921875 0.478515625 0.25390625
0 0.4306640625 0.05712890625 0.0625 0.0458984375
0 0.5908203125 0.7255859375 0.1171875 0.046875
0 0.92626953125 0.7119140625 0.0302734375 0.037109375
0 0.85546875 0.2880859375 0.025390625 0.025390625
0 0.76123046875 0.38671875 0.0869140625 0.025390625
0 0.68359375 0.123046875 0.05859375 0.1328125
0 0.2578125 0.6328125 0.025390625 0.017578125
0 0.29736328125 0.3642578125 0.1357421875 0.419921875
0 0.625 0.89404296875 0.400390625 0.1240234375
0 0.9697265625 0.23046875 0.044921875 0.048828125
0 0.1611328125 0.9326171875 0.28515625 0.060546875
0 0.8486328125 0.212890625 0.083984375 0.076171875
0 0.8056640625 0.279296875 0.02734375 0.0234375
0 0.10205078125 0.08056640625 0.0361328125 0.0439453125
0 0.40673828125 0.12158203125 0.1572265625 0.0498046875
0 0.0908203125 0.171875 0.166015625 0.08984375
0 0.80322265625 0.76806640625 0.0302734375 0.0283203125
0 0.90087890625 0.59716796875 0.0888671875 0.0908203125
0 0.70458984375 0.7802734375 0.0576171875 0.060546875
0 0.01416015625 0.234375 0.0224609375 0.0234375
0 0.76025390625 0.357421875 0.0244140625 0.021484375
0 0.88623046875 0.9150390625 0.0263671875 0.03125
0 0.92138671875 0.05517578125 0.1064453125 0.0400390625
0 0.96923828125 0.65673828125 0.0380859375 0.0498046875
0 0.63427734375 0.3486328125 0.0634765625 0.064453125
0 0.82568359375 0.1025390625 0.0322265625 0.033203125
0 0.45654296875 0.30908203125 0.0302734375 0.0302734375
0 0.37548828125 0.87158203125 0.0517578125 0.0537109375
0 0.5517578125 0.025390625 0.041015625 0.04296875
0 0.9326171875 0.798828125 0.0859375 0.09765625
0 0.78125 0.13916015625 0.048828125 0.1416015625
0 0.25146484375 0.11376953125 0.0673828125 0.0673828125
0 0.14501953125 0.23779296875 0.0634765625 0.0322265625
0 0.51708984375 0.76416015625 0.0263671875 0.0263671875
0 0.88134765625 0.45068359375 0.0615234375 0.1474609375
0 0.43310546875 0.7099609375 0.0400390625 0.03125
0 0.2939453125 0.69873046875 0.07421875 0.0732421875
0 0.6953125 0.24072265625 0.099609375 0.1005859375
0 0.3955078125 0.35693359375 0.048828125 0.0654296875