0 0.23193359375 0.73876953125 0.1787109375 0.1787109375
0 0.43310546875 0.51806640625 0.0361328125 0.0361328125
0 0.9677734375 0.79150390625 0.05859375 0.0439453125
0 0.435546875 0.21484375 0.08984375 0.30859375
0 0.51708984375 0.91455078125 0.0322265625 0.0400390625
0 0.92578125 0.478515625 0.052734375 0.0546875
0 0.54443359375 0.60693359375 0.1572265625 0.1787109375
0 0.61083984375 0.98486328125 0.0908203125 0.0283203125
0 0.2294921875 0.4208984375 0.3046875 0.3046875
0 0.958984375 0.56640625 0.01953125 0.017578125
0 0.5703125 0.41748046875 0.037109375 0.0400390625
0 0.759765625 0.693359375 0.037109375 0.037109375
0 0.08544921875 0.15087890625 0.1044921875 0.1064453125
0 0.501953125 0.87158203125 0.015625 0.0107421875
0 0.4033203125 0.84423828125 0.033203125 0.0283203125
0 0.43408203125 0.60205078125 0.0361328125 0.0380859375
0 0.73583984375 0.314453125 0.1103515625 0.330078125
0 0.8583984375 0.08544921875 0.0625 0.1357421875
0 0.12109375 0.76318359375 0.029296875 0.0224609375
0 0.92578125 0.2890625 0.06640625 0.197265625
0 0.5556640625 0.201171875 0.029296875 0.03125
0 0.24072265625 0.18603515625 0.1044921875 0.1064453125
0 0.83056640625 0.767578125 0.0302734375 0.037109375
0 0.1953125 0.9208984375 0.052734375 0.0546875
0 0.783203125 0.6259765625 0.09375 0.03515625
0 0.65478515625 0.09814453125 0.0673828125 0.0283203125
0 0.1962890625 0.07373046875 0.033203125 0.0283203125
0 0.54833984375 0.81884765625 0.1689453125 0.0908203125
0 0.67724609375 0.55810546875 0.0419921875 0.1220703125
0 0.869140625 0.8544921875 0.1328125 0.044921875
0 0.9716796875 0.91748046875 0.05078125 0.0498046875
0 0.79052734375 0.515625 0.0478515625 0.046875
0 0.70947265625 0.9638671875 0.0244140625 0.029296875
0 0.89111328125 0.69677734375 0.0888671875 0.2060546875
0 0.57177734375 0.16552734375 0.0341796875 0.0341796875
0 0.6494140625 0.91259765625 0.091796875 0.0810546875
0 0.84716796875 0.2626953125 0.0419921875 0.041015625
0 0.76416015625 0.7734375 0.0830078125 0.072265625
0 0.63818359375 0.3896484375 0.0458984375 0.060546875
0 0.66162109375 0.73583984375 0.1162109375 0.0595703125
0 0.5419921875 0.04443359375 0.0390625 0.0498046875
0 0.65771484375 0.64892578125 0.0419921875 0.0439453125
0 0.19287109375 0.62158203125 0.0439453125 0.0400390625
0 0.37109375 0.1611328125 0.037109375 0.037109375
0 0.02490234375 0.75439453125 0.0205078125 0.0205078125