0 0.4609375 0.26123046875 0.08203125 0.0810546875
0 0.71728515625 0.1865234375 0.0244140625 0.029296875
0 0.2529296875 0.70263671875 0.060546875 0.0654296875
0 0.08203125 0.34619140625 0.072265625 0.0654296875
0 0.412109375 0.71044921875 0.021484375 0.0166015625
0 0.76611328125 0.3037109375 0.1240234375 0.064453125
0 0.3271484375 0.8857421875 0.169921875 0.1484375
0 0.884765625 0.1669921875 0.06640625 0.0703125
0 0.5830078125 0.7646484375 0.04296875 0.037109375
0 0.65283203125 0.09619140625 0.0400390625 0.0517578125
0 0.94580078125 0.630859375 0.0302734375 0.037109375
0 0.45703125 0.818359375 0.0625 0.08203125
0 0.58056640625 0.51708984375 0.4345703125 0.2568359375
0 0.6611328125 0.169921875 0.044921875 0.046875
0 0.1904296875 0.51611328125 0.291015625 0.0615234375
0 0.52880859375 0.07177734375 0.1201171875 0.1220703125
0 0.6259765625 0.88916015625 0.240234375 0.1298828125
0 0.380859375 0.67578125 0.11328125 0.03515625
0 0.08544921875 0.81689453125 0.0498046875 0.0517578125
0 0.0419921875 0.6748046875 0.080078125 0.181640625
0 0.92138671875 0.8603515625 0.0283203125 0.025390625
0 0.32470703125 0.7275390625 0.0205078125 0.017578125
0 0.37646484375 0.04833984375 0.0263671875 0.0263671875
0 0.4375 0.19970703125 0.013671875 0.0087890625
0 0.13330078125 0.08740234375 0.1591796875 0.0537109375
0 0.8408203125 0.6669921875 0.056640625 0.166015625
0 0.1064453125 0.240234375 0.142578125 0.125
0 0.54541015625 0.78662109375 0.0244140625 0.0244140625
0 0.5634765625 0.32861328125 0.064453125 0.0634765625
0 0.26708984375 0.27490234375 0.0947265625 0.2939453125
0 0.04541015625 0.81005859375 0.0224609375 0.0244140625
0 0.18310546875 0.6943359375 0.0732421875 0.083984375
0 0.92431640625 0.4541015625 0.0810546875 0.1953125
0 0.052734375 0.9501953125 0.025390625 0.02734375
0 0.3623046875 0.37060546875 0.078125 0.0322265625
0 0.52880859375 0.7060546875 0.0361328125 0.037109375
0 0.6943359375 0.75537109375 0.12890625 0.1318359375
0 0.80126953125 0.1162109375 0.0654296875 0.208984375
0 0.96337890625 0.28369140625 0.0654296875 0.0654296875
0 0.13427734375 0.91259765625 0.0537109375 0.0400390625
0 0.140625 0.4033203125 0.04296875 0.04296875
0 0.1953125 0.4599609375 0.115234375 0.04296875
0 0.6201171875 0.0546875 0.0234375 0.029296875
0 0.97021484375 0.85791015625 0.0185546875 0.0185546875