0 0.958984375 0.38720703125 0.0546875 0.0166015625
0 0.70947265625 0.3916015625 0.1025390625 0.08984375
0 0.45166015625 0.06103515625 0.0244140625 0.0224609375
0 0.4921875 0.11767578125 0.05859375 0.0615234375
0 0.12939453125 0.92919921875 0.0341796875 0.0361328125
0 0.396484375 0.423828125 0.166015625 0.533203125
0 0.896484375 0.587890625 0.037109375 0.037109375
0 0.169921875 0.681640625 0.119140625 0.376953125
0 0.6337890625 0.58447265625 0.029296875 0.0283203125
0 0.697265625 0.20166015625 0.052734375 0.0634765625
0 0.236328125 0.228515625 0.07421875 0.3203125
0 0.5205078125 0.37744140625 0.07421875 0.0751953125
0 0.52880859375 0.8515625 0.3955078125 0.23828125
0 0.83056640625 0.6474609375 0.1240234375 0.064453125
0 0.9033203125 0.9091796875 0.0390625 0.0390625
0 0.11669921875 0.35986328125 0.0400390625 0.0400390625
0 0.89794921875 0.7724609375 0.0751953125 0.07421875
0 0.88818359375 0.2001953125 0.1318359375 0.150390625
0 0.78515625 0.83349609375 0.087890625 0.2587890625
0 0.833984375 0.52783203125 0.04296875 0.0556640625
0 0.68505859375 0.28857421875 0.2490234375 0.0810546875
0 0.03125 0.345703125 0.037109375 0.029296875
0 0.70849609375 0.5966796875 0.0771484375 0.185546875
0 0.13134765625 0.39306640625 0.0185546875 0.0126953125
0 0.859375 0.0595703125 0.056640625 0.056640625
0 0.626953125 0.462890625 0.02734375 0.033203125
0 0.59130859375 0.11279296875 0.0849609375 0.1845703125
0 0.12841796875 0.1904296875 0.0849609375 0.232421875
0 0.8662109375 0.353515625 0.0859375 0.087890625
0 0.29248046875 0.60693359375 0.0224609375 0.0244140625
0 0.40576171875 0.0439453125 0.0322265625 0.03515625
0 0.1845703125 0.42578125 0.041015625 0.03515625
0 0.04345703125 0.56201171875 0.0361328125 0.0380859375
0 0.48486328125 0.03369140625 0.0791015625 0.0283203125
0 0.04345703125 0.6943359375 0.0693359375 0.0625
0 0.4228515625 0.115234375 0.033203125 0.03515625
0 0.705078125 0.0771484375 0.041015625 0.03515625
0 0.04345703125 0.126953125 0.0771484375 0.076171875
0 0.27734375 0.57080078125 0.029296875 0.0361328125
0 0.05517578125 0.2109375 0.0283203125 0.037109375
0 0.865234375 0.44970703125 0.083984375 0.0341796875
0 0.1875 0.94140625 0.02734375 0.02734375
0 0.27294921875 0.45263671875 0.0751953125 0.0556640625