0 0.22900390625 0.52392578125 0.1494140625 0.1708984375
0 0.5439453125 0.59912109375 0.046875 0.1005859375
0 0.33349609375 0.82470703125 0.1943359375 0.1943359375
0 0.39599609375 0.11328125 0.0888671875 0.078125
0 0.12158203125 0.3974609375 0.0634765625 0.0625
0 0.01611328125 0.40087890625 0.0166015625 0.0205078125
0 0.6533203125 0.728515625 0.12109375 0.123046875
0 0.44873046875 0.47021484375 0.1630859375 0.0517578125
0 0.80322265625 0.6669921875 0.1083984375 0.341796875
0 0.30908203125 0.046875 0.0322265625 0.04296875
0 0.56201171875 0.857421875 0.0654296875 0.064453125
0 0.06689453125 0.65478515625 0.0810546875 0.1943359375
0 0.37158203125 0.5595703125 0.0458984375 0.0390625
0 0.45556640625 0.3876953125 0.0634765625 0.033203125
0 0.951171875 0.37646484375 0.076171875 0.3291015625
0 0.44189453125 0.2685546875 0.0673828125 0.01953125
0 0.662109375 0.38720703125 0.158203125 0.5400390625
0 0.95654296875 0.73974609375 0.0595703125 0.0537109375
0 0.0966796875 0.1923828125 0.1015625 0.298828125
0 0.27490234375 0.32275390625 0.1962890625 0.1962890625
0 0.884765625 0.56396484375 0.044921875 0.0478515625
0 0.2861328125 0.95703125 0.0234375 0.025390625
0 0.6982421875 0.9013671875 0.087890625 0.03515625
0 0.04541015625 0.4423828125 0.0419921875 0.0546875
0 0.814453125 0.1640625 0.046875 0.048828125
0 0.37548828125 0.95068359375 0.0224609375 0.0224609375
0 0.54443359375 0.267578125 0.0322265625 0.03515625
0 0.12744140625 0.91552734375 0.1298828125 0.0478515625
0 0.85546875 0.916015625 0.109375 0.125
0 0.81494140625 0.02490234375 0.0419921875 0.0439453125
0 0.1416015625 0.6455078125 0.03125 0.021484375
0 0.86279296875 0.32568359375 0.0712890625 0.0712890625
0 0.97216796875 0.0478515625 0.0478515625 0.03515625
0 0.3525390625 0.04833984375 0.0390625 0.0400390625
0 0.78369140625 0.41015625 0.0283203125 0.03515625
0 0.32275390625 0.18701171875 0.2529296875 0.0498046875
0 0.93994140625 0.90576171875 0.0361328125 0.0283203125
0 0.89599609375 0.6572265625 0.0439453125 0.04296875
0 0.8896484375 0.42333984375 0.025390625 0.0224609375
0 0.0146484375 0.84765625 0.029296875 0.025390625
0 0.49658203125 0.08935546875 0.1044921875 0.1064453125
0 0.55859375 0.9189453125 0.044921875 0.044921875
0 0.93115234375 0.03857421875 0.0263671875 0.0263671875
0 0.20654296875 0.708984375 0.0556640625 0.162109375
0 0.8251953125 0.41259765625 0.0234375 0.0283203125
0 0.5 0.17822265625 0.0546875 0.0576171875