0 0.14599609375 0.27734375 0.0517578125 0.0625
0 0.54833984375 0.96533203125 0.0224609375 0.0224609375
0 0.92333984375 0.0478515625 0.0380859375 0.033203125
0 0.28759765625 0.71630859375 0.1064453125 0.3193359375
0 0.732421875 0.28857421875 0.09375 0.0478515625
0 0.76708984375 0.830078125 0.0498046875 0.138671875
0 0.916015625 0.892578125 0.060546875 0.060546875
0 0.81884765625 0.7080078125 0.1181640625 0.103515625
0 0.65673828125 0.2568359375 0.0302734375 0.03125
0 0.6044921875 0.4970703125 0.15625 0.1796875
0 0.955078125 0.548828125 0.087890625 0.380859375
0 0.60205078125 0.83447265625 0.1337890625 0.0458984375
0 0.103515625 0.5712890625 0.091796875 0.10546875
0 0.33056640625 0.4052734375 0.0380859375 0.029296875
0 0.4091796875 0.31982421875 0.021484375 0.0263671875
0 0.78369140625 0.16455078125 0.2119140625 0.1142578125
0 0.80322265625 0.3642578125 0.0400390625 0.04296875
0 0.22900390625 0.10986328125 0.2021484375 0.2021484375
0 0.662109375 0.14208984375 0.021484375 0.0263671875
0 0.14404296875 0.33984375 0.0361328125 0.046875
0 0.38525390625 0.73388671875 0.0830078125 0.2451171875
0 0.59814453125 0.3447265625 0.2978515625 0.05859375
0 0.2958984375 0.2626953125 0.064453125 0.083984375
0 0.2099609375 0.68701171875 0.037109375 0.0361328125
0 0.44482421875 0.42333984375 0.0244140625 0.0263671875
0 0.037109375 0.75439453125 0.06640625 0.0673828125
0 0.380859375 0.3974609375 0.0546875 0.015625
0 0.59521484375 0.13818359375 0.0302734375 0.0302734375
0 0.39013671875 0.89501953125 0.0576171875 0.0517578125
0 0.34619140625 0.44970703125 0.0673828125 0.0244140625
0 0.0439453125 0.04833984375 0.044921875 0.0478515625
0 0.0908203125 0.7919921875 0.025390625 0.0234375
0 0.85595703125 0.8642578125 0.0458984375 0.046875
0 0.73046875 0.60498046875 0.080078125 0.0810546875
0 0.2080078125 0.87158203125 0.033203125 0.0283203125
0 0.52880859375 0.61962890625 0.0302734375 0.0302734375
0 0.6220703125 0.20263671875 0.05078125 0.0380859375
0 0.04931640625 0.884765625 0.0947265625 0.09375
0 0.4072265625 0.13427734375 0.0859375 0.1982421875
0 0.609375 0.70849609375 0.041015625 0.0400390625
0 0.80712890625 0.42041015625 0.0888671875 0.0361328125
0 0.15283203125 0.9931640625 0.0146484375 0.009765625
0 0.53369140625 0.1171875 0.0693359375 0.158203125
0 0.29052734375 0.32958984375 0.0322265625 0.0341796875
0 0.017578125 0.29150390625 0.03125 0.0322265625
0 0.4208984375 0.529296875 0.09765625 0.0859375