0 0.72265625 0.4970703125 0.03515625 0.03515625
0 0.4677734375 0.03076171875 0.060546875 0.0244140625
0 0.205078125 0.072265625 0.046875 0.060546875
0 0.94677734375 0.02294921875 0.0224609375 0.0283203125
0 0.2109375 0.78857421875 0.40625 0.2392578125
0 0.71728515625 0.80615234375 0.5615234375 0.2080078125
0 0.38037109375 0.44091796875 0.5751953125 0.2236328125
0 0.23388671875 0.22021484375 0.0263671875 0.0263671875
0 0.23876953125 0.26904296875 0.0673828125 0.0615234375
0 0.70849609375 0.150390625 0.0400390625 0.029296875
0 0.52734375 0.93310546875 0.02734375 0.0322265625
0 0.58935546875 0.96142578125 0.0458984375 0.0615234375
0 0.8720703125 0.38330078125 0.181640625 0.5830078125
0 0.3505859375 0.11767578125 0.072265625 0.1572265625
0 0.6767578125 0.95361328125 0.013671875 0.0126953125
0 0.0087890625 0.29443359375 0.017578125 0.0146484375
0 0.7177734375 0.3583984375 0.076171875 0.2109375
0 0.38232421875 0.29736328125 0.0556640625 0.0556640625
0 0.1962890625 0.6142578125 0.111328125 0.09765625
0 0.49169921875 0.1650390625 0.0712890625 0.0703125
0 0.09912109375 0.2548828125 0.1416015625 0.14453125
0 0.556640625 0.6552734375 0.267578125 0.052734375
0 0.02978515625 0.60888671875 0.0302734375 0.0224609375
0 0.1572265625 0.11865234375 0.01953125 0.0205078125
0 0.15478515625 0.92431640625 0.1025390625 0.0302734375
0 0.703125 0.2255859375 0.02734375 0.029296875
0 0.50732421875 0.59228515625 0.1123046875 0.0576171875
0 0.79638671875 0.94775390625 0.0361328125 0.0380859375
0 0.05615234375 0.52392578125 0.0302734375 0.0302734375
0 0.56396484375 0.02490234375 0.0302734375 0.0302734375
0 0.8232421875 0.0390625 0.126953125 0.0703125
0 0.560546875 0.17626953125 0.05859375 0.0634765625
0 0.5068359375 0.1044921875 0.14453125 0.048828125
0 0.05419921875 0.078125 0.0322265625 0.025390625
0 0.96484375 0.94873046875 0.048828125 0.0595703125
0 0.55029296875 0.2685546875 0.0849609375 0.083984375
0 0.322265625 0.65234375 0.029296875 0.03125
0 0.1845703125 0.17138671875 0.025390625 0.0224609375
0 0.62939453125 0.29638671875 0.0595703125 0.0615234375
0 0.03466796875 0.42626953125 0.0673828125 0.0693359375
0 0.09814453125 0.95556640625 0.0673828125 0.0244140625