0 0.4599609375 0.19091796875 0.0234375 0.0244140625
0 0.2451171875 0.08154296875 0.060546875 0.0595703125
0 0.513671875 0.091796875 0.02734375 0.029296875
0 0.837890625 0.8974609375 0.03125 0.033203125
0 0.4306640625 0.45068359375 0.4921875 0.2900390625
0 0.04052734375 0.11572265625 0.0673828125 0.1630859375
0 0.47314453125 0.87890625 0.4501953125 0.23828125
0 0.70458984375 0.35009765625 0.0458984375 0.1044921875
0 0.47265625 0.23828125 0.021484375 0.021484375
0 0.0498046875 0.9794921875 0.05078125 0.037109375
0 0.26611328125 0.22607421875 0.0205078125 0.0146484375
0 0.71923828125 0.8046875 0.0361328125 0.10546875
0 0.91650390625 0.65087890625 0.0263671875 0.0263671875
0 0.80029296875 0.17578125 0.1064453125 0.04296875
0 0.87890625 0.29931640625 0.037109375 0.0283203125
0 0.83447265625 0.46826171875 0.2978515625 0.1103515625
0 0.060546875 0.916015625 0.046875 0.04296875
0 0.1318359375 0.716796875 0.228515625 0.228515625
0 0.650390625 0.1669921875 0.1875 0.1875
0 0.794921875 0.6162109375 0.041015625 0.04296875
0 0.80517578125 0.10205078125 0.0751953125 0.0771484375
0 0.39501953125 0.7001953125 0.2646484375 0.0859375
0 0.09228515625 0.51025390625 0.1435546875 0.1650390625
0 0.15966796875 0.2509765625 0.0224609375 0.02734375
0 0.873046875 0.7509765625 0.232421875 0.12890625
0 0.95703125 0.96484375 0.021484375 0.01953125
0 0.60498046875 0.63720703125 0.0576171875 0.0751953125
0 0.84912109375 0.02392578125 0.0361328125 0.0361328125
0 0.07080078125 0.26904296875 0.1044921875 0.0908203125
0 0.9248046875 0.1279296875 0.140625 0.16015625
0 0.70556640625 0.544921875 0.0283203125 0.037109375
0 0.3310546875 0.23046875 0.107421875 0.03125
0 0.1630859375 0.908203125 0.126953125 0.06640625
0 0.439453125 0.29150390625 0.01953125 0.0166015625
0 0.0986328125 0.96875 0.044921875 0.0390625
0 0.78515625 0.34130859375 0.029296875 0.0302734375
0 0.96044921875 0.27880859375 0.0615234375 0.0224609375
0 0.79736328125 0.65478515625 0.0302734375 0.0302734375
0 0.93701171875 0.88623046875 0.0634765625 0.0634765625
0 0.11474609375 0.380859375 0.0576171875 0.0625
0 0.14208984375 0.15771484375 0.0849609375 0.0869140625
0 0.61376953125 0.037109375 0.1162109375 0.0390625
0 0.05615234375 0.37548828125 0.0322265625 0.0400390625
0 0.50732421875 0.0341796875 0.0693359375 0.068359375
0 0.33837890625 0.03564453125 0.0439453125 0.0439453125
0 0.8408203125 0.35693359375 0.046875 0.0576171875