0 0.60986328125 0.19091796875 0.2939453125 0.0576171875
0 0.88671875 0.26123046875 0.15625 0.0869140625
0 0.66796875 0.39990234375 0.025390625 0.0322265625
0 0.8515625 0.8310546875 0.02734375 0.02734375
0 0.91455078125 0.6376953125 0.0576171875 0.060546875
0 0.79150390625 0.71728515625 0.1884765625 0.0595703125
0 0.35986328125 0.33447265625 0.0185546875 0.0146484375
0 0.54248046875 0.77734375 0.0595703125 0.078125
0 0.1533203125 0.451171875 0.173828125 0.55859375
0 0.33056640625 0.77685546875 0.1376953125 0.1201171875
0 0.3310546875 0.466796875 0.037109375 0.0390625
0 0.45703125 0.3447265625 0.158203125 0.181640625
0 0.5087890625 0.12939453125 0.046875 0.0458984375
0 0.36181640625 0.10986328125 0.0419921875 0.0380859375
0 0.83056640625 0.38232421875 0.0302734375 0.0322265625
0 0.0703125 0.93798828125 0.05078125 0.0146484375
0 0.36181640625 0.1728515625 0.0693359375 0.0703125
0 0.4599609375 0.82568359375 0.099609375 0.3076171875
0 0.080078125 0.7724609375 0.0234375 0.0234375
0 0.31640625 0.56884765625 0.11328125 0.0458984375
0 0.71728515625 0.548828125 0.0205078125 0.0234375
0 0.87451171875 0.04443359375 0.0380859375 0.0380859375
0 0.68359375 0.076171875 0.158203125 0.138671875
0 0.6337890625 0.69287109375 0.091796875 0.3974609375
0 0.142578125 0.904296875 0.041015625 0.044921875
0 0.7451171875 0.84521484375 0.041015625 0.0439453125
0 0.59423828125 0.9267578125 0.0263671875 0.0234375
0 0.29638671875 0.962890625 0.0888671875 0.033203125
0 0.0458984375 0.62939453125 0.03515625 0.0302734375
0 0.47119140625 0.0234375 0.0888671875 0.046875
0 0.91552734375 0.46240234375 0.0888671875 0.2431640625
0 0.72607421875 0.349609375 0.0673828125 0.068359375
0 0.31396484375 0.3173828125 0.0615234375 0.142578125
0 0.79052734375 0.12744140625 0.0341796875 0.0419921875
0 0.09033203125 0.09814453125 0.0283203125 0.0283203125
0 0.18994140625 0.79345703125 0.1201171875 0.1220703125
0 0.2021484375 0.162109375 0.013671875 0.009765625
0 0.9345703125 0.09228515625 0.037109375 0.0478515625
0 0.697265625 0.9140625 0.0390625 0.029296875
0 0.97802734375 0.72802734375 0.0263671875 0.0263671875
0 0.451171875 0.552734375 0.0703125 0.16015625
0 0.57421875 0.4296875 0.037109375 0.0390625
0 0.3173828125 0.11328125 0.033203125 0.029296875
0 0.78662109375 0.6162109375 0.0830078125 0.08203125
0 0.92138671875 0.79248046875 0.0576171875 0.1845703125