0 0.2392578125 0.13134765625 0.037109375 0.0810546875
0 0.0517578125 0.919921875 0.06640625 0.068359375
0 0.54638671875 0.548828125 0.7255859375 0.384765625
0 0.3671875 0.26416015625 0.08203125 0.0810546875
0 0.38037109375 0.85205078125 0.0302734375 0.0263671875
0 0.8134765625 0.8779296875 0.044921875 0.044921875
0 0.68212890625 0.24658203125 0.0673828125 0.0693359375
0 0.048828125 0.236328125 0.064453125 0.068359375
0 0.93310546875 0.130859375 0.0810546875 0.236328125
0 0.46240234375 0.2060546875 0.0439453125 0.056640625
0 0.0869140625 0.564453125 0.1328125 0.396484375
0 0.1884765625 0.2822265625 0.0234375 0.0234375
0 0.8603515625 0.79345703125 0.224609375 0.0693359375
0 0.98193359375 0.28662109375 0.0244140625 0.0263671875
0 0.16748046875 0.90087890625 0.0185546875 0.0166015625
0 0.8056640625 0.14208984375 0.083984375 0.2607421875
0 0.10302734375 0.10107421875 0.1416015625 0.0732421875
0 0.1767578125 0.79296875 0.056640625 0.05859375
0 0.27880859375 0.2421875 0.0712890625 0.0703125
0 0.59326171875 0.1064453125 0.1728515625 0.150390625
0 0.341796875 0.08203125 0.048828125 0.048828125
0 0.30810546875 0.146484375 0.0185546875 0.01953125
0 0.56884765625 0.8828125 0.1611328125 0.140625
0 0.68603515625 0.978515625 0.0263671875 0.03125
0 0.43212890625 0.880859375 0.0419921875 0.03515625
0 0.9462890625 0.4990234375 0.05859375 0.076171875
0 0.564453125 0.3037109375 0.08203125 0.09375
0 0.96044921875 0.62646484375 0.0615234375 0.0556640625
0 0.2490234375 0.84033203125 0.046875 0.0576171875
0 0.26806640625 0.0302734375 0.0322265625 0.03125
0 0.4580078125 0.12158203125 0.01953125 0.0244140625
0 0.23388671875 0.9541015625 0.0751953125 0.02734375
0 0.07568359375 0.83984375 0.0400390625 0.03125
0 0.26708984375 0.29638671875 0.0341796875 0.0341796875
0 0.95263671875 0.70458984375 0.0810546875 0.0927734375
0 0.67822265625 0.81591796875 0.0478515625 0.0361328125
0 0.302734375 0.7724609375 0.1796875 0.056640625
0 0.43994140625 0.98046875 0.0244140625 0.017578125
0 0.4677734375 0.029296875 0.046875 0.05078125
0 0.7626953125 0.9287109375 0.04296875 0.044921875
0 0.04052734375 0.0263671875 0.0771484375 0.03125
0 0.90771484375 0.94580078125 0.1572265625 0.0869140625
0 0.11083984375 0.32568359375 0.0576171875 0.0166015625