0 0.6416015625 0.1845703125 0.05078125 0.052734375
0 0.3935546875 0.47900390625 0.365234375 0.0771484375
0 0.2998046875 0.34326171875 0.033203125 0.0361328125
0 0.60498046875 0.2734375 0.0673828125 0.060546875
0 0.5986328125 0.48095703125 0.03515625 0.0302734375
0 0.08056640625 0.64697265625 0.0537109375 0.0517578125
0 0.697265625 0.6708984375 0.130859375 0.5
0 0.2568359375 0.79296875 0.26953125 0.26953125
0 0.42578125 0.3046875 0.064453125 0.185546875
0 0.8583984375 0.20751953125 0.08984375 0.1025390625
0 0.880859375 0.41796875 0.03125 0.033203125
0 0.1474609375 0.24365234375 0.044921875 0.0341796875
0 0.951171875 0.859375 0.03515625 0.02734375
0 0.3544921875 0.095703125 0.11328125 0.033203125
0 0.65625 0.03125 0.044921875 0.044921875
0 0.8212890625 0.64892578125 0.09375 0.2255859375
0 0.02685546875 0.66259765625 0.0205078125 0.0263671875
0 0.8935546875 0.8701171875 0.041015625 0.041015625
0 0.7724609375 0.14501953125 0.015625 0.0107421875
0 0.466796875 0.908203125 0.080078125 0.181640625
0 0.7783203125 0.2001953125 0.068359375 0.068359375
0 0.4453125 0.56787109375 0.228515625 0.0751953125
0 0.83642578125 0.33740234375 0.1689453125 0.0908203125
0 0.0703125 0.1484375 0.013671875 0.015625
0 0.2236328125 0.17041015625 0.17578125 0.0595703125
0 0.62646484375 0.33349609375 0.1279296875 0.0458984375
0 0.15771484375 0.39453125 0.0771484375 0.076171875
0 0.8056640625 0.91064453125 0.048828125 0.0595703125
0 0.54736328125 0.6962890625 0.1533203125 0.17578125
0 0.34375 0.259765625 0.041015625 0.04296875
0 0.185546875 0.55859375 0.06640625 0.072265625
0 0.51513671875 0.18359375 0.0888671875 0.26171875
0 0.95263671875 0.8046875 0.0673828125 0.03515625
0 0.03466796875 0.53857421875 0.0400390625 0.0517578125
0 0.09423828125 0.845703125 0.0322265625 0.033203125
0 0.84912109375 0.078125 0.1298828125 0.1328125
0 0.8671875 0.8369140625 0.017578125 0.015625
0 0.0771484375 0.9130859375 0.04296875 0.037109375
0 0.86767578125 0.4619140625 0.1064453125 0.04296875
0 0.095703125 0.32470703125 0.05859375 0.0576171875
0 0.2041015625 0.25244140625 0.029296875 0.0361328125
0 0.24267578125 0.08544921875 0.0322265625 0.0322265625
0 0.93359375 0.5458984375 0.119140625 0.103515625
0 0.10400390625 0.06005859375 0.0810546875 0.0830078125