0 0.7861328125 0.646484375 0.19140625 0.19140625
0 0.12158203125 0.2412109375 0.1298828125 0.1484375
0 0.40283203125 0.931640625 0.0224609375 0.015625
0 0.58447265625 0.466796875 0.1181640625 0.353515625
0 0.59228515625 0.18408203125 0.4267578125 0.1318359375
0 0.6572265625 0.5439453125 0.0234375 0.0234375
0 0.4169921875 0.62451171875 0.029296875 0.0302734375
0 0.36962890625 0.6162109375 0.0185546875 0.01953125
0 0.31005859375 0.70263671875 0.0263671875 0.0244140625
0 0.0771484375 0.77001953125 0.119140625 0.3818359375
0 0.34423828125 0.181640625 0.0380859375 0.041015625
0 0.5634765625 0.9541015625 0.052734375 0.0390625
0 0.919921875 0.19287109375 0.12109375 0.3564453125
0 0.28369140625 0.50439453125 0.0654296875 0.0673828125
0 0.4599609375 0.5009765625 0.0546875 0.130859375
0 0.896484375 0.8798828125 0.181640625 0.181640625
0 0.21728515625 0.87890625 0.0986328125 0.0859375
0 0.76513671875 0.9287109375 0.0498046875 0.060546875
0 0.8232421875 0.39404296875 0.021484375 0.0185546875
0 0.08056640625 0.48486328125 0.0576171875 0.0751953125
0 0.4892578125 0.03857421875 0.07421875 0.0732421875
0 0.767578125 0.43603515625 0.04296875 0.0458984375
0 0.38671875 0.4130859375 0.087890625 0.076171875
0 0.30615234375 0.576171875 0.1201171875 0.044921875
0 0.5966796875 0.86083984375 0.142578125 0.0771484375
0 0.21728515625 0.49365234375 0.0615234375 0.0634765625
0 0.1103515625 0.33837890625 0.029296875 0.0302734375
0 0.79736328125 0.0234375 0.0439453125 0.04296875
0 0.55419921875 0.07275390625 0.0439453125 0.0439453125
0 0.25732421875 0.3515625 0.0888671875 0.025390625
0 0.2421875 0.26025390625 0.09765625 0.0498046875
0 0.38330078125 0.74853515625 0.3251953125 0.0634765625
0 0.42138671875 0.8642578125 0.0458984375 0.041015625
0 0.830078125 0.3076171875 0.0546875 0.0546875
0 0.05615234375 0.55224609375 0.0419921875 0.0361328125
0 0.15673828125 0.34814453125 0.0322265625 0.0400390625
0 0.70556640625 0.9052734375 0.0654296875 0.1796875
0 0.27490234375 0.08251953125 0.1416015625 0.0478515625
0 0.95751953125 0.42919921875 0.0751953125 0.0849609375
0 0.0927734375 0.13671875 0.037109375 0.037109375
0 0.427734375 0.06640625 0.03515625 0.02734375
0 0.275390625 0.43701171875 0.046875 0.0458984375
0 0.32666015625 0.03662109375 0.1025390625 0.0419921875
0 0.86865234375 0.447265625 0.0712890625 0.072265625
0 0.8359375 0.04052734375 0.01953125 0.0224609375
0 0.17822265625 0.78759765625 0.0634765625 0.0634765625
0 0.2255859375 0.16015625 0.025390625 0.033203125
0 0.1806640625 0.65771484375 0.078125 0.1689453125