0 0.67822265625 0.529296875 0.0966796875 0.30078125
0 0.45263671875 0.90966796875 0.1201171875 0.0615234375
0 0.580078125 0.0888671875 0.095703125 0.029296875
0 0.900390625 0.1474609375 0.125 0.126953125
0 0.32080078125 0.22900390625 0.3037109375 0.3037109375
0 0.70703125 0.1376953125 0.0703125 0.15234375
0 0.75146484375 0.3154296875 0.1552734375 0.048828125
0 0.59814453125 0.81884765625 0.1162109375 0.0419921875
0 0.28369140625 0.42626953125 0.0263671875 0.0283203125
0 0.4609375 0.61279296875 0.0234375 0.0244140625
0 0.14990234375 0.89111328125 0.0283203125 0.0361328125
0 0.2177734375 0.8203125 0.03515625 0.03125
0 0.63720703125 0.0302734375 0.0224609375 0.015625
0 0.818359375 0.53173828125 0.146484375 0.1279296875
0 0.0712890625 0.36083984375 0.0546875 0.0537109375
0 0.30615234375 0.02294921875 0.0380859375 0.0380859375
0 0.87939453125 0.73388671875 0.0615234375 0.0654296875
0 0.95166015625 0.5908203125 0.0185546875 0.0234375
0 0.197265625 0.9296875 0.037109375 0.0390625
0 0.3671875 0.52099609375 0.0390625 0.0419921875
0 0.7978515625 0.11328125 0.044921875 0.046875
0 0.59228515625 0.58544921875 0.0283203125 0.0283203125
0 0.53076171875 0.7431640625 0.0634765625 0.083984375
0 0.08984375 0.6142578125 0.1171875 0.119140625
0 0.53125 0.466796875 0.17578125 0.154296875
0 0.359375 0.8515625 0.05859375 0.052734375
0 0.57958984375 0.03466796875 0.0283203125 0.0283203125
0 0.140625 0.15625 0.0234375 0.02734375
0 0.09375 0.044921875 0.076171875 0.03125
0 0.2958984375 0.7822265625 0.060546875 0.19140625
0 0.7734375 0.8125 0.052734375 0.15234375
0 0.43310546875 0.04541015625 0.0458984375 0.0341796875
0 0.1435546875 0.2421875 0.0234375 0.021484375
0 0.3056640625 0.5634765625 0.03515625 0.02734375
0 0.91845703125 0.2548828125 0.0576171875 0.056640625
0 0.37353515625 0.7060546875 0.0830078125 0.19140625
0 0.24853515625 0.49755859375 0.0380859375 0.0380859375
0 0.88525390625 0.87744140625 0.1376953125 0.1572265625
0 0.111328125 0.93505859375 0.05078125 0.0498046875
0 0.09814453125 0.80712890625 0.0458984375 0.0400390625
0 0.14404296875 0.4443359375 0.0458984375 0.046875
0 0.8369140625 0.255859375 0.041015625 0.05078125