0 0.47705078125 0.9794921875 0.0126953125 0.015625
0 0.18017578125 0.6875 0.0380859375 0.033203125
0 0.85888671875 0.54931640625 0.0849609375 0.2705078125
0 0.5302734375 0.30322265625 0.255859375 0.1376953125
0 0.2841796875 0.47998046875 0.146484375 0.1669921875
0 0.31494140625 0.091796875 0.0458984375 0.048828125
0 0.62060546875 0.45166015625 0.0400390625 0.1103515625
0 0.08251953125 0.69873046875 0.1474609375 0.4736328125
0 0.85205078125 0.21630859375 0.1025390625 0.0302734375
0 0.89892578125 0.08251953125 0.0322265625 0.0322265625
0 0.22607421875 0.3720703125 0.0478515625 0.03515625
0 0.54833984375 0.93896484375 0.0595703125 0.0791015625
0 0.826171875 0.7275390625 0.046875 0.048828125
0 0.6298828125 0.6513671875 0.265625 0.056640625
0 0.43115234375 0.71728515625 0.0966796875 0.4169921875
0 0.0693359375 0.25048828125 0.08984375 0.2060546875
0 0.732421875 0.3603515625 0.068359375 0.201171875
0 0.791015625 0.9326171875 0.01953125 0.015625
0 0.82666015625 0.36572265625 0.0908203125 0.0302734375
0 0.83251953125 0.82763671875 0.0224609375 0.0224609375
0 0.46337890625 0.09130859375 0.1630859375 0.1630859375
0 0.72412109375 0.85009765625 0.0322265625 0.0341796875
0 0.97021484375 0.0234375 0.0205078125 0.017578125
0 0.9404296875 0.142578125 0.037109375 0.080078125
0 0.56640625 0.82958984375 0.01953125 0.0205078125
0 0.3349609375 0.935546875 0.056640625 0.05078125
0 0.298828125 0.70703125 0.0859375 0.087890625
0 0.87451171875 0.9404296875 0.0673828125 0.03515625
0 0.2265625 0.8017578125 0.068359375 0.06640625
0 0.28515625 0.6025390625 0.029296875 0.02734375
0 0.81201171875 0.09521484375 0.0341796875 0.0341796875
0 0.22607421875 0.18310546875 0.0693359375 0.0693359375
0 0.4833984375 0.4228515625 0.087890625 0.076171875
0 0.66552734375 0.09423828125 0.1298828125 0.1318359375
0 0.3486328125 0.25146484375 0.0546875 0.0576171875
0 0.791015625 0.0185546875 0.09375 0.033203125
0 0.6572265625 0.78662109375 0.080078125 0.0810546875
0 0.82421875 0.28662109375 0.0390625 0.0478515625
0 0.75048828125 0.1337890625 0.0322265625 0.0390625
0 0.9267578125 0.4931640625 0.03125 0.041015625
0 0.17822265625 0.0888671875 0.0673828125 0.072265625
0 0.55615234375 0.716796875 0.0595703125 0.05859375
0 0.7646484375 0.216796875 0.044921875 0.04296875
0 0.94677734375 0.78955078125 0.0966796875 0.1103515625
0 0.23388671875 0.92333984375 0.1435546875 0.1259765625
0 0.32421875 0.62548828125 0.021484375 0.0146484375
0 0.9443359375 0.36474609375 0.09375 0.0380859375