0 0.39404296875 0.15283203125 0.4638671875 0.2412109375
0 0.775390625 0.31591796875 0.134765625 0.4169921875
0 0.4287109375 0.87841796875 0.16015625 0.1396484375
0 0.4453125 0.541015625 0.04296875 0.04296875
0 0.103515625 0.89990234375 0.19921875 0.1103515625
0 0.71240234375 0.85595703125 0.0302734375 0.0205078125
0 0.15673828125 0.69091796875 0.0224609375 0.0244140625
0 0.173828125 0.47998046875 0.322265625 0.1943359375
0 0.06298828125 0.740234375 0.0615234375 0.0625
0 0.908203125 0.529296875 0.123046875 0.140625
0 0.77197265625 0.83642578125 0.0361328125 0.0361328125
0 0.91552734375 0.16943359375 0.0400390625 0.0400390625
0 0.65673828125 0.67529296875 0.2509765625 0.2509765625
0 0.93505859375 0.2529296875 0.0634765625 0.06640625
0 0.39013671875 0.67529296875 0.0244140625 0.0244140625
0 0.26220703125 0.79150390625 0.1025390625 0.3310546875
0 0.43408203125 0.61083984375 0.1513671875 0.0517578125
0 0.1025390625 0.166015625 0.080078125 0.23046875
0 0.3603515625 0.38232421875 0.021484375 0.0185546875
0 0.64697265625 0.96533203125 0.0341796875 0.0263671875
0 0.54443359375 0.38330078125 0.0947265625 0.2177734375
0 0.91845703125 0.8173828125 0.0458984375 0.048828125
0 0.3779296875 0.33154296875 0.076171875 0.0751953125
0 0.5556640625 0.880859375 0.033203125 0.04296875
0 0.810546875 0.97802734375 0.03515625 0.0380859375
0 0.84130859375 0.68701171875 0.0263671875 0.0244140625
0 0.8759765625 0.7138671875 0.041015625 0.037109375
0 0.75439453125 0.05908203125 0.0537109375 0.0556640625
0 0.07666015625 0.6748046875 0.1005859375 0.052734375
0 0.666015625 0.521484375 0.05078125 0.015625
0 0.44580078125 0.47509765625 0.0908203125 0.0341796875
0 0.51611328125 0.77197265625 0.0283203125 0.0361328125
0 0.8916015625 0.33056640625 0.0703125 0.0712890625
0 0.72705078125 0.931640625 0.0693359375 0.068359375
0 0.18359375 0.67724609375 0.029296875 0.0244140625
0 0.376953125 0.53662109375 0.078125 0.0791015625
0 0.27294921875 0.31787109375 0.0478515625 0.0634765625
0 0.6103515625 0.87646484375 0.060546875 0.0732421875
0 0.146484375 0.63330078125 0.015625 0.0185546875
0 0.97705078125 0.35791015625 0.0263671875 0.0283203125
0 0.44189453125 0.71875 0.1259765625 0.05078125
0 0.07666015625 0.0263671875 0.0458984375 0.044921875
0 0.671875 0.47509765625 0.041015625 0.0302734375