0 0.62646484375 0.3779296875 0.7451171875 0.38671875
0 0.42919921875 0.62060546875 0.0595703125 0.0595703125
0 0.228515625 0.681640625 0.041015625 0.04296875
0 0.80517578125 0.79052734375 0.2451171875 0.1318359375
0 0.53369140625 0.650390625 0.1259765625 0.109375
0 0.19384765625 0.32568359375 0.1181640625 0.3740234375
0 0.36474609375 0.1259765625 0.0732421875 0.021484375
0 0.23779296875 0.86083984375 0.0361328125 0.0302734375
0 0.81396484375 0.63818359375 0.0322265625 0.0400390625
0 0.72021484375 0.939453125 0.0361328125 0.037109375
0 0.10791015625 0.85986328125 0.1943359375 0.0380859375
0 0.14697265625 0.96630859375 0.1025390625 0.0537109375
0 0.4833984375 0.1181640625 0.083984375 0.076171875
0 0.07568359375 0.16845703125 0.1005859375 0.1025390625
0 0.85986328125 0.044921875 0.0283203125 0.01953125
0 0.421875 0.8671875 0.224609375 0.224609375
0 0.9521484375 0.10400390625 0.07421875 0.0732421875
0 0.60009765625 0.83056640625 0.0205078125 0.0205078125
0 0.30078125 0.70068359375 0.033203125 0.0283203125
0 0.11865234375 0.578125 0.0732421875 0.072265625
0 0.232421875 0.60302734375 0.03125 0.0302734375
0 0.03271484375 0.447265625 0.0400390625 0.04296875
0 0.73486328125 0.06689453125 0.1298828125 0.1142578125
0 0.7314453125 0.64599609375 0.12890625 0.0537109375
0 0.1728515625 0.02978515625 0.05859375 0.0595703125
0 0.21875 0.9736328125 0.037109375 0.048828125
0 0.9453125 0.82958984375 0.033203125 0.0341796875
0 0.98388671875 0.66845703125 0.0283203125 0.0283203125
0 0.0908203125 0.35791015625 0.05859375 0.0439453125
0 0.62451171875 0.06787109375 0.0654296875 0.0693359375
0 0.50048828125 0.0302734375 0.0185546875 0.021484375
0 0.1005859375 0.72900390625 0.158203125 0.0498046875
0 0.0498046875 0.56689453125 0.05859375 0.1357421875
0 0.640625 0.763671875 0.044921875 0.125
0 0.90869140625 0.70556640625 0.0673828125 0.0244140625
0 0.57861328125 0.7578125 0.0576171875 0.0703125
0 0.0556640625 0.91845703125 0.013671875 0.0126953125
0 0.77490234375 0.9462890625 0.0380859375 0.05078125
0 0.287109375 0.923828125 0.0390625 0.0390625
0 0.85205078125 0.12841796875 0.0380859375 0.0869140625
0 0.15966796875 0.0966796875 0.0185546875 0.013671875
0 0.8671875 0.65478515625 0.03515625 0.0380859375
0 0.2548828125 0.7939453125 0.087890625 0.08984375