0 0.927734375 0.458984375 0.0390625 0.0390625
0 0.19677734375 0.69287109375 0.1083984375 0.4677734375
0 0.1474609375 0.115234375 0.1640625 0.1640625
0 0.3193359375 0.833984375 0.087890625 0.2578125
0 0.64404296875 0.59814453125 0.3056640625 0.3056640625
0 0.02392578125 0.29931640625 0.0439453125 0.0458984375
0 0.4921875 0.298828125 0.041015625 0.052734375
0 0.337890625 0.30029296875 0.111328125 0.3349609375
0 0.7509765625 0.8349609375 0.080078125 0.033203125
0 0.51953125 0.7958984375 0.0859375 0.078125
0 0.26318359375 0.27880859375 0.0205078125 0.0244140625
0 0.7099609375 0.25830078125 0.1015625 0.1162109375
0 0.52587890625 0.095703125 0.0654296875 0.033203125
0 0.82958984375 0.73974609375 0.0224609375 0.0224609375
0 0.9345703125 0.669921875 0.130859375 0.1328125
0 0.70361328125 0.91259765625 0.1572265625 0.0849609375
0 0.93505859375 0.5517578125 0.0458984375 0.044921875
0 0.94287109375 0.880859375 0.0439453125 0.044921875
0 0.58740234375 0.33349609375 0.0205078125 0.0224609375
0 0.76171875 0.1181640625 0.017578125 0.015625
0 0.59326171875 0.1416015625 0.0478515625 0.05859375
0 0.5166015625 0.88720703125 0.056640625 0.0556640625
0 0.0830078125 0.36083984375 0.056640625 0.1298828125
0 0.3544921875 0.57958984375 0.140625 0.1611328125
0 0.115234375 0.783203125 0.052734375 0.0390625
0 0.64794921875 0.77783203125 0.0380859375 0.0380859375
0 0.87841796875 0.173828125 0.0966796875 0.330078125
0 0.3837890625 0.02783203125 0.041015625 0.0322265625
0 0.8876953125 0.82861328125 0.021484375 0.0185546875
0 0.8427734375 0.4619140625 0.08984375 0.078125
0 0.19384765625 0.4404296875 0.0224609375 0.0234375
0 0.537109375 0.38916015625 0.029296875 0.0380859375
0 0.06591796875 0.6650390625 0.1220703125 0.125
0 0.453125 0.0322265625 0.021484375 0.015625
0 0.78955078125 0.35986328125 0.0517578125 0.0556640625
0 0.9580078125 0.26416015625 0.033203125 0.0283203125
0 0.474609375 0.42724609375 0.08984375 0.0263671875
0 0.23388671875 0.3193359375 0.0888671875 0.03125
0 0.6220703125 0.359375 0.041015625 0.041015625
0 0.705078125 0.10888671875 0.048828125 0.0517578125
0 0.13037109375 0.43115234375 0.0302734375 0.0380859375
0 0.68603515625 0.0380859375 0.2490234375 0.048828125
0 0.4013671875 0.7451171875 0.060546875 0.16796875
0 0.96728515625 0.15380859375 0.0556640625 0.0576171875
0 0.40283203125 0.07568359375 0.1630859375 0.0517578125
0 0.05224609375 0.94873046875 0.0908203125 0.0888671875