0 0.75732421875 0.0546875 0.0322265625 0.0390625
0 0.2294921875 0.37939453125 0.185546875 0.0634765625
0 0.06396484375 0.515625 0.0751953125 0.171875
0 0.35302734375 0.638671875 0.0302734375 0.029296875
0 0.14111328125 0.158203125 0.0517578125 0.046875
0 0.09814453125 0.72021484375 0.0654296875 0.0478515625
0 0.72021484375 0.7021484375 0.0595703125 0.05859375
0 0.4560546875 0.880859375 0.2109375 0.2109375
0 0.91748046875 0.4404296875 0.1201171875 0.38671875
0 0.33447265625 0.2001953125 0.0888671875 0.28125
0 0.93115234375 0.771484375 0.0732421875 0.072265625
0 0.763671875 0.4638671875 0.12109375 0.10546875
0 0.5712890625 0.40234375 0.138671875 0.427734375
0 0.82666015625 0.16552734375 0.0439453125 0.0439453125
0 0.720703125 0.07666015625 0.037109375 0.0322265625
0 0.73193359375 0.30810546875 0.0224609375 0.0263671875
0 0.2490234375 0.595703125 0.044921875 0.046875
0 0.76953125 0.87646484375 0.23046875 0.1240234375
0 0.20654296875 0.7490234375 0.1455078125 0.166015625
0 0.798828125 0.33642578125 0.076171875 0.0302734375
0 0.3955078125 0.39453125 0.041015625 0.041015625
0 0.05615234375 0.65576171875 0.0341796875 0.0263671875
0 0.40234375 0.48046875 0.033203125 0.03515625
0 0.56640625 0.033203125 0.052734375 0.056640625
0 0.2451171875 0.880859375 0.142578125 0.07421875
0 0.24169921875 0.0576171875 0.0283203125 0.025390625
0 0.0712890625 0.255859375 0.142578125 0.142578125
0 0.93701171875 0.0380859375 0.0458984375 0.060546875
0 0.6455078125 0.66162109375 0.072265625 0.0732421875
0 0.12060546875 0.82568359375 0.0185546875 0.0205078125
0 0.71875 0.0166015625 0.05859375 0.017578125
0 0.3525390625 0.53173828125 0.029296875 0.0205078125
0 0.408203125 0.6904296875 0.05078125 0.123046875
0 0.083984375 0.85009765625 0.029296875 0.0302734375
0 0.044921875 0.9638671875 0.03125 0.0390625
0 0.4912109375 0.13525390625 0.05859375 0.0634765625
0 0.900390625 0.12158203125 0.03515625 0.0302734375
0 0.48974609375 0.66552734375 0.0986328125 0.0869140625
0 0.60400390625 0.935546875 0.0458984375 0.126953125
0 0.21337890625 0.431640625 0.0830078125 0.029296875
0 0.1689453125 0.97216796875 0.0234375 0.0302734375
0 0.23828125 0.2470703125 0.087890625 0.08984375
0 0.42236328125 0.02880859375 0.0361328125 0.0361328125
0 0.9794921875 0.134765625 0.029296875 0.029296875
0 0.4462890625 0.53955078125 0.064453125 0.0654296875