0 0.13037109375 0.6259765625 0.0576171875 0.056640625
0 0.26123046875 0.0927734375 0.0283203125 0.021484375
0 0.50048828125 0.30029296875 0.9853515625 0.3818359375
0 0.68701171875 0.716796875 0.1259765625 0.376953125
0 0.55419921875 0.8818359375 0.0166015625 0.015625
0 0.2451171875 0.66943359375 0.078125 0.1787109375
0 0.35595703125 0.90087890625 0.0244140625 0.0244140625
0 0.548828125 0.77001953125 0.1328125 0.1162109375
0 0.8662109375 0.8779296875 0.0625 0.076171875
0 0.779296875 0.98486328125 0.02734375 0.0263671875
0 0.7861328125 0.82568359375 0.06640625 0.1826171875
0 0.55859375 0.0634765625 0.029296875 0.03125
0 0.0810546875 0.896484375 0.0234375 0.0234375
0 0.22998046875 0.83154296875 0.0419921875 0.0419921875
0 0.1171875 0.7529296875 0.02734375 0.0234375
0 0.8740234375 0.61669921875 0.07421875 0.2197265625
0 0.96435546875 0.0478515625 0.0419921875 0.0546875
0 0.36962890625 0.76416015625 0.0498046875 0.0537109375
0 0.86181640625 0.80908203125 0.0361328125 0.0322265625
0 0.12353515625 0.55908203125 0.1318359375 0.0419921875
0 0.724609375 0.98046875 0.025390625 0.03125
0 0.048828125 0.947265625 0.013671875 0.015625
0 0.94775390625 0.94482421875 0.0986328125 0.1005859375
0 0.14306640625 0.05078125 0.0869140625 0.099609375
0 0.591796875 0.673828125 0.03125 0.02734375
0 0.06982421875 0.62451171875 0.0537109375 0.0556640625
0 0.3173828125 0.91845703125 0.048828125 0.0361328125
0 0.5341796875 0.56396484375 0.134765625 0.1181640625
0 0.955078125 0.60009765625 0.0859375 0.2060546875
0 0.302734375 0.7919921875 0.033203125 0.03515625
0 0.40576171875 0.64013671875 0.1123046875 0.1142578125
0 0.2236328125 0.5498046875 0.041015625 0.041015625
0 0.4921875 0.865234375 0.0703125 0.068359375
0 0.439453125 0.95361328125 0.091796875 0.0283203125
0 0.32470703125 0.63818359375 0.0205078125 0.0146484375
0 0.138671875 0.81201171875 0.060546875 0.0791015625
0 0.314453125 0.02734375 0.115234375 0.04296875
0 0.37353515625 0.08203125 0.0380859375 0.041015625
0 0.177734375 0.947265625 0.044921875 0.046875
0 0.41015625 0.03125 0.056640625 0.0234375
0 0.40771484375 0.8642578125 0.0576171875 0.05859375