0 0.90185546875 0.29150390625 0.0634765625 0.0263671875
0 0.76708984375 0.84326171875 0.0986328125 0.1005859375
0 0.826171875 0.17529296875 0.15234375 0.1748046875
0 0.6748046875 0.15576171875 0.046875 0.0576171875
0 0.546875 0.541015625 0.4140625 0.244140625
0 0.19091796875 0.412109375 0.0654296875 0.06640625
0 0.84912109375 0.5986328125 0.0830078125 0.08203125
0 0.67529296875 0.08154296875 0.0380859375 0.0400390625
0 0.47314453125 0.2705078125 0.1259765625 0.064453125
0 0.31982421875 0.78564453125 0.0126953125 0.0146484375
0 0.32470703125 0.91259765625 0.1181640625 0.1025390625
0 0.26123046875 0.13037109375 0.0322265625 0.0419921875
0 0.7587890625 0.72509765625 0.037109375 0.0400390625
0 0.861328125 0.4970703125 0.0234375 0.01953125
0 0.38037109375 0.3037109375 0.0302734375 0.0234375
0 0.16796875 0.89697265625 0.1484375 0.1689453125
0 0.09326171875 0.45458984375 0.1181640625 0.3662109375
0 0.97705078125 0.85595703125 0.0341796875 0.0341796875
0 0.416015625 0.90087890625 0.0390625 0.0419921875
0 0.43505859375 0.0732421875 0.0283203125 0.01953125
0 0.26171875 0.2275390625 0.1171875 0.119140625
0 0.255859375 0.63818359375 0.080078125 0.3466796875
0 0.45361328125 0.19921875 0.0263671875 0.02734375
0 0.54345703125 0.19580078125 0.0263671875 0.0224609375
0 0.51904296875 0.05859375 0.0869140625 0.03125
0 0.353515625 0.68408203125 0.0859375 0.0263671875
0 0.68017578125 0.33154296875 0.2236328125 0.1240234375
0 0.615234375 0.8994140625 0.03125 0.03125
0 0.49609375 0.1328125 0.033203125 0.04296875
0 0.55322265625 0.72802734375 0.1474609375 0.0498046875
0 0.3642578125 0.0390625 0.04296875 0.0390625
0 0.47998046875 0.7900390625 0.0419921875 0.03125
0 0.89599609375 0.4609375 0.0263671875 0.025390625
0 0.11962890625 0.71240234375 0.0263671875 0.0283203125
0 0.94140625 0.1083984375 0.07421875 0.1796875
0 0.61181640625 0.1552734375 0.0654296875 0.1796875
0 0.36962890625 0.12646484375 0.0576171875 0.1259765625
0 0.5791015625 0.98681640625 0.013671875 0.0126953125
0 0.19970703125 0.10888671875 0.0400390625 0.0400390625
0 0.71923828125 0.22021484375 0.0439453125 0.0478515625
0 0.33203125 0.32568359375 0.056640625 0.0556640625
0 0.62353515625 0.04736328125 0.0341796875 0.0341796875
0 0.44140625 0.96728515625 0.021484375 0.0263671875