0 0.48291015625 0.45068359375 0.6767578125 0.2509765625
0 0.32568359375 0.63330078125 0.0361328125 0.0380859375
0 0.30810546875 0.26123046875 0.2470703125 0.0810546875
0 0.1982421875 0.87841796875 0.15625 0.1787109375
0 0.95361328125 0.1220703125 0.0888671875 0.078125
0 0.1142578125 0.21826171875 0.05859375 0.0771484375
0 0.9033203125 0.8076171875 0.091796875 0.033203125
0 0.73974609375 0.103515625 0.1904296875 0.060546875
0 0.107421875 0.64306640625 0.056640625 0.1298828125
0 0.193359375 0.6181640625 0.060546875 0.044921875
0 0.96142578125 0.93701171875 0.0302734375 0.0302734375
0 0.0869140625 0.5146484375 0.03125 0.0390625
0 0.78271484375 0.2529296875 0.0341796875 0.03515625
0 0.46923828125 0.1083984375 0.3388671875 0.125
0 0.34716796875 0.6728515625 0.0361328125 0.03125
0 0.60009765625 0.82373046875 0.2138671875 0.2138671875
0 0.38037109375 0.90234375 0.1591796875 0.181640625
0 0.72265625 0.61181640625 0.01953125 0.0205078125
0 0.9208984375 0.52099609375 0.1328125 0.5068359375
0 0.68310546875 0.66552734375 0.0810546875 0.0732421875
0 0.052734375 0.123046875 0.0546875 0.126953125
0 0.0751953125 0.88671875 0.080078125 0.21875
0 0.44140625 0.72705078125 0.068359375 0.0673828125
0 0.515625 0.2373046875 0.046875 0.056640625
0 0.6279296875 0.990234375 0.068359375 0.01953125
0 0.0556640625 0.2412109375 0.0390625 0.041015625
0 0.63916015625 0.2763671875 0.0498046875 0.048828125
0 0.0712890625 0.31982421875 0.064453125 0.0634765625
0 0.673828125 0.60546875 0.072265625 0.029296875
0 0.8037109375 0.87548828125 0.06640625 0.2099609375
0 0.77685546875 0.71533203125 0.0361328125 0.0361328125
0 0.29150390625 0.74365234375 0.0302734375 0.0283203125
0 0.54833984375 0.6494140625 0.1298828125 0.11328125
0 0.85986328125 0.19189453125 0.0458984375 0.0595703125
0 0.279296875 0.0302734375 0.025390625 0.021484375
0 0.19775390625 0.0830078125 0.0771484375 0.078125
0 0.7314453125 0.1865234375 0.169921875 0.091796875
0 0.88916015625 0.8837890625 0.0673828125 0.072265625
0 0.80078125 0.64208984375 0.08203125 0.0830078125
0 0.29541015625 0.67138671875 0.0185546875 0.0146484375
0 0.2763671875 0.158203125 0.03515625 0.037109375
0 0.23046875 0.689453125 0.017578125 0.021484375
0 0.09521484375 0.02783203125 0.0341796875 0.0341796875
0 0.07568359375 0.41748046875 0.0419921875 0.0419921875
0 0.13525390625 0.13134765625 0.0263671875 0.0185546875