0 0.30078125 0.35107421875 0.08984375 0.2783203125
0 0.47607421875 0.8271484375 0.4287109375 0.1328125
0 0.619140625 0.728515625 0.0546875 0.041015625
0 0.46484375 0.52001953125 0.0625 0.0673828125
0 0.6044921875 0.1884765625 0.0390625 0.041015625
0 0.7080078125 0.509765625 0.39453125 0.23828125
0 0.05615234375 0.0341796875 0.0380859375 0.0390625
0 0.51171875 0.30322265625 0.09765625 0.0849609375
0 0.248046875 0.56591796875 0.041015625 0.0400390625
0 0.12451171875 0.78125 0.1201171875 0.380859375
0 0.73291015625 0.74560546875 0.0458984375 0.0419921875
0 0.1064453125 0.1787109375 0.056640625 0.07421875
0 0.96142578125 0.70068359375 0.0205078125 0.0205078125
0 0.81298828125 0.92724609375 0.0751953125 0.0380859375
0 0.1767578125 0.47705078125 0.078125 0.1884765625
0 0.3076171875 0.69189453125 0.064453125 0.0185546875
0 0.5537109375 0.24658203125 0.021484375 0.0146484375
0 0.72998046875 0.353515625 0.0322265625 0.0390625
0 0.88916015625 0.26318359375 0.2099609375 0.2099609375
0 0.23388671875 0.91748046875 0.0419921875 0.0361328125
0 0.40283203125 0.36474609375 0.1103515625 0.1259765625
0 0.365234375 0.92626953125 0.216796875 0.0458984375
0 0.41015625 0.1142578125 0.08203125 0.083984375
0 0.49951171875 0.22119140625 0.0244140625 0.0263671875
0 0.9443359375 0.5810546875 0.064453125 0.064453125
0 0.837890625 0.7021484375 0.0625 0.06640625
0 0.52490234375 0.69140625 0.0615234375 0.021484375
0 0.76708984375 0.81640625 0.0419921875 0.041015625
0 0.68701171875 0.06640625 0.0947265625 0.09375
0 0.68994140625 0.17919921875 0.1103515625 0.1259765625
0 0.28515625 0.6259765625 0.119140625 0.037109375
0 0.21044921875 0.16064453125 0.0146484375 0.0126953125
0 0.94873046875 0.93408203125 0.0732421875 0.0751953125
0 0.06396484375 0.43896484375 0.1240234375 0.0673828125
0 0.32373046875 0.58251953125 0.0322265625 0.0322265625
0 0.76513671875 0.23681640625 0.0361328125 0.0458984375
0 0.21923828125 0.2958984375 0.0361328125 0.03125
0 0.123046875 0.3056640625 0.14453125 0.126953125
0 0.220703125 0.734375 0.03515625 0.04296875
0 0.9296875 0.86572265625 0.01953125 0.0146484375
0 0.82958984375 0.78076171875 0.0146484375 0.0185546875
0 0.89599609375 0.0341796875 0.0634765625 0.025390625
0 0.97021484375 0.072265625 0.0439453125 0.12890625
0 0.2822265625 0.078125 0.12109375 0.123046875
0 0.37744140625 0.5703125 0.0185546875 0.01953125
0 0.5625 0.08447265625 0.068359375 0.1474609375
0 0.384765625 0.6552734375 0.033203125 0.033203125