0 0.634765625 0.53564453125 0.619140625 0.2294921875
0 0.439453125 0.27734375 0.02734375 0.02734375
0 0.60791015625 0.720703125 0.0888671875 0.1015625
0 0.08251953125 0.619140625 0.1494140625 0.130859375
0 0.14111328125 0.8603515625 0.0693359375 0.158203125
0 0.1806640625 0.2734375 0.162109375 0.51953125
0 0.4033203125 0.32958984375 0.056640625 0.0556640625
0 0.87158203125 0.845703125 0.1591796875 0.0859375
0 0.67138671875 0.87646484375 0.1982421875 0.1982421875
0 0.1484375 0.73681640625 0.095703125 0.0341796875
0 0.5087890625 0.3291015625 0.072265625 0.173828125
0 0.61962890625 0.3798828125 0.0791015625 0.080078125
0 0.2216796875 0.6171875 0.02734375 0.029296875
0 0.27783203125 0.20947265625 0.0244140625 0.0244140625
0 0.0634765625 0.79248046875 0.046875 0.0576171875
0 0.615234375 0.2763671875 0.021484375 0.02734375
0 0.05859375 0.36181640625 0.015625 0.0107421875
0 0.38330078125 0.76318359375 0.0615234375 0.0458984375
0 0.931640625 0.7490234375 0.03515625 0.03515625
0 0.68017578125 0.27880859375 0.0400390625 0.0341796875
0 0.01806640625 0.541015625 0.0283203125 0.021484375
0 0.04833984375 0.1650390625 0.0732421875 0.31640625
0 0.8291015625 0.3720703125 0.025390625 0.02734375
0 0.47412109375 0.13134765625 0.0517578125 0.0556640625
0 0.53857421875 0.1865234375 0.0712890625 0.072265625
0 0.935546875 0.16357421875 0.076171875 0.2216796875
0 0.3798828125 0.23095703125 0.013671875 0.0126953125
0 0.4111328125 0.8642578125 0.28515625 0.087890625
0 0.79541015625 0.2216796875 0.0419921875 0.0546875
0 0.78369140625 0.73681640625 0.0615234375 0.0634765625
0 0.43701171875 0.67041015625 0.0302734375 0.0302734375
0 0.94970703125 0.9326171875 0.0419921875 0.041015625
0 0.31005859375 0.09765625 0.0302734375 0.03125
0 0.69140625 0.10009765625 0.130859375 0.1142578125
0 0.197265625 0.96435546875 0.0703125 0.0361328125
0 0.8623046875 0.22412109375 0.064453125 0.0185546875
0 0.05517578125 0.9326171875 0.0283203125 0.02734375
0 0.72216796875 0.31689453125 0.0341796875 0.0361328125
0 0.541015625 0.08447265625 0.01953125 0.0224609375
0 0.33447265625 0.1806640625 0.0693359375 0.0703125
0 0.26025390625 0.654296875 0.0478515625 0.0625
0 0.5234375 0.97314453125 0.07421875 0.0302734375
0 0.6767578125 0.22021484375 0.1875 0.0634765625
0 0.76806640625 0.17578125 0.0244140625 0.021484375
0 0.34521484375 0.68310546875 0.0576171875 0.0517578125