0 0.509765625 0.42626953125 0.017578125 0.0166015625
0 0.14990234375 0.2646484375 0.0673828125 0.06640625
0 0.69677734375 0.6025390625 0.1220703125 0.46484375
0 0.6943359375 0.177734375 0.41796875 0.162109375
0 0.349609375 0.83251953125 0.23046875 0.0712890625
0 0.39697265625 0.69921875 0.4580078125 0.169921875
0 0.3544921875 0.3603515625 0.216796875 0.216796875
0 0.1044921875 0.9609375 0.025390625 0.01953125
0 0.13525390625 0.8876953125 0.0537109375 0.056640625
0 0.84375 0.44482421875 0.115234375 0.1318359375
0 0.5009765625 0.875 0.02734375 0.02734375
0 0.95361328125 0.09619140625 0.0439453125 0.0458984375
0 0.3486328125 0.93359375 0.041015625 0.041015625
0 0.93896484375 0.78564453125 0.1201171875 0.3798828125
0 0.08251953125 0.69189453125 0.0634765625 0.2998046875
0 0.6708984375 0.052734375 0.41796875 0.08203125
0 0.9609375 0.1923828125 0.076171875 0.068359375
0 0.58056640625 0.931640625 0.0732421875 0.07421875
0 0.33740234375 0.5673828125 0.0615234375 0.044921875
0 0.41162109375 0.02392578125 0.0341796875 0.0341796875
0 0.96484375 0.294921875 0.03125 0.041015625
0 0.20068359375 0.5517578125 0.1181640625 0.103515625
0 0.57275390625 0.48046875 0.0146484375 0.017578125
0 0.8935546875 0.54638671875 0.021484375 0.0224609375
0 0.80224609375 0.56689453125 0.0830078125 0.0263671875
0 0.703125 0.2890625 0.1015625 0.052734375
0 0.22412109375 0.2080078125 0.1005859375 0.037109375
0 0.08837890625 0.146484375 0.0634765625 0.06640625
0 0.80615234375 0.80615234375 0.0654296875 0.1904296875
0 0.64208984375 0.95751953125 0.0283203125 0.0283203125
0 0.30810546875 0.09423828125 0.1259765625 0.1279296875
0 0.52734375 0.28857421875 0.03515625 0.0302734375
0 0.2666015625 0.96240234375 0.1171875 0.0361328125
0 0.36572265625 0.2109375 0.0244140625 0.021484375
0 0.60986328125 0.31640625 0.0478515625 0.109375
0 0.14892578125 0.38623046875 0.1064453125 0.1083984375
0 0.59423828125 0.548828125 0.0556640625 0.0546875
0 0.771484375 0.95458984375 0.064453125 0.0771484375
0 0.482421875 0.95556640625 0.017578125 0.0126953125
0 0.29833984375 0.5078125 0.0712890625 0.029296875
0 0.94775390625 0.4951171875 0.0634765625 0.146484375
0 0.60302734375 0.59423828125 0.0263671875 0.0283203125
0 0.509765625 0.49609375 0.0703125 0.0703125
0 0.1845703125 0.04345703125 0.02734375 0.0361328125
0 0.85888671875 0.32958984375 0.0830078125 0.0947265625
0 0.35888671875 0.8916015625 0.0341796875 0.037109375
0 0.4013671875 0.18310546875 0.025390625 0.0322265625