0 0.84228515625 0.21923828125 0.0400390625 0.0400390625
0 0.40966796875 0.3125 0.1044921875 0.091796875
0 0.3974609375 0.61767578125 0.083984375 0.0849609375
0 0.28955078125 0.0595703125 0.0712890625 0.052734375
0 0.2939453125 0.30322265625 0.05078125 0.0556640625
0 0.76806640625 0.96435546875 0.0537109375 0.0556640625
0 0.55810546875 0.7880859375 0.0302734375 0.021484375
0 0.87158203125 0.33447265625 0.0830078125 0.0751953125
0 0.5263671875 0.26123046875 0.07421875 0.0732421875
0 0.38720703125 0.9501953125 0.0361328125 0.046875
0 0.482421875 0.5283203125 0.03515625 0.03515625
0 0.52783203125 0.16943359375 0.0517578125 0.0146484375
0 0.201171875 0.79296875 0.025390625 0.025390625
0 0.2607421875 0.64404296875 0.060546875 0.0791015625
0 0.845703125 0.5986328125 0.236328125 0.236328125
0 0.58740234375 0.3818359375 0.1103515625 0.044921875
0 0.06982421875 0.4892578125 0.0927734375 0.279296875
0 0.4609375 0.109375 0.0234375 0.02734375
0 0.33984375 0.74267578125 0.044921875 0.0478515625
0 0.6591796875 0.81689453125 0.083984375 0.0439453125
0 0.37255859375 0.025390625 0.0380859375 0.037109375
0 0.75439453125 0.423828125 0.0126953125 0.01171875
0 0.33740234375 0.96875 0.0576171875 0.060546875
0 0.6650390625 0.9619140625 0.015625 0.01953125
0 0.71826171875 0.13232421875 0.1787109375 0.1572265625
0 0.623046875 0.5791015625 0.193359375 0.107421875
0 0.4697265625 0.8095703125 0.1328125 0.15234375
0 0.56103515625 0.74072265625 0.0302734375 0.0322265625
0 0.62744140625 0.4501953125 0.0634765625 0.0625
0 0.2783203125 0.1474609375 0.029296875 0.025390625
0 0.17041015625 0.03466796875 0.0302734375 0.0263671875
0 0.326171875 0.486328125 0.0234375 0.017578125
0 0.12158203125 0.75244140625 0.0419921875 0.0517578125
0 0.2099609375 0.2822265625 0.09375 0.302734375
0 0.3857421875 0.2119140625 0.044921875 0.044921875
0 0.17041015625 0.55859375 0.0693359375 0.205078125
0 0.24609375 0.74853515625 0.119140625 0.0439453125
0 0.95849609375 0.81591796875 0.0673828125 0.1962890625
0 0.94189453125 0.07861328125 0.0908203125 0.0927734375
0 0.29150390625 0.88037109375 0.0283203125 0.0302734375
0 0.08544921875 0.09375 0.0732421875 0.166015625
0 0.86669921875 0.0869140625 0.0517578125 0.052734375
0 0.3876953125 0.06103515625 0.083984375 0.0283203125
0 0.84765625 0.83203125 0.08984375 0.20703125
0 0.65283203125 0.3251953125 0.2490234375 0.052734375