0 0.462890625 0.32470703125 0.1171875 0.5478515625
0 0.7685546875 0.2744140625 0.044921875 0.033203125
0 0.35546875 0.88232421875 0.4296875 0.2275390625
0 0.1328125 0.54345703125 0.013671875 0.0126953125
0 0.8134765625 0.0234375 0.033203125 0.041015625
0 0.7763671875 0.5771484375 0.060546875 0.19140625
0 0.3349609375 0.30712890625 0.06640625 0.0654296875
0 0.25439453125 0.2109375 0.1162109375 0.037109375
0 0.58740234375 0.80810546875 0.0263671875 0.0322265625
0 0.66259765625 0.60595703125 0.0498046875 0.1455078125
0 0.5859375 0.55126953125 0.099609375 0.0400390625
0 0.5947265625 0.11181640625 0.095703125 0.0283203125
0 0.0751953125 0.61279296875 0.060546875 0.1455078125
0 0.75048828125 0.17041015625 0.3974609375 0.0849609375
0 0.724609375 0.3642578125 0.037109375 0.037109375
0 0.18359375 0.7275390625 0.076171875 0.078125
0 0.71630859375 0.41943359375 0.0517578125 0.0458984375
0 0.06640625 0.44189453125 0.056640625 0.0556640625
0 0.5341796875 0.20361328125 0.01953125 0.0146484375
0 0.8876953125 0.8974609375 0.041015625 0.03515625
0 0.6025390625 0.33740234375 0.0234375 0.0205078125
0 0.08984375 0.244140625 0.109375 0.095703125
0 0.34716796875 0.58544921875 0.1103515625 0.1259765625
0 0.16064453125 0.611328125 0.0595703125 0.064453125
0 0.68994140625 0.28759765625 0.1083984375 0.0947265625
0 0.86572265625 0.5771484375 0.0224609375 0.015625
0 0.91552734375 0.328125 0.0595703125 0.072265625
0 0.8046875 0.791015625 0.37890625 0.1171875
0 0.333984375 0.39013671875 0.048828125 0.0517578125
0 0.52294921875 0.68408203125 0.1240234375 0.1259765625
0 0.23193359375 0.07080078125 0.1318359375 0.1337890625
0 0.5517578125 0.42626953125 0.05078125 0.0537109375
0 0.19287109375 0.33984375 0.0458984375 0.048828125
0 0.04736328125 0.15869140625 0.0771484375 0.0400390625
0 0.96923828125 0.4423828125 0.0419921875 0.044921875
0 0.1064453125 0.09375 0.0625 0.08203125
0 0.23681640625 0.611328125 0.0615234375 0.140625
0 0.7578125 0.0986328125 0.02734375 0.02734375
0 0.91064453125 0.24951171875 0.0419921875 0.0419921875
0 0.18505859375 0.6640625 0.0341796875 0.033203125
0 0.4013671875 0.7353515625 0.03515625 0.037109375
0 0.8291015625 0.9619140625 0.095703125 0.03515625
0 0.8623046875 0.2373046875 0.03515625 0.03515625
0 0.9404296875 0.64404296875 0.078125 0.0888671875
0 0.02880859375 0.0927734375 0.0341796875 0.044921875