0 0.48095703125 0.63427734375 0.6181640625 0.2294921875
0 0.19482421875 0.16796875 0.0966796875 0.0390625
0 0.86279296875 0.46826171875 0.0341796875 0.0341796875
0 0.31982421875 0.87158203125 0.0283203125 0.0244140625
0 0.89892578125 0.62158203125 0.0478515625 0.0517578125
0 0.60009765625 0.4189453125 0.4833984375 0.158203125
0 0.6533203125 0.92138671875 0.046875 0.0419921875
0 0.47802734375 0.0791015625 0.0341796875 0.04296875
0 0.08837890625 0.58544921875 0.1396484375 0.6025390625
0 0.06982421875 0.03466796875 0.0478515625 0.0478515625
0 0.45068359375 0.8671875 0.1298828125 0.1328125
0 0.82470703125 0.22021484375 0.0517578125 0.1181640625
0 0.82861328125 0.03466796875 0.0576171875 0.0615234375
0 0.85791015625 0.7490234375 0.0595703125 0.017578125
0 0.85986328125 0.6181640625 0.0244140625 0.021484375
0 0.35107421875 0.22802734375 0.1708984375 0.1494140625
0 0.7509765625 0.78857421875 0.306640625 0.0595703125
0 0.44677734375 0.9755859375 0.0908203125 0.033203125
0 0.65380859375 0.19677734375 0.2041015625 0.2041015625
0 0.90625 0.2939453125 0.08984375 0.279296875
0 0.04638671875 0.14794921875 0.0732421875 0.1689453125
0 0.24072265625 0.36962890625 0.0341796875 0.0341796875
0 0.373046875 0.83056640625 0.0234375 0.0283203125
0 0.796875 0.96728515625 0.041015625 0.0439453125
0 0.72705078125 0.95654296875 0.0693359375 0.0517578125
0 0.9365234375 0.615234375 0.021484375 0.01953125
0 0.267578125 0.92822265625 0.150390625 0.0810546875
0 0.1796875 0.81689453125 0.02734375 0.0185546875
0 0.90087890625 0.92138671875 0.0888671875 0.0869140625
0 0.4970703125 0.259765625 0.021484375 0.0234375
0 0.189453125 0.0859375 0.025390625 0.033203125
0 0.87890625 0.54443359375 0.091796875 0.0810546875
0 0.62744140625 0.05712890625 0.0576171875 0.0556640625
0 0.35400390625 0.07958984375 0.1142578125 0.0595703125
0 0.1669921875 0.234375 0.05859375 0.060546875
0 0.50830078125 0.205078125 0.0810546875 0.08203125
0 0.3193359375 0.8037109375 0.01953125 0.01953125
0 0.81201171875 0.86279296875 0.0712890625 0.0810546875
0 0.97412109375 0.71240234375 0.0478515625 0.0498046875
0 0.271484375 0.787109375 0.0546875 0.072265625
0 0.3486328125 0.01416015625 0.037109375 0.0283203125
0 0.9306640625 0.02978515625 0.111328125 0.0380859375
0 0.9716796875 0.080078125 0.037109375 0.044921875
0 0.814453125 0.310546875 0.03125 0.03125