0 0.83056640625 0.6474609375 0.0361328125 0.03515625
0 0.986328125 0.66064453125 0.017578125 0.0166015625
0 0.0419921875 0.2275390625 0.033203125 0.033203125
0 0.71484375 0.36181640625 0.29296875 0.0576171875
0 0.19140625 0.4375 0.095703125 0.09765625
0 0.115234375 0.73974609375 0.099609375 0.3095703125
0 0.8095703125 0.07080078125 0.244140625 0.0751953125
0 0.2353515625 0.81396484375 0.0390625 0.0498046875
0 0.62255859375 0.826171875 0.6767578125 0.26171875
0 0.3994140625 0.5341796875 0.12109375 0.041015625
0 0.44873046875 0.21142578125 0.0595703125 0.0634765625
0 0.19921875 0.33154296875 0.1015625 0.0888671875
0 0.4267578125 0.47314453125 0.037109375 0.0283203125
0 0.921875 0.45458984375 0.087890625 0.3779296875
0 0.53955078125 0.56298828125 0.1474609375 0.0771484375
0 0.0712890625 0.3798828125 0.052734375 0.0546875
0 0.830078125 0.12890625 0.02734375 0.01953125
0 0.35107421875 0.2646484375 0.1083984375 0.37109375
0 0.96826171875 0.21142578125 0.0283203125 0.0283203125
0 0.6357421875 0.033203125 0.029296875 0.025390625
0 0.060546875 0.07177734375 0.03515625 0.0380859375
0 0.74609375 0.48828125 0.1875 0.1875
0 0.310546875 0.6279296875 0.080078125 0.091796875
0 0.19580078125 0.90673828125 0.0400390625 0.0419921875
0 0.10546875 0.26220703125 0.056640625 0.0556640625
0 0.5078125 0.43408203125 0.0546875 0.1240234375
0 0.193359375 0.2216796875 0.04296875 0.04296875
0 0.642578125 0.6435546875 0.021484375 0.025390625
0 0.78662109375 0.18701171875 0.0732421875 0.0537109375
0 0.37646484375 0.05419921875 0.0185546875 0.0185546875
0 0.3779296875 0.4833984375 0.04296875 0.044921875
0 0.71630859375 0.25830078125 0.0654296875 0.0712890625
0 0.08642578125 0.025390625 0.1123046875 0.046875
0 0.150390625 0.20166015625 0.02734375 0.0244140625
0 0.23193359375 0.65966796875 0.0693359375 0.1904296875
0 0.81884765625 0.248046875 0.0634765625 0.064453125
0 0.1630859375 0.9580078125 0.03515625 0.04296875
0 0.51904296875 0.24853515625 0.0732421875 0.0224609375
0 0.6435546875 0.18994140625 0.052734375 0.0634765625
0 0.56640625 0.0869140625 0.068359375 0.158203125
0 0.21044921875 0.12744140625 0.0830078125 0.0751953125
0 0.75830078125 0.634765625 0.0615234375 0.060546875
0 0.51171875 0.33056640625 0.07421875 0.0263671875
0 0.61767578125 0.44775390625 0.0595703125 0.0791015625
0 0.5595703125 0.63916015625 0.068359375 0.0693359375