0 0.40576171875 0.54541015625 0.1533203125 0.5478515625
0 0.35302734375 0.9521484375 0.0791015625 0.08984375
0 0.3212890625 0.10498046875 0.5078125 0.1962890625
0 0.81982421875 0.3017578125 0.1083984375 0.03125
0 0.6123046875 0.57666015625 0.189453125 0.6474609375
0 0.5927734375 0.9296875 0.017578125 0.01953125
0 0.68994140625 0.044921875 0.0400390625 0.0390625
0 0.0673828125 0.78173828125 0.103515625 0.1181640625
0 0.76953125 0.51123046875 0.044921875 0.0576171875
0 0.76025390625 0.1728515625 0.0615234375 0.07421875
0 0.84814453125 0.40283203125 0.2529296875 0.0830078125
0 0.189453125 0.4501953125 0.029296875 0.029296875
0 0.23779296875 0.6513671875 0.0263671875 0.017578125
0 0.92626953125 0.1923828125 0.0908203125 0.216796875
0 0.12109375 0.96826171875 0.048828125 0.0478515625
0 0.96875 0.60546875 0.015625 0.013671875
0 0.2587890625 0.58642578125 0.0703125 0.0634765625
0 0.62890625 0.1728515625 0.0703125 0.025390625
0 0.12353515625 0.60107421875 0.1689453125 0.1474609375
0 0.78759765625 0.7216796875 0.1201171875 0.359375
0 0.26220703125 0.84423828125 0.1181640625 0.1025390625
0 0.07080078125 0.291015625 0.1123046875 0.115234375
0 0.158203125 0.82177734375 0.05078125 0.0517578125
0 0.11181640625 0.9013671875 0.1455078125 0.076171875
0 0.8837890625 0.6416015625 0.02734375 0.02734375
0 0.94287109375 0.85498046875 0.0537109375 0.1572265625
0 0.447265625 0.8623046875 0.04296875 0.046875
0 0.537109375 0.93310546875 0.0703125 0.0517578125
0 0.97802734375 0.97119140625 0.0341796875 0.0341796875
0 0.22900390625 0.32080078125 0.0302734375 0.0380859375
0 0.29541015625 0.77001953125 0.0322265625 0.0244140625
0 0.19140625 0.4052734375 0.017578125 0.021484375
0 0.1552734375 0.2421875 0.05078125 0.06640625
0 0.10693359375 0.40380859375 0.0263671875 0.0224609375
0 0.94140625 0.6748046875 0.0546875 0.0546875
0 0.27685546875 0.50927734375 0.0224609375 0.0224609375
0 0.259765625 0.71142578125 0.03515625 0.0810546875
0 0.2607421875 0.40234375 0.04296875 0.044921875
0 0.26611328125 0.9443359375 0.0830078125 0.083984375
0 0.04931640625 0.40087890625 0.0400390625 0.0419921875
0 0.02783203125 0.451171875 0.0400390625 0.04296875
0 0.85888671875 0.21923828125 0.0419921875 0.0439453125
0 0.86572265625 0.04931640625 0.1240234375 0.0419921875
0 0.80126953125 0.46533203125 0.0283203125 0.0244140625
0 0.291015625 0.23779296875 0.125 0.0517578125