0 0.837890625 0.80859375 0.04296875 0.04296875
0 0.36572265625 0.8349609375 0.0302734375 0.03125
0 0.05126953125 0.7158203125 0.0283203125 0.01953125
0 0.1962890625 0.1376953125 0.076171875 0.18359375
0 0.66943359375 0.4658203125 0.0400390625 0.048828125
0 0.8427734375 0.3486328125 0.083984375 0.0859375
0 0.92529296875 0.537109375 0.0986328125 0.0859375
0 0.3896484375 0.74072265625 0.04296875 0.0419921875
0 0.7431640625 0.197265625 0.052734375 0.0546875
0 0.373046875 0.3779296875 0.12109375 0.35546875
0 0.45947265625 0.11279296875 0.0966796875 0.0361328125
0 0.1650390625 0.302734375 0.09765625 0.111328125
0 0.53759765625 0.3857421875 0.1181640625 0.046875
0 0.15478515625 0.63427734375 0.2119140625 0.1142578125
0 0.22314453125 0.40966796875 0.0732421875 0.0751953125
0 0.93359375 0.8994140625 0.064453125 0.138671875
0 0.47607421875 0.9326171875 0.4345703125 0.134765625
0 0.50439453125 0.52880859375 0.1240234375 0.1083984375
0 0.6025390625 0.01123046875 0.013671875 0.0166015625
0 0.859375 0.697265625 0.037109375 0.037109375
0 0.4052734375 0.0380859375 0.08203125 0.0234375
0 0.07275390625 0.14208984375 0.0615234375 0.0615234375
0 0.046875 0.02001953125 0.02734375 0.0341796875
0 0.6357421875 0.74072265625 0.291015625 0.0615234375
0 0.04541015625 0.412109375 0.0732421875 0.072265625
0 0.4560546875 0.4375 0.025390625 0.0234375
0 0.91650390625 0.68212890625 0.0634765625 0.1748046875
0 0.66845703125 0.5830078125 0.1845703125 0.05859375
0 0.6630859375 0.07177734375 0.08984375 0.0458984375
0 0.958984375 0.31884765625 0.06640625 0.3115234375
0 0.2431640625 0.263671875 0.029296875 0.03125
0 0.4501953125 0.7978515625 0.05078125 0.048828125
0 0.06201171875 0.29833984375 0.0263671875 0.0224609375
0 0.76025390625 0.94921875 0.0595703125 0.078125
0 0.11669921875 0.5185546875 0.0830078125 0.07421875
0 0.67724609375 0.33251953125 0.0341796875 0.0341796875
0 0.46630859375 0.6181640625 0.0283203125 0.021484375
0 0.70166015625 0.43798828125 0.0224609375 0.0283203125
0 0.69921875 0.18505859375 0.025390625 0.0263671875
0 0.73095703125 0.11181640625 0.0439453125 0.0322265625
0 0.88037109375 0.1015625 0.0810546875 0.08203125
0 0.76513671875 0.83154296875 0.0439453125 0.0380859375
0 0.15625 0.81591796875 0.146484375 0.1669921875
0 0.82421875 0.6201171875 0.048828125 0.052734375
0 0.54638671875 0.16455078125 0.0654296875 0.0693359375