0 0.55419921875 0.51171875 0.2470703125 0.9375
0 0.7861328125 0.15576171875 0.015625 0.0107421875
0 0.81201171875 0.8310546875 0.0751953125 0.232421875
0 0.22021484375 0.74658203125 0.2529296875 0.2529296875
0 0.390625 0.50927734375 0.044921875 0.0380859375
0 0.30029296875 0.56640625 0.0849609375 0.04296875
0 0.7275390625 0.0947265625 0.044921875 0.033203125
0 0.18017578125 0.47021484375 0.0693359375 0.0283203125
0 0.38623046875 0.06689453125 0.0185546875 0.0185546875
0 0.05810546875 0.2451171875 0.0263671875 0.025390625
0 0.9296875 0.6650390625 0.138671875 0.6484375
0 0.82080078125 0.4912109375 0.0673828125 0.068359375
0 0.3662109375 0.1806640625 0.044921875 0.046875
0 0.1630859375 0.896484375 0.021484375 0.02734375
0 0.70263671875 0.56005859375 0.0400390625 0.0400390625
0 0.732421875 0.3310546875 0.037109375 0.0390625
0 0.77978515625 0.7001953125 0.0810546875 0.0234375
0 0.8828125 0.28759765625 0.03515625 0.0791015625
0 0.0771484375 0.05908203125 0.072265625 0.0732421875
0 0.24609375 0.19921875 0.14453125 0.126953125
0 0.02294921875 0.4140625 0.0205078125 0.017578125
0 0.01318359375 0.26416015625 0.0244140625 0.0263671875
0 0.0810546875 0.8974609375 0.0390625 0.03515625
0 0.17578125 0.35107421875 0.068359375 0.0693359375
0 0.84228515625 0.11669921875 0.1025390625 0.0380859375
0 0.27978515625 0.42333984375 0.0986328125 0.2373046875
0 0.748046875 0.6259765625 0.046875 0.056640625
0 0.40673828125 0.58935546875 0.0341796875 0.0263671875
0 0.056640625 0.4794921875 0.09765625 0.111328125
0 0.25732421875 0.89892578125 0.0361328125 0.0361328125
0 0.31884765625 0.06982421875 0.1044921875 0.0908203125
0 0.69970703125 0.7587890625 0.0322265625 0.04296875
0 0.95947265625 0.29638671875 0.0302734375 0.0302734375
0 0.365234375 0.97314453125 0.013671875 0.0166015625
0 0.7080078125 0.0615234375 0.0234375 0.021484375
0 0.8359375 0.33154296875 0.044921875 0.0439453125
0 0.83984375 0.04638671875 0.16796875 0.0927734375
0 0.8076171875 0.65234375 0.04296875 0.04296875
0 0.8203125 0.4228515625 0.04296875 0.044921875
0 0.13134765625 0.21826171875 0.0517578125 0.0556640625
0 0.0732421875 0.3115234375 0.03515625 0.037109375
0 0.390625 0.7529296875 0.0546875 0.150390625
0 0.859375 0.23095703125 0.09375 0.0322265625
0 0.16064453125 0.9521484375 0.2978515625 0.05859375
0 0.82568359375 0.9638671875 0.0244140625 0.03125