0 0.14013671875 0.69921875 0.0263671875 0.02734375
0 0.9052734375 0.5166015625 0.177734375 0.67578125
0 0.46923828125 0.94775390625 0.0439453125 0.0322265625
0 0.40478515625 0.22900390625 0.7021484375 0.2724609375
0 0.30078125 0.5625 0.107421875 0.109375
0 0.77197265625 0.849609375 0.0244140625 0.029296875
0 0.67041015625 0.65869140625 0.0986328125 0.4619140625
0 0.5654296875 0.67626953125 0.021484375 0.0166015625
0 0.1826171875 0.88037109375 0.076171875 0.0869140625
0 0.28271484375 0.75244140625 0.0615234375 0.1943359375
0 0.37255859375 0.8154296875 0.0888671875 0.037109375
0 0.36474609375 0.4345703125 0.2470703125 0.13671875
0 0.96826171875 0.9521484375 0.0283203125 0.029296875
0 0.78173828125 0.12744140625 0.0341796875 0.0341796875
0 0.5654296875 0.47412109375 0.08203125 0.0830078125
0 0.80419921875 0.78125 0.0146484375 0.017578125
0 0.5146484375 0.04541015625 0.037109375 0.0322265625
0 0.5625 0.548828125 0.04296875 0.0546875
0 0.7197265625 0.041015625 0.05859375 0.05859375
0 0.0419921875 0.56982421875 0.0625 0.1416015625
0 0.4228515625 0.64208984375 0.1171875 0.1025390625
0 0.37353515625 0.896484375 0.0439453125 0.046875
0 0.10302734375 0.814453125 0.0751953125 0.1796875
0 0.50439453125 0.7666015625 0.1455078125 0.076171875
0 0.0390625 0.8466796875 0.037109375 0.037109375
0 0.20751953125 0.69091796875 0.0185546875 0.0166015625
0 0.0859375 0.94384765625 0.060546875 0.0224609375
0 0.15185546875 0.60400390625 0.1357421875 0.1552734375
0 0.501953125 0.87646484375 0.087890625 0.0869140625
0 0.3359375 0.0498046875 0.046875 0.05078125
0 0.982421875 0.103515625 0.02734375 0.029296875
0 0.8828125 0.0791015625 0.064453125 0.05859375
0 0.8037109375 0.240234375 0.013671875 0.01171875
0 0.21484375 0.96875 0.126953125 0.04296875
0 0.11865234375 0.46337890625 0.0341796875 0.0341796875
0 0.767578125 0.54248046875 0.064453125 0.0634765625
0 0.54931640625 0.95166015625 0.0478515625 0.0576171875
0 0.74609375 0.7275390625 0.044921875 0.05859375
0 0.36865234375 0.759765625 0.0595703125 0.0625
0 0.37890625 0.037109375 0.015625 0.01171875
0 0.10986328125 0.060546875 0.0751953125 0.021484375
0 0.74560546875 0.4521484375 0.0361328125 0.03515625