0 0.09619140625 0.16845703125 0.0361328125 0.0361328125
0 0.27783203125 0.82177734375 0.1064453125 0.1083984375
0 0.060546875 0.43017578125 0.0625 0.0615234375
0 0.92919921875 0.32470703125 0.0419921875 0.0517578125
0 0.2939453125 0.2529296875 0.025390625 0.017578125
0 0.79443359375 0.5224609375 0.3037109375 0.064453125
0 0.0693359375 0.52197265625 0.087890625 0.0322265625
0 0.90625 0.22119140625 0.154296875 0.1357421875
0 0.7900390625 0.8984375 0.03125 0.03125
0 0.37109375 0.1689453125 0.06640625 0.193359375
0 0.05712890625 0.7470703125 0.0654296875 0.1484375
0 0.154296875 0.18896484375 0.03515625 0.0380859375
0 0.4091796875 0.67578125 0.140625 0.607421875
0 0.296875 0.61181640625 0.03515625 0.0302734375
0 0.8515625 0.94921875 0.060546875 0.060546875
0 0.64697265625 0.23388671875 0.1201171875 0.3544921875
0 0.12744140625 0.11328125 0.0283203125 0.033203125
0 0.8095703125 0.7099609375 0.279296875 0.279296875
0 0.61669921875 0.7333984375 0.0888671875 0.265625
0 0.2216796875 0.4951171875 0.033203125 0.025390625
0 0.76513671875 0.4501953125 0.0634765625 0.025390625
0 0.109375 0.607421875 0.123046875 0.107421875
0 0.50732421875 0.595703125 0.0263671875 0.0234375
0 0.0830078125 0.271484375 0.09375 0.107421875
0 0.232421875 0.16796875 0.041015625 0.037109375
0 0.5009765625 0.17236328125 0.10546875 0.2431640625
0 0.197265625 0.32763671875 0.09765625 0.1123046875
0 0.14453125 0.89794921875 0.0859375 0.0869140625
0 0.8251953125 0.0498046875 0.03125 0.041015625
0 0.70947265625 0.021484375 0.0205078125 0.017578125
0 0.30615234375 0.30419921875 0.0908203125 0.0283203125
0 0.44677734375 0.3095703125 0.0263671875 0.02734375
0 0.0517578125 0.490234375 0.021484375 0.021484375
0 0.302734375 0.91748046875 0.056640625 0.0576171875
0 0.5263671875 0.66064453125 0.021484375 0.0224609375
0 0.97412109375 0.90966796875 0.0400390625 0.0419921875
0 0.77490234375 0.27490234375 0.0986328125 0.0966796875
0 0.572265625 0.10400390625 0.015625 0.0185546875
0 0.54931640625 0.5595703125 0.1005859375 0.029296875
0 0.97509765625 0.06640625 0.0419921875 0.0546875
0 0.03955078125 0.36083984375 0.0224609375 0.0224609375
0 0.02734375 0.14306640625 0.0390625 0.0419921875
0 0.5576171875 0.48046875 0.134765625 0.068359375
0 0.23779296875 0.68798828125 0.0517578125 0.0380859375
0 0.62060546875 0.57568359375 0.0322265625 0.0341796875