0 0.7119140625 0.4794921875 0.25 0.892578125
0 0.19189453125 0.572265625 0.0419921875 0.04296875
0 0.2822265625 0.4384765625 0.021484375 0.021484375
0 0.24951171875 0.8369140625 0.0595703125 0.072265625
0 0.171875 0.390625 0.0390625 0.0390625
0 0.50146484375 0.38916015625 0.0439453125 0.1044921875
0 0.49853515625 0.63916015625 0.1083984375 0.1103515625
0 0.07568359375 0.767578125 0.0576171875 0.125
0 0.15185546875 0.17236328125 0.1064453125 0.0927734375
0 0.5498046875 0.75927734375 0.01953125 0.0244140625
0 0.31982421875 0.2548828125 0.0849609375 0.03125
0 0.88134765625 0.3896484375 0.0634765625 0.18359375
0 0.337890625 0.4677734375 0.056640625 0.05859375
0 0.4150390625 0.43212890625 0.091796875 0.1044921875
0 0.34130859375 0.9072265625 0.0751953125 0.0859375
0 0.498046875 0.1552734375 0.14453125 0.048828125
0 0.9150390625 0.10791015625 0.052734375 0.0556640625
0 0.51708984375 0.0517578125 0.0595703125 0.05859375
0 0.37109375 0.1142578125 0.02734375 0.029296875
0 0.1240234375 0.65771484375 0.025390625 0.0224609375
0 0.2607421875 0.43505859375 0.01953125 0.0166015625
0 0.47705078125 0.82470703125 0.0595703125 0.0537109375
0 0.462890625 0.22998046875 0.05078125 0.0146484375
0 0.2431640625 0.53125 0.013671875 0.01171875
0 0.349609375 0.6279296875 0.17578125 0.09765625
0 0.16650390625 0.0869140625 0.0771484375 0.076171875
0 0.0517578125 0.9111328125 0.091796875 0.046875
0 0.93603515625 0.83984375 0.0400390625 0.029296875
0 0.38037109375 0.19384765625 0.0400390625 0.0400390625
0 0.15771484375 0.85595703125 0.0458984375 0.0498046875
0 0.10888671875 0.353515625 0.0439453125 0.056640625
0 0.904296875 0.59423828125 0.06640625 0.2060546875
0 0.27685546875 0.10595703125 0.0986328125 0.1005859375
0 0.9599609375 0.6279296875 0.03515625 0.046875
0 0.45654296875 0.28955078125 0.0283203125 0.0341796875
0 0.4873046875 0.97265625 0.021484375 0.021484375
0 0.11328125 0.61962890625 0.0390625 0.0419921875
0 0.9052734375 0.79931640625 0.037109375 0.0283203125
0 0.056640625 0.61572265625 0.060546875 0.0634765625
0 0.2490234375 0.0283203125 0.083984375 0.03515625
0 0.0908203125 0.23193359375 0.0234375 0.0166015625
0 0.951171875 0.7734375 0.033203125 0.033203125