0 0.1552734375 0.70703125 0.15625 0.177734375
0 0.45947265625 0.2587890625 0.1240234375 0.064453125
0 0.57177734375 0.7685546875 0.6259765625 0.232421875
0 0.55859375 0.55322265625 0.3515625 0.0693359375
0 0.72314453125 0.1806640625 0.0615234375 0.064453125
0 0.48291015625 0.0771484375 0.1611328125 0.140625
0 0.80517578125 0.2724609375 0.0693359375 0.080078125
0 0.3447265625 0.41943359375 0.400390625 0.1240234375
0 0.95849609375 0.69873046875 0.0771484375 0.2451171875
0 0.65234375 0.45166015625 0.0546875 0.0537109375
0 0.939453125 0.27392578125 0.087890625 0.3779296875
0 0.5107421875 0.326171875 0.0390625 0.033203125
0 0.77880859375 0.05859375 0.0791015625 0.080078125
0 0.3330078125 0.93701171875 0.021484375 0.0146484375
0 0.46826171875 0.955078125 0.0576171875 0.056640625
0 0.138671875 0.30029296875 0.037109375 0.0322265625
0 0.12548828125 0.103515625 0.0380859375 0.041015625
0 0.931640625 0.89453125 0.037109375 0.037109375
0 0.0810546875 0.05517578125 0.029296875 0.0380859375
0 0.3642578125 0.3310546875 0.0390625 0.05078125
0 0.14208984375 0.87255859375 0.1494140625 0.1298828125
0 0.1875 0.1455078125 0.07421875 0.23046875
0 0.66015625 0.20068359375 0.044921875 0.0439453125
0 0.64208984375 0.92138671875 0.0634765625 0.0224609375
0 0.8525390625 0.50830078125 0.080078125 0.1845703125
0 0.5673828125 0.60791015625 0.08203125 0.0341796875
0 0.60546875 0.015625 0.01953125 0.0234375
0 0.78466796875 0.39501953125 0.0283203125 0.0302734375
0 0.34619140625 0.96875 0.0361328125 0.02734375
0 0.7099609375 0.916015625 0.06640625 0.060546875
0 0.326171875 0.14453125 0.01953125 0.017578125
0 0.64990234375 0.97998046875 0.0361328125 0.0361328125
0 0.88232421875 0.953125 0.1376953125 0.07421875
0 0.041015625 0.5322265625 0.064453125 0.185546875
0 0.2314453125 0.2890625 0.029296875 0.03125
0 0.046875 0.373046875 0.025390625 0.03125
0 0.33447265625 0.5087890625 0.0322265625 0.03515625
0 0.3359375 0.0546875 0.107421875 0.109375
0 0.07861328125 0.30859375 0.0498046875 0.052734375
0 0.25390625 0.0859375 0.044921875 0.044921875
0 0.36669921875 0.244140625 0.0537109375 0.1171875
0 0.65771484375 0.31982421875 0.1005859375 0.1025390625
0 0.18310546875 0.55908203125 0.0673828125 0.0673828125
0 0.78662109375 0.3505859375 0.1494140625 0.05078125
0 0.92236328125 0.5458984375 0.0576171875 0.017578125
0 0.67626953125 0.06005859375 0.0380859375 0.0283203125
0 0.08251953125 0.23486328125 0.0283203125 0.0341796875