0 0.69775390625 0.69775390625 0.0302734375 0.0322265625
0 0.73046875 0.30322265625 0.11328125 0.0380859375
0 0.173828125 0.1552734375 0.03515625 0.03515625
0 0.3203125 0.6806640625 0.220703125 0.220703125
0 0.18115234375 0.34912109375 0.0224609375 0.0244140625
0 0.5966796875 0.33447265625 0.037109375 0.0849609375
0 0.2724609375 0.16064453125 0.03125 0.0263671875
0 0.57177734375 0.46533203125 0.2470703125 0.1337890625
0 0.90234375 0.619140625 0.037109375 0.037109375
0 0.6201171875 0.67138671875 0.06640625 0.0673828125
0 0.5390625 0.841796875 0.080078125 0.091796875
0 0.9765625 0.63671875 0.03125 0.0390625
0 0.78076171875 0.0869140625 0.0498046875 0.05078125
0 0.79345703125 0.69873046875 0.1337890625 0.4013671875
0 0.90087890625 0.47412109375 0.0712890625 0.1708984375
0 0.02294921875 0.1806640625 0.0419921875 0.03125
0 0.26904296875 0.86572265625 0.0302734375 0.0302734375
0 0.19140625 0.50341796875 0.2890625 0.1123046875
0 0.69775390625 0.185546875 0.2900390625 0.08984375
0 0.4052734375 0.263671875 0.228515625 0.228515625
0 0.23193359375 0.4111328125 0.0830078125 0.033203125
0 0.4130859375 0.41552734375 0.060546875 0.0595703125
0 0.62255859375 0.93701171875 0.0341796875 0.0361328125
0 0.9404296875 0.85205078125 0.083984375 0.2607421875
0 0.87939453125 0.095703125 0.0732421875 0.072265625
0 0.169921875 0.10205078125 0.03515625 0.0380859375
0 0.0859375 0.6650390625 0.1484375 0.169921875
0 0.9072265625 0.66357421875 0.07421875 0.0380859375
0 0.482421875 0.08056640625 0.34375 0.0673828125
0 0.1044921875 0.2158203125 0.072265625 0.19921875
0 0.7861328125 0.4853515625 0.060546875 0.017578125
0 0.8310546875 0.2919921875 0.0703125 0.0703125
0 0.1591796875 0.318359375 0.02734375 0.01953125
0 0.12451171875 0.86767578125 0.0615234375 0.0810546875
0 0.060546875 0.05615234375 0.0234375 0.0185546875
0 0.65771484375 0.58349609375 0.0361328125 0.0302734375
0 0.41259765625 0.8330078125 0.0283203125 0.033203125
0 0.55908203125 0.60302734375 0.0263671875 0.0341796875
0 0.69091796875 0.78857421875 0.0693359375 0.0712890625
0 0.36474609375 0.927734375 0.1259765625 0.044921875
0 0.0244140625 0.96142578125 0.037109375 0.0458984375
0 0.4853515625 0.673828125 0.091796875 0.080078125
0 0.04296875 0.9140625 0.025390625 0.0234375
0 0.244140625 0.34619140625 0.046875 0.0458984375
0 0.4912109375 0.91845703125 0.0390625 0.0419921875
0 0.5859375 0.75 0.0625 0.056640625
0 0.81689453125 0.3740234375 0.0576171875 0.060546875