0 0.65380859375 0.37109375 0.2607421875 0.05078125
0 0.765625 0.76171875 0.060546875 0.0546875
0 0.5263671875 0.884765625 0.103515625 0.04296875
0 0.40771484375 0.56982421875 0.0908203125 0.2822265625
0 0.228515625 0.96484375 0.025390625 0.0234375
0 0.384765625 0.77099609375 0.134765625 0.1181640625
0 0.3056640625 0.15185546875 0.44921875 0.2646484375
0 0.677734375 0.05322265625 0.021484375 0.0166015625
0 0.2216796875 0.74169921875 0.146484375 0.1279296875
0 0.76513671875 0.2939453125 0.1806640625 0.09765625
0 0.63525390625 0.55908203125 0.0380859375 0.0830078125
0 0.94580078125 0.57373046875 0.0947265625 0.4072265625
0 0.154296875 0.89404296875 0.17578125 0.0556640625
0 0.3193359375 0.8935546875 0.083984375 0.025390625
0 0.84814453125 0.88134765625 0.0595703125 0.0634765625
0 0.68310546875 0.5400390625 0.0537109375 0.0703125
0 0.66650390625 0.22314453125 0.0361328125 0.0361328125
0 0.81640625 0.15380859375 0.072265625 0.0263671875
0 0.6884765625 0.77685546875 0.015625 0.0185546875
0 0.13720703125 0.45849609375 0.0595703125 0.0615234375
0 0.65673828125 0.45556640625 0.0537109375 0.0654296875
0 0.7578125 0.17578125 0.04296875 0.04296875
0 0.54931640625 0.54150390625 0.0224609375 0.0224609375
0 0.7373046875 0.4169921875 0.025390625 0.02734375
0 0.546875 0.958984375 0.02734375 0.029296875
0 0.8076171875 0.068359375 0.041015625 0.03515625
0 0.77001953125 0.52880859375 0.0673828125 0.1630859375
0 0.50439453125 0.80810546875 0.0380859375 0.0380859375
0 0.099609375 0.3564453125 0.123046875 0.140625
0 0.92822265625 0.96875 0.0380859375 0.0390625
0 0.1767578125 0.6025390625 0.091796875 0.10546875
0 0.60791015625 0.79443359375 0.1181640625 0.0615234375
0 0.28173828125 0.4521484375 0.1337890625 0.13671875
0 0.65185546875 0.17919921875 0.0458984375 0.0341796875
0 0.61572265625 0.1083984375 0.0888671875 0.087890625
0 0.39453125 0.40625 0.0234375 0.029296875
0 0.2470703125 0.35595703125 0.041015625 0.0537109375
0 0.9482421875 0.23974609375 0.05859375 0.0634765625
0 0.58447265625 0.68310546875 0.1181640625 0.1201171875
0 0.3359375 0.6435546875 0.029296875 0.025390625
0 0.7275390625 0.94091796875 0.029296875 0.0205078125
0 0.85546875 0.53955078125 0.037109375 0.1064453125
0 0.224609375 0.830078125 0.03515625 0.037109375
0 0.3388671875 0.31103515625 0.046875 0.0458984375
0 0.38134765625 0.93994140625 0.0400390625 0.0400390625