0 0.80810546875 0.841796875 0.0751953125 0.1796875
0 0.05322265625 0.2841796875 0.0537109375 0.052734375
0 0.5048828125 0.341796875 0.107421875 0.109375
0 0.87060546875 0.076171875 0.0595703125 0.0625
0 0.55859375 0.7900390625 0.04296875 0.04296875
0 0.71875 0.39501953125 0.2265625 0.1220703125
0 0.07568359375 0.41015625 0.0791015625 0.080078125
0 0.884765625 0.89013671875 0.03125 0.0380859375
0 0.72314453125 0.298828125 0.0205078125 0.021484375
0 0.24560546875 0.6298828125 0.1357421875 0.486328125
0 0.310546875 0.232421875 0.033203125 0.03515625
0 0.40234375 0.06787109375 0.015625 0.0107421875
0 0.3271484375 0.5205078125 0.021484375 0.021484375
0 0.6650390625 0.11572265625 0.041015625 0.0537109375
0 0.94384765625 0.4208984375 0.0146484375 0.013671875
0 0.2236328125 0.08349609375 0.138671875 0.1220703125
0 0.5478515625 0.87158203125 0.103515625 0.0908203125
0 0.61962890625 0.60107421875 0.3857421875 0.2275390625
0 0.6787109375 0.83251953125 0.072265625 0.1572265625
0 0.4970703125 0.72314453125 0.01171875 0.0146484375
0 0.93017578125 0.64208984375 0.0947265625 0.3251953125
0 0.43017578125 0.89208984375 0.0341796875 0.0263671875
0 0.4736328125 0.43115234375 0.0625 0.0185546875
0 0.97705078125 0.44140625 0.0361328125 0.03515625
0 0.14404296875 0.2119140625 0.0751953125 0.068359375
0 0.427734375 0.12548828125 0.109375 0.0556640625
0 0.37841796875 0.44189453125 0.0791015625 0.2294921875
0 0.537109375 0.09716796875 0.06640625 0.0654296875
0 0.36962890625 0.76025390625 0.0830078125 0.0947265625
0 0.3623046875 0.0283203125 0.017578125 0.017578125
0 0.62646484375 0.18701171875 0.0732421875 0.0732421875
0 0.75537109375 0.94677734375 0.0244140625 0.0205078125
0 0.12890625 0.65234375 0.0546875 0.041015625
0 0.619140625 0.7880859375 0.044921875 0.046875
0 0.1494140625 0.5478515625 0.0390625 0.04296875
0 0.79296875 0.14111328125 0.083984375 0.2607421875
0 0.0615234375 0.7392578125 0.03125 0.0390625
0 0.28564453125 0.92041015625 0.2060546875 0.0439453125
0 0.92333984375 0.2265625 0.1357421875 0.138671875
0 0.171875 0.322265625 0.166015625 0.056640625
0 0.337890625 0.30322265625 0.0859375 0.0341796875
0 0.56640625 0.0185546875 0.09375 0.033203125
0 0.08837890625 0.87548828125 0.1396484375 0.1591796875
0 0.79345703125 0.9619140625 0.0224609375 0.0234375
0 0.40673828125 0.666015625 0.0205078125 0.017578125
0 0.8662109375 0.361328125 0.03515625 0.046875