0 0.65771484375 0.47509765625 0.0419921875 0.0419921875
0 0.34326171875 0.5869140625 0.0263671875 0.03125
0 0.11181640625 0.4140625 0.1396484375 0.654296875
0 0.548828125 0.333984375 0.056640625 0.0234375
0 0.31103515625 0.2080078125 0.1337890625 0.39453125
0 0.802734375 0.275390625 0.076171875 0.228515625
0 0.64306640625 0.11083984375 0.0556640625 0.0166015625
0 0.326171875 0.9521484375 0.037109375 0.037109375
0 0.640625 0.16357421875 0.236328125 0.0732421875
0 0.27880859375 0.6435546875 0.0322265625 0.025390625
0 0.67431640625 0.7373046875 0.5654296875 0.333984375
0 0.1630859375 0.97021484375 0.05859375 0.0576171875
0 0.96142578125 0.51513671875 0.0419921875 0.0439453125
0 0.65087890625 0.32421875 0.1435546875 0.1640625
0 0.37255859375 0.48876953125 0.0341796875 0.0361328125
0 0.84716796875 0.4697265625 0.0595703125 0.05859375
0 0.05859375 0.8828125 0.048828125 0.05078125
0 0.24755859375 0.470703125 0.0244140625 0.017578125
0 0.5029296875 0.533203125 0.0390625 0.041015625
0 0.44921875 0.1298828125 0.08203125 0.07421875
0 0.75146484375 0.080078125 0.1162109375 0.0625
0 0.29443359375 0.8330078125 0.0830078125 0.1796875
0 0.43505859375 0.2890625 0.0869140625 0.240234375
0 0.904296875 0.21728515625 0.103515625 0.0908203125
0 0.20751953125 0.888671875 0.0185546875 0.0234375
0 0.2734375 0.5380859375 0.046875 0.0625
0 0.1650390625 0.85888671875 0.05859375 0.1357421875
0 0.88916015625 0.36669921875 0.0478515625 0.0517578125
0 0.53076171875 0.0458984375 0.0458984375 0.044921875
0 0.54248046875 0.51123046875 0.0283203125 0.0341796875
0 0.49462890625 0.4013671875 0.0263671875 0.03515625
0 0.77587890625 0.96484375 0.0556640625 0.041015625
0 0.53173828125 0.37255859375 0.0341796875 0.0361328125
0 0.0146484375 0.375 0.01953125 0.01953125
0 0.744140625 0.47021484375 0.09765625 0.0986328125
0 0.234375 0.65869140625 0.03125 0.0263671875
0 0.06103515625 0.7998046875 0.1181640625 0.103515625
0 0.43408203125 0.43310546875 0.0263671875 0.0224609375
0 0.5673828125 0.2900390625 0.021484375 0.01953125
0 0.9248046875 0.474609375 0.08984375 0.033203125
0 0.2080078125 0.2568359375 0.033203125 0.033203125
0 0.9443359375 0.05126953125 0.064453125 0.0654296875
0 0.92041015625 0.11181640625 0.0810546875 0.0419921875
0 0.634765625 0.95361328125 0.181640625 0.0576171875