0 0.0771484375 0.4287109375 0.01953125 0.021484375
0 0.591796875 0.2255859375 0.685546875 0.36328125
0 0.181640625 0.95703125 0.021484375 0.021484375
0 0.0634765625 0.5283203125 0.03515625 0.044921875
0 0.4716796875 0.74267578125 0.46875 0.1455078125
0 0.16162109375 0.42333984375 0.0380859375 0.0380859375
0 0.04541015625 0.85205078125 0.0693359375 0.0283203125
0 0.35546875 0.966796875 0.04296875 0.03125
0 0.837890625 0.90185546875 0.0625 0.0185546875
0 0.84716796875 0.9521484375 0.0693359375 0.07421875
0 0.53271484375 0.56298828125 0.1220703125 0.1064453125
0 0.4462890625 0.9228515625 0.05078125 0.052734375
0 0.2626953125 0.56591796875 0.18359375 0.0986328125
0 0.91162109375 0.59423828125 0.1708984375 0.1708984375
0 0.296875 0.45556640625 0.048828125 0.0595703125
0 0.109375 0.8017578125 0.044921875 0.044921875
0 0.83935546875 0.8056640625 0.1376953125 0.15625
0 0.17822265625 0.24560546875 0.0869140625 0.2548828125
0 0.7109375 0.419921875 0.01953125 0.015625
0 0.15673828125 0.689453125 0.0302734375 0.021484375
0 0.41357421875 0.49755859375 0.0244140625 0.0244140625
0 0.76904296875 0.56884765625 0.0517578125 0.0537109375
0 0.07568359375 0.6103515625 0.0908203125 0.08984375
0 0.8203125 0.4609375 0.02734375 0.029296875
0 0.0849609375 0.3037109375 0.07421875 0.169921875
0 0.27099609375 0.8818359375 0.0498046875 0.044921875
0 0.63671875 0.92431640625 0.130859375 0.1494140625
0 0.51171875 0.86328125 0.076171875 0.078125
0 0.16796875 0.74560546875 0.037109375 0.0400390625
0 0.58203125 0.4453125 0.03125 0.0390625
0 0.154296875 0.8935546875 0.017578125 0.015625
0 0.24658203125 0.923828125 0.0341796875 0.029296875
0 0.05908203125 0.1455078125 0.0517578125 0.05078125
0 0.63525390625 0.56201171875 0.0263671875 0.0224609375
0 0.2587890625 0.8427734375 0.0625 0.0234375
0 0.6533203125 0.4482421875 0.056640625 0.07421875
0 0.71044921875 0.62353515625 0.2060546875 0.0439453125
0 0.1962890625 0.0517578125 0.09375 0.095703125
0 0.2158203125 0.744140625 0.029296875 0.029296875
0 0.93408203125 0.69970703125 0.0244140625 0.0302734375
0 0.07861328125 0.93701171875 0.0888671875 0.0908203125
0 0.419921875 0.8564453125 0.0859375 0.044921875
0 0.49072265625 0.455078125 0.0869140625 0.076171875
0 0.95947265625 0.9169921875 0.0634765625 0.146484375