0 0.38916015625 0.62646484375 0.4208984375 0.2490234375
0 0.8271484375 0.52099609375 0.099609375 0.4658203125
0 0.21337890625 0.90966796875 0.0419921875 0.0361328125
0 0.1142578125 0.6689453125 0.08203125 0.033203125
0 0.16015625 0.3974609375 0.060546875 0.060546875
0 0.44970703125 0.8740234375 0.0517578125 0.05078125
0 0.89013671875 0.04150390625 0.0439453125 0.0458984375
0 0.7626953125 0.921875 0.02734375 0.0234375
0 0.69482421875 0.40185546875 0.1201171875 0.3818359375
0 0.91455078125 0.93408203125 0.1083984375 0.1103515625
0 0.6044921875 0.099609375 0.197265625 0.109375
0 0.16552734375 0.19482421875 0.1787109375 0.1787109375
0 0.55615234375 0.19189453125 0.0263671875 0.0322265625
0 0.12109375 0.49951171875 0.046875 0.0478515625
0 0.9697265625 0.13671875 0.03515625 0.037109375
0 0.06591796875 0.892578125 0.0830078125 0.08203125
0 0.44140625 0.435546875 0.134765625 0.1171875
0 0.052734375 0.57861328125 0.091796875 0.1044921875
0 0.8759765625 0.12158203125 0.046875 0.0498046875
0 0.20068359375 0.05517578125 0.0380859375 0.0380859375
0 0.95458984375 0.44921875 0.0771484375 0.17578125
0 0.63232421875 0.8564453125 0.0302734375 0.021484375
0 0.466796875 0.22412109375 0.048828125 0.0478515625
0 0.27978515625 0.37451171875 0.1435546875 0.1259765625
0 0.4453125 0.08349609375 0.037109375 0.0283203125
0 0.779296875 0.96435546875 0.134765625 0.0458984375
0 0.64501953125 0.6552734375 0.0283203125 0.029296875
0 0.724609375 0.84228515625 0.10546875 0.1201171875
0 0.58544921875 0.3427734375 0.0615234375 0.06640625
0 0.66357421875 0.96240234375 0.0185546875 0.0185546875
0 0.6806640625 0.67578125 0.025390625 0.033203125
0 0.3388671875 0.0791015625 0.076171875 0.0390625
0 0.81640625 0.130859375 0.0546875 0.158203125
0 0.8916015625 0.3798828125 0.025390625 0.0234375
0 0.0380859375 0.0439453125 0.041015625 0.04296875
0 0.93212890625 0.755859375 0.0693359375 0.16015625
0 0.0986328125 0.7734375 0.080078125 0.072265625
0 0.22802734375 0.82373046875 0.0576171875 0.0751953125
0 0.36376953125 0.03173828125 0.0439453125 0.0439453125
0 0.2587890625 0.94775390625 0.037109375 0.0458984375
0 0.48291015625 0.8173828125 0.1943359375 0.041015625
0 0.91015625 0.25390625 0.087890625 0.025390625
0 0.34716796875 0.94189453125 0.1142578125 0.1162109375
0 0.4921875 0.2900390625 0.087890625 0.03125
0 0.82373046875 0.24755859375 0.0283203125 0.0341796875
0 0.58203125 0.46923828125 0.060546875 0.0458984375