0 0.94287109375 0.1279296875 0.0986328125 0.03515625
0 0.3095703125 0.9140625 0.087890625 0.076171875
0 0.39453125 0.46044921875 0.03125 0.0224609375
0 0.1005859375 0.359375 0.1015625 0.029296875
0 0.14111328125 0.94384765625 0.0478515625 0.0498046875
0 0.54443359375 0.24462890625 0.6943359375 0.3603515625
0 0.49951171875 0.48193359375 0.0224609375 0.0224609375
0 0.6455078125 0.7177734375 0.02734375 0.02734375
0 0.267578125 0.5341796875 0.216796875 0.216796875
0 0.7177734375 0.83154296875 0.419921875 0.1552734375
0 0.451171875 0.64453125 0.03125 0.033203125
0 0.7412109375 0.578125 0.06640625 0.16015625
0 0.3095703125 0.7548828125 0.390625 0.12109375
0 0.837890625 0.0322265625 0.12109375 0.048828125
0 0.0927734375 0.07763671875 0.103515625 0.0908203125
0 0.5654296875 0.03564453125 0.03515625 0.0458984375
0 0.591796875 0.62744140625 0.22265625 0.1201171875
0 0.1015625 0.2451171875 0.15625 0.177734375
0 0.05419921875 0.40283203125 0.0380859375 0.0498046875
0 0.02294921875 0.6201171875 0.0458984375 0.044921875
0 0.939453125 0.32861328125 0.064453125 0.0478515625
0 0.09326171875 0.490234375 0.0986328125 0.11328125
0 0.9033203125 0.6455078125 0.04296875 0.0390625
0 0.2119140625 0.05322265625 0.017578125 0.0126953125
0 0.43994140625 0.9423828125 0.0615234375 0.07421875
0 0.8642578125 0.52001953125 0.083984375 0.0849609375
0 0.0751953125 0.84765625 0.060546875 0.17578125
0 0.45166015625 0.455078125 0.0498046875 0.05078125
0 0.435546875 0.568359375 0.044921875 0.044921875
0 0.515625 0.525390625 0.0546875 0.0546875
0 0.31787109375 0.02099609375 0.0322265625 0.0322265625
0 0.08203125 0.6298828125 0.04296875 0.09765625
0 0.6953125 0.95458984375 0.1171875 0.0400390625
0 0.958984375 0.966796875 0.048828125 0.05078125
0 0.79541015625 0.67138671875 0.0185546875 0.0166015625
0 0.60205078125 0.55078125 0.0244140625 0.029296875
0 0.208984375 0.8544921875 0.078125 0.076171875
0 0.96826171875 0.48974609375 0.0517578125 0.0556640625
0 0.2431640625 0.93701171875 0.01953125 0.0205078125
0 0.5361328125 0.44873046875 0.037109375 0.0322265625
0 0.212890625 0.96337890625 0.037109375 0.0400390625
0 0.37841796875 0.6728515625 0.0341796875 0.029296875
0 0.94482421875 0.6650390625 0.0205078125 0.025390625
0 0.52099609375 0.9384765625 0.0654296875 0.033203125