0 0.52685546875 0.33544921875 0.2900390625 0.2900390625
0 0.48046875 0.1162109375 0.291015625 0.056640625
0 0.84033203125 0.05859375 0.2041015625 0.11328125
0 0.123046875 0.5185546875 0.041015625 0.041015625
0 0.1220703125 0.03271484375 0.015625 0.0185546875
0 0.64599609375 0.84423828125 0.5615234375 0.2080078125
0 0.29296875 0.67724609375 0.0390625 0.0419921875
0 0.10693359375 0.3564453125 0.1181640625 0.103515625
0 0.27685546875 0.79931640625 0.0283203125 0.0361328125
0 0.1376953125 0.74560546875 0.044921875 0.0478515625
0 0.91845703125 0.61279296875 0.0419921875 0.0419921875
0 0.24658203125 0.6416015625 0.0439453125 0.044921875
0 0.36865234375 0.96240234375 0.0791015625 0.0244140625
0 0.84033203125 0.29443359375 0.0322265625 0.0341796875
0 0.642578125 0.49755859375 0.0234375 0.0166015625
0 0.31787109375 0.287109375 0.0869140625 0.076171875
0 0.6533203125 0.98095703125 0.02734375 0.0361328125
0 0.38232421875 0.98779296875 0.0615234375 0.0224609375
0 0.37353515625 0.53662109375 0.0810546875 0.0830078125
0 0.763671875 0.46533203125 0.099609375 0.2939453125
0 0.939453125 0.35107421875 0.10546875 0.3154296875
0 0.01953125 0.9013671875 0.02734375 0.025390625
0 0.65576171875 0.08056640625 0.0517578125 0.0537109375
0 0.22119140625 0.90234375 0.1259765625 0.14453125
0 0.6943359375 0.26513671875 0.041015625 0.0537109375
0 0.04443359375 0.6044921875 0.0673828125 0.1953125
0 0.46240234375 0.70458984375 0.0517578125 0.0517578125
0 0.21533203125 0.27099609375 0.0849609375 0.1845703125
0 0.287109375 0.1708984375 0.0234375 0.017578125
0 0.73193359375 0.6572265625 0.0615234375 0.060546875
0 0.5048828125 0.5751953125 0.095703125 0.109375
0 0.212890625 0.482421875 0.07421875 0.076171875
0 0.2236328125 0.10546875 0.19140625 0.060546875
0 0.30126953125 0.52099609375 0.0263671875 0.0263671875
0 0.56591796875 0.69482421875 0.0791015625 0.0712890625
0 0.6328125 0.5908203125 0.087890625 0.03515625
0 0.8515625 0.36279296875 0.04296875 0.0517578125
0 0.52294921875 0.5029296875 0.0361328125 0.03125
0 0.31005859375 0.5673828125 0.0419921875 0.044921875
0 0.220703125 0.70263671875 0.033203125 0.0283203125
0 0.34375 0.0673828125 0.03515625 0.025390625
0 0.06591796875 0.03662109375 0.0791015625 0.0400390625
0 0.09619140625 0.900390625 0.0615234375 0.060546875
0 0.845703125 0.17333984375 0.048828125 0.0478515625