0 0.4423828125 0.2236328125 0.240234375 0.240234375
0 0.26416015625 0.40478515625 0.1240234375 0.1083984375
0 0.20947265625 0.24267578125 0.0537109375 0.0400390625
0 0.14599609375 0.17724609375 0.2490234375 0.0771484375
0 0.6552734375 0.76708984375 0.119140625 0.1220703125
0 0.45556640625 0.3798828125 0.2314453125 0.044921875
0 0.73095703125 0.2255859375 0.3271484375 0.126953125
0 0.853515625 0.455078125 0.033203125 0.03515625
0 0.6904296875 0.55029296875 0.037109375 0.0380859375
0 0.85888671875 0.74609375 0.1943359375 0.06640625
0 0.32177734375 0.904296875 0.0751953125 0.07421875
0 0.873046875 0.904296875 0.03515625 0.029296875
0 0.0283203125 0.95654296875 0.01953125 0.0244140625
0 0.91650390625 0.79736328125 0.0205078125 0.0185546875
0 0.11572265625 0.8388671875 0.0341796875 0.044921875
0 0.62109375 0.01171875 0.0234375 0.0234375
0 0.216796875 0.86328125 0.08203125 0.25390625
0 0.0966796875 0.33740234375 0.14453125 0.0751953125
0 0.33642578125 0.55712890625 0.0361328125 0.0283203125
0 0.4677734375 0.74853515625 0.09765625 0.2919921875
0 0.94677734375 0.3994140625 0.0205078125 0.025390625
0 0.37451171875 0.8369140625 0.0341796875 0.037109375
0 0.681640625 0.9072265625 0.095703125 0.109375
0 0.60546875 0.43115234375 0.115234375 0.0458984375
0 0.056640625 0.6748046875 0.08203125 0.3828125
0 0.54931640625 0.6015625 0.0517578125 0.05078125
0 0.40771484375 0.4970703125 0.0478515625 0.140625
0 0.49951171875 0.46337890625 0.0654296875 0.0654296875
0 0.85888671875 0.54541015625 0.0634765625 0.0830078125
0 0.64892578125 0.3291015625 0.1279296875 0.046875
0 0.783203125 0.58349609375 0.0390625 0.0478515625
0 0.35302734375 0.43115234375 0.0224609375 0.0224609375
0 0.96533203125 0.25341796875 0.0654296875 0.1572265625
0 0.9033203125 0.39111328125 0.0546875 0.0576171875
0 0.0185546875 0.40234375 0.037109375 0.0390625
0 0.2568359375 0.287109375 0.041015625 0.04296875
0 0.1455078125 0.52880859375 0.068359375 0.0615234375
0 0.3203125 0.71484375 0.04296875 0.04296875
0 0.68994140625 0.11279296875 0.0751953125 0.0732421875
0 0.931640625 0.06982421875 0.05078125 0.1162109375
0 0.94677734375 0.88330078125 0.0205078125 0.0224609375
0 0.68212890625 0.41748046875 0.0205078125 0.0185546875
0 0.1640625 0.07080078125 0.216796875 0.1201171875
0 0.57666015625 0.92431640625 0.1103515625 0.1123046875
0 0.6337890625 0.03515625 0.072265625 0.021484375
0 0.93310546875 0.6611328125 0.0927734375 0.08203125
0 0.60595703125 0.63427734375 0.0126953125 0.0087890625