0 0.76904296875 0.3916015625 0.3798828125 0.07421875
0 0.509765625 0.751953125 0.052734375 0.126953125
0 0.13037109375 0.5615234375 0.1005859375 0.029296875
0 0.08251953125 0.05615234375 0.0498046875 0.0498046875
0 0.919921875 0.0205078125 0.033203125 0.03515625
0 0.48876953125 0.93701171875 0.0712890625 0.0537109375
0 0.1025390625 0.4541015625 0.060546875 0.021484375
0 0.16943359375 0.85791015625 0.1826171875 0.1591796875
0 0.04296875 0.474609375 0.029296875 0.03125
0 0.1337890625 0.2978515625 0.18359375 0.16015625
0 0.392578125 0.51953125 0.314453125 0.314453125
0 0.322265625 0.33740234375 0.02734375 0.0283203125
0 0.42822265625 0.82666015625 0.0322265625 0.0322265625
0 0.2744140625 0.96826171875 0.033203125 0.0283203125
0 0.60693359375 0.1181640625 0.4189453125 0.216796875
0 0.86083984375 0.6484375 0.0576171875 0.0703125
0 0.74072265625 0.74755859375 0.2763671875 0.0908203125
0 0.78466796875 0.9091796875 0.0888671875 0.087890625
0 0.07568359375 0.65673828125 0.0556640625 0.0498046875
0 0.3193359375 0.80126953125 0.02734375 0.0341796875
0 0.9755859375 0.77392578125 0.021484375 0.0166015625
0 0.77294921875 0.2568359375 0.0400390625 0.041015625
0 0.51123046875 0.30615234375 0.0810546875 0.0322265625
0 0.84228515625 0.46923828125 0.0478515625 0.0634765625
0 0.9443359375 0.15576171875 0.076171875 0.1650390625
0 0.421875 0.72509765625 0.052734375 0.0556640625
0 0.7060546875 0.51513671875 0.13671875 0.0712890625
0 0.69287109375 0.64453125 0.0849609375 0.0859375
0 0.5498046875 0.876953125 0.041015625 0.052734375
0 0.67822265625 0.95849609375 0.1005859375 0.0341796875
0 0.46240234375 0.85107421875 0.0283203125 0.0244140625
0 0.70654296875 0.90283203125 0.0244140625 0.0244140625
0 0.94384765625 0.57421875 0.0771484375 0.224609375
0 0.12890625 0.61669921875 0.03125 0.0302734375
0 0.04931640625 0.86669921875 0.0341796875 0.0361328125
0 0.16845703125 0.0185546875 0.0361328125 0.03515625
0 0.03759765625 0.72265625 0.0166015625 0.015625
0 0.2587890625 0.72998046875 0.083984375 0.0849609375
0 0.8984375 0.85791015625 0.109375 0.1240234375
0 0.4228515625 0.27978515625 0.015625 0.0185546875
0 0.3046875 0.23046875 0.037109375 0.037109375
0 0.36962890625 0.919921875 0.0283203125 0.01953125
0 0.376953125 0.2666015625 0.05078125 0.0546875
0 0.17431640625 0.1220703125 0.1083984375 0.125