0 0.2607421875 0.0654296875 0.033203125 0.033203125
0 0.6728515625 0.1396484375 0.029296875 0.029296875
0 0.29931640625 0.19970703125 0.0810546875 0.0732421875
0 0.5859375 0.15673828125 0.119140625 0.0615234375
0 0.69873046875 0.62548828125 0.0986328125 0.1005859375
0 0.8671875 0.12060546875 0.06640625 0.0654296875
0 0.615234375 0.7470703125 0.025390625 0.021484375
0 0.49658203125 0.94580078125 0.0322265625 0.0322265625
0 0.380859375 0.380859375 0.23828125 0.12890625
0 0.06201171875 0.72314453125 0.1103515625 0.3779296875
0 0.57470703125 0.90869140625 0.0322265625 0.0322265625
0 0.80908203125 0.30615234375 0.1103515625 0.1259765625
0 0.28564453125 0.67041015625 0.0185546875 0.0185546875
0 0.43896484375 0.60791015625 0.0478515625 0.1162109375
0 0.451171875 0.17431640625 0.056640625 0.0556640625
0 0.8583984375 0.8974609375 0.025390625 0.03125
0 0.71337890625 0.3466796875 0.0595703125 0.0625
0 0.15185546875 0.72998046875 0.0224609375 0.0185546875
0 0.14111328125 0.02099609375 0.0263671875 0.0322265625
0 0.9365234375 0.71728515625 0.123046875 0.5283203125
0 0.064453125 0.9423828125 0.033203125 0.03515625
0 0.08251953125 0.404296875 0.0771484375 0.240234375
0 0.65087890625 0.54248046875 0.0458984375 0.0458984375
0 0.626953125 0.103515625 0.0703125 0.025390625
0 0.2431640625 0.595703125 0.228515625 0.048828125
0 0.228515625 0.89453125 0.169921875 0.169921875
0 0.85693359375 0.4462890625 0.0302734375 0.033203125
0 0.6904296875 0.75 0.123046875 0.0390625
0 0.72265625 0.021484375 0.01953125 0.013671875
0 0.3515625 0.0732421875 0.05078125 0.037109375
0 0.55615234375 0.63818359375 0.1142578125 0.1005859375
0 0.177734375 0.443359375 0.099609375 0.1015625
0 0.4482421875 0.10400390625 0.021484375 0.0166015625
0 0.720703125 0.908203125 0.16015625 0.140625
0 0.9677734375 0.40625 0.04296875 0.044921875
0 0.181640625 0.35107421875 0.0546875 0.0712890625
0 0.3876953125 0.833984375 0.109375 0.125
0 0.2392578125 0.29931640625 0.017578125 0.0185546875
0 0.6171875 0.05908203125 0.052734375 0.0556640625
0 0.26025390625 0.50537109375 0.0205078125 0.0263671875
0 0.763671875 0.4560546875 0.126953125 0.05078125
0 0.57080078125 0.80029296875 0.0224609375 0.0205078125
0 0.38037109375 0.54931640625 0.0400390625 0.1181640625
0 0.96484375 0.28076171875 0.046875 0.1064453125
0 0.06689453125 0.1103515625 0.0244140625 0.029296875
0 0.7783203125 0.1669921875 0.08203125 0.025390625