0 0.1982421875 0.669921875 0.03515625 0.03515625
0 0.44091796875 0.6005859375 0.0751953125 0.076171875
0 0.62109375 0.10791015625 0.02734375 0.0244140625
0 0.73583984375 0.75927734375 0.0556640625 0.0556640625
0 0.82763671875 0.83349609375 0.0576171875 0.0419921875
0 0.5419921875 0.08056640625 0.107421875 0.1220703125
0 0.57275390625 0.33984375 0.5263671875 0.1953125
0 0.52392578125 0.77978515625 0.0888671875 0.2138671875
0 0.15185546875 0.2509765625 0.1162109375 0.037109375
0 0.22802734375 0.44970703125 0.0400390625 0.0400390625
0 0.669921875 0.7724609375 0.0546875 0.05859375
0 0.20556640625 0.1962890625 0.1142578125 0.033203125
0 0.5908203125 0.92529296875 0.044921875 0.0380859375
0 0.9453125 0.095703125 0.04296875 0.04296875
0 0.94140625 0.26904296875 0.107421875 0.1220703125
0 0.08447265625 0.35791015625 0.0673828125 0.0615234375
0 0.97607421875 0.86083984375 0.0263671875 0.0283203125
0 0.099609375 0.1533203125 0.02734375 0.033203125
0 0.119140625 0.86083984375 0.177734375 0.1552734375
0 0.302734375 0.7333984375 0.171875 0.171875
0 0.509765625 0.6572265625 0.0234375 0.015625
0 0.70849609375 0.1279296875 0.0556640625 0.0546875
0 0.5966796875 0.53076171875 0.015625 0.0185546875
0 0.91943359375 0.54736328125 0.1318359375 0.4228515625
0 0.44873046875 0.916015625 0.0888671875 0.046875
0 0.23193359375 0.12158203125 0.0966796875 0.0361328125
0 0.642578125 0.482421875 0.359375 0.0703125
0 0.69189453125 0.63232421875 0.0537109375 0.1552734375
0 0.19287109375 0.59326171875 0.2919921875 0.0908203125
0 0.77490234375 0.5595703125 0.0380859375 0.048828125
0 0.44580078125 0.759765625 0.0615234375 0.060546875
0 0.8369140625 0.498046875 0.017578125 0.015625
0 0.78759765625 0.9619140625 0.0654296875 0.0703125
0 0.43701171875 0.1337890625 0.0478515625 0.05078125
0 0.30224609375 0.9296875 0.1337890625 0.13671875
0 0.66162109375 0.86865234375 0.1044921875 0.0419921875
0 0.6630859375 0.099609375 0.017578125 0.021484375
0 0.60009765625 0.70263671875 0.0537109375 0.0556640625
0 0.08935546875 0.95556640625 0.0244140625 0.0185546875
0 0.85302734375 0.09375 0.0478515625 0.109375
0 0.76806640625 0.10205078125 0.0400390625 0.0517578125
0 0.568359375 0.580078125 0.076171875 0.07421875
0 0.41357421875 0.65087890625 0.0205078125 0.0205078125
0 0.7880859375 0.65771484375 0.1015625 0.0888671875
0 0.1591796875 0.51904296875 0.037109375 0.0400390625