0 0.54931640625 0.19091796875 0.0322265625 0.0419921875
0 0.38232421875 0.865234375 0.0791015625 0.251953125
0 0.29296875 0.67626953125 0.0234375 0.0185546875
0 0.5908203125 0.91455078125 0.046875 0.1064453125
0 0.9267578125 0.3427734375 0.146484375 0.501953125
0 0.47607421875 0.390625 0.6630859375 0.24609375
0 0.83251953125 0.76806640625 0.0322265625 0.0224609375
0 0.61083984375 0.5791015625 0.3857421875 0.119140625
0 0.6865234375 0.71435546875 0.03515625 0.0341796875
0 0.11328125 0.52978515625 0.044921875 0.0380859375
0 0.90283203125 0.90625 0.0361328125 0.046875
0 0.7392578125 0.04833984375 0.19921875 0.0419921875
0 0.9140625 0.71533203125 0.0234375 0.0244140625
0 0.27734375 0.1728515625 0.107421875 0.109375
0 0.47998046875 0.755859375 0.0732421875 0.072265625
0 0.08544921875 0.8701171875 0.0537109375 0.15625
0 0.8447265625 0.7119140625 0.021484375 0.01953125
0 0.39306640625 0.58154296875 0.0302734375 0.0322265625
0 0.7548828125 0.095703125 0.1171875 0.048828125
0 0.5048828125 0.07568359375 0.0625 0.1513671875
0 0.82763671875 0.32470703125 0.0322265625 0.0400390625
0 0.17529296875 0.5546875 0.0556640625 0.05859375
0 0.25048828125 0.89111328125 0.1396484375 0.0751953125
0 0.60693359375 0.21875 0.0419921875 0.044921875
0 0.50927734375 0.95458984375 0.0849609375 0.0439453125
0 0.10302734375 0.14892578125 0.0830078125 0.0751953125
0 0.7578125 0.78759765625 0.064453125 0.0478515625
0 0.2265625 0.76708984375 0.16015625 0.1396484375
0 0.4765625 0.8525390625 0.07421875 0.07421875
0 0.7529296875 0.9619140625 0.099609375 0.037109375
0 0.80126953125 0.6630859375 0.0927734375 0.029296875
0 0.57421875 0.78564453125 0.08984375 0.1025390625
0 0.09033203125 0.4130859375 0.0849609375 0.07421875
0 0.71337890625 0.8623046875 0.0498046875 0.05078125
0 0.4072265625 0.2001953125 0.1171875 0.119140625
0 0.2685546875 0.58837890625 0.048828125 0.0595703125
0 0.62548828125 0.69140625 0.0673828125 0.01953125
0 0.404296875 0.07763671875 0.060546875 0.0634765625
0 0.57666015625 0.10546875 0.0673828125 0.06640625
0 0.08447265625 0.31298828125 0.0380859375 0.0380859375
0 0.38427734375 0.69921875 0.0146484375 0.017578125
0 0.060546875 0.0703125 0.01953125 0.01953125
0 0.28955078125 0.0224609375 0.0302734375 0.033203125
0 0.5322265625 0.697265625 0.033203125 0.033203125
0 0.92431640625 0.6142578125 0.0341796875 0.029296875