0 0.26123046875 0.54248046875 0.1103515625 0.3310546875
0 0.90966796875 0.81884765625 0.0322265625 0.0322265625
0 0.4443359375 0.23828125 0.046875 0.046875
0 0.41064453125 0.9873046875 0.0146484375 0.009765625
0 0.78515625 0.55078125 0.03515625 0.037109375
0 0.830078125 0.72705078125 0.060546875 0.1318359375
0 0.912109375 0.53759765625 0.150390625 0.1318359375
0 0.09130859375 0.9091796875 0.0283203125 0.029296875
0 0.60888671875 0.57861328125 0.1435546875 0.6728515625
0 0.0546875 0.19873046875 0.06640625 0.1923828125
0 0.763671875 0.25341796875 0.125 0.3876953125
0 0.326171875 0.8505859375 0.40625 0.150390625
0 0.3076171875 0.32568359375 0.3125 0.0966796875
0 0.07177734375 0.71044921875 0.0673828125 0.0654296875
0 0.052734375 0.4482421875 0.037109375 0.041015625
0 0.92138671875 0.1845703125 0.1162109375 0.046875
0 0.41650390625 0.12890625 0.1806640625 0.099609375
0 0.220703125 0.1103515625 0.134765625 0.154296875
0 0.0712890625 0.8173828125 0.01953125 0.0234375
0 0.60595703125 0.1376953125 0.0537109375 0.0703125
0 0.93115234375 0.35986328125 0.1201171875 0.1220703125
0 0.41259765625 0.6171875 0.1044921875 0.033203125
0 0.91943359375 0.89306640625 0.1416015625 0.0732421875
0 0.13037109375 0.11572265625 0.0400390625 0.0419921875
0 0.720703125 0.671875 0.06640625 0.15234375
0 0.50732421875 0.54638671875 0.0224609375 0.0283203125
0 0.375 0.443359375 0.037109375 0.03125
0 0.443359375 0.57177734375 0.015625 0.0205078125
0 0.08203125 0.84619140625 0.03125 0.0322265625
0 0.86865234375 0.66943359375 0.0126953125 0.0107421875
0 0.7236328125 0.966796875 0.029296875 0.03515625
0 0.11767578125 0.55908203125 0.1103515625 0.1123046875
0 0.25830078125 0.95556640625 0.0419921875 0.0419921875
0 0.126953125 0.44873046875 0.056640625 0.0576171875
0 0.06982421875 0.34326171875 0.0419921875 0.0439453125
0 0.8759765625 0.236328125 0.08203125 0.029296875
0 0.091796875 0.076171875 0.0390625 0.033203125
0 0.93994140625 0.6806640625 0.0419921875 0.041015625
0 0.865234375 0.83837890625 0.03125 0.0244140625
0 0.76708984375 0.47900390625 0.1064453125 0.0322265625
0 0.66162109375 0.0576171875 0.0654296875 0.048828125
0 0.560546875 0.20849609375 0.068359375 0.0615234375
0 0.82080078125 0.03271484375 0.0380859375 0.0380859375
0 0.0185546875 0.3603515625 0.03515625 0.03515625