0 0.580078125 0.20361328125 0.078125 0.1806640625
0 0.60888671875 0.5732421875 0.0849609375 0.03125
0 0.71875 0.49462890625 0.041015625 0.0439453125
0 0.9130859375 0.6279296875 0.025390625 0.03125
0 0.474609375 0.78076171875 0.626953125 0.3779296875
0 0.45654296875 0.15185546875 0.0283203125 0.0244140625
0 0.06005859375 0.63916015625 0.0693359375 0.0791015625
0 0.298828125 0.3447265625 0.064453125 0.19921875
0 0.6611328125 0.15625 0.060546875 0.07421875
0 0.35498046875 0.3388671875 0.0224609375 0.029296875
0 0.9296875 0.69970703125 0.048828125 0.0478515625
0 0.6611328125 0.3779296875 0.048828125 0.048828125
0 0.72412109375 0.06201171875 0.0361328125 0.1064453125
0 0.025390625 0.54736328125 0.0390625 0.0380859375
0 0.81201171875 0.39208984375 0.1064453125 0.1083984375
0 0.91650390625 0.06005859375 0.0380859375 0.0341796875
0 0.84033203125 0.19091796875 0.0283203125 0.0283203125
0 0.50439453125 0.3662109375 0.0537109375 0.05859375
0 0.10107421875 0.34521484375 0.0615234375 0.1962890625
0 0.21240234375 0.32568359375 0.0849609375 0.2900390625
0 0.23828125 0.0927734375 0.16015625 0.16015625
0 0.3857421875 0.47607421875 0.10546875 0.1201171875
0 0.0654296875 0.935546875 0.10546875 0.091796875
0 0.41455078125 0.32470703125 0.0751953125 0.1708984375
0 0.83984375 0.703125 0.072265625 0.037109375
0 0.88671875 0.54736328125 0.087890625 0.0771484375
0 0.06689453125 0.0966796875 0.1298828125 0.1328125
0 0.19873046875 0.53955078125 0.1923828125 0.0654296875
0 0.81396484375 0.53564453125 0.0439453125 0.0458984375
0 0.48291015625 0.2431640625 0.0458984375 0.046875
0 0.4990234375 0.14501953125 0.02734375 0.0244140625
0 0.53125 0.4560546875 0.056640625 0.04296875
0 0.81884765625 0.66015625 0.0263671875 0.02734375
0 0.8095703125 0.10107421875 0.076171875 0.0751953125
0 0.8642578125 0.7890625 0.04296875 0.037109375
0 0.81005859375 0.78857421875 0.0244140625 0.0263671875
0 0.630859375 0.46826171875 0.091796875 0.0283203125
0 0.947265625 0.43115234375 0.05859375 0.0244140625
0 0.15234375 0.603515625 0.013671875 0.009765625
0 0.87255859375 0.486328125 0.0205078125 0.015625
0 0.92626953125 0.0185546875 0.0224609375 0.02734375
0 0.94482421875 0.80078125 0.0341796875 0.03515625
0 0.79931640625 0.263671875 0.0458984375 0.060546875
0 0.61083984375 0.01220703125 0.0185546875 0.0185546875
0 0.6298828125 0.095703125 0.021484375 0.021484375