0 0.51318359375 0.380859375 0.9619140625 0.373046875
0 0.37158203125 0.0986328125 0.0693359375 0.158203125
0 0.79443359375 0.11083984375 0.2529296875 0.0537109375
0 0.90576171875 0.8994140625 0.0322265625 0.03515625
0 0.546875 0.7568359375 0.09375 0.302734375
0 0.47412109375 0.11376953125 0.0439453125 0.0478515625
0 0.3369140625 0.796875 0.029296875 0.029296875
0 0.88427734375 0.64404296875 0.1142578125 0.1162109375
0 0.19384765625 0.61962890625 0.0830078125 0.0849609375
0 0.0751953125 0.77001953125 0.125 0.3876953125
0 0.7919921875 0.72412109375 0.04296875 0.0517578125
0 0.40869140625 0.77978515625 0.1025390625 0.3232421875
0 0.28759765625 0.06884765625 0.0361328125 0.0283203125
0 0.771484375 0.62744140625 0.046875 0.0419921875
0 0.63427734375 0.1044921875 0.0556640625 0.0546875
0 0.6962890625 0.68896484375 0.037109375 0.0283203125
0 0.69775390625 0.03369140625 0.0576171875 0.0615234375
0 0.533203125 0.087890625 0.05078125 0.140625
0 0.1240234375 0.0791015625 0.11328125 0.12890625
0 0.75 0.69140625 0.0390625 0.041015625
0 0.79296875 0.5849609375 0.03515625 0.029296875
0 0.7841796875 0.78759765625 0.10546875 0.0537109375
0 0.7783203125 0.919921875 0.072265625 0.029296875
0 0.2333984375 0.90283203125 0.15625 0.1357421875
0 0.27294921875 0.7568359375 0.0966796875 0.109375
0 0.3154296875 0.10546875 0.0390625 0.0390625
0 0.7158203125 0.7763671875 0.013671875 0.009765625
0 0.93701171875 0.8271484375 0.0810546875 0.08203125
0 0.65771484375 0.791015625 0.0869140625 0.076171875
0 0.232421875 0.14990234375 0.068359375 0.0673828125
0 0.69482421875 0.16015625 0.1220703125 0.0390625
0 0.82275390625 0.04443359375 0.1396484375 0.0751953125
0 0.486328125 0.1787109375 0.072265625 0.021484375
0 0.6298828125 0.72900390625 0.033203125 0.0322265625
0 0.6572265625 0.9013671875 0.060546875 0.080078125
0 0.458984375 0.96875 0.015625 0.01953125
0 0.740234375 0.8701171875 0.060546875 0.060546875
0 0.912109375 0.7412109375 0.046875 0.046875
0 0.369140625 0.955078125 0.01953125 0.025390625
0 0.97509765625 0.07861328125 0.0458984375 0.0478515625
0 0.80078125 0.17626953125 0.078125 0.0283203125
0 0.50244140625 0.97314453125 0.0146484375 0.0126953125
0 0.28466796875 0.03271484375 0.0283203125 0.0341796875
0 0.6103515625 0.97900390625 0.033203125 0.0283203125
0 0.85986328125 0.92138671875 0.0556640625 0.0576171875