0 0.6513671875 0.2431640625 0.0234375 0.03125
0 0.61328125 0.7548828125 0.095703125 0.3046875
0 0.33154296875 0.5185546875 0.0576171875 0.05859375
0 0.2626953125 0.82421875 0.5078125 0.197265625
0 0.3896484375 0.63818359375 0.234375 0.0458984375
0 0.2109375 0.10302734375 0.060546875 0.0654296875
0 0.3056640625 0.2939453125 0.5234375 0.30859375
0 0.66943359375 0.18505859375 0.0361328125 0.0361328125
0 0.7353515625 0.23046875 0.05078125 0.048828125
0 0.5224609375 0.048828125 0.021484375 0.015625
0 0.9130859375 0.8330078125 0.03125 0.033203125
0 0.85888671875 0.7890625 0.1279296875 0.052734375
0 0.5888671875 0.28955078125 0.03125 0.0380859375
0 0.91552734375 0.2197265625 0.0751953125 0.076171875
0 0.17626953125 0.59228515625 0.0263671875 0.0283203125
0 0.88671875 0.38623046875 0.037109375 0.0361328125
0 0.92919921875 0.07421875 0.0517578125 0.0546875
0 0.888671875 0.59765625 0.22265625 0.22265625
0 0.7490234375 0.3193359375 0.12890625 0.11328125
0 0.732421875 0.0908203125 0.033203125 0.033203125
0 0.76416015625 0.90283203125 0.1884765625 0.0595703125
0 0.39697265625 0.58154296875 0.0751953125 0.0380859375
0 0.63818359375 0.45654296875 0.0869140625 0.2802734375
0 0.12255859375 0.61669921875 0.0537109375 0.0654296875
0 0.87451171875 0.97021484375 0.0712890625 0.0263671875
0 0.34423828125 0.0234375 0.0322265625 0.033203125
0 0.21484375 0.505859375 0.15625 0.083984375
0 0.7919921875 0.1103515625 0.064453125 0.083984375
0 0.38134765625 0.9521484375 0.0458984375 0.0390625
0 0.51123046875 0.10400390625 0.0322265625 0.0322265625
0 0.70068359375 0.6416015625 0.0517578125 0.05078125
0 0.623046875 0.94970703125 0.017578125 0.0205078125
0 0.9736328125 0.37255859375 0.02734375 0.0205078125
0 0.38134765625 0.47314453125 0.0322265625 0.0341796875
0 0.19189453125 0.9677734375 0.1005859375 0.03125
0 0.4794921875 0.9560546875 0.021484375 0.01953125
0 0.900390625 0.43017578125 0.06640625 0.0498046875
0 0.43798828125 0.06103515625 0.0927734375 0.0947265625
0 0.611328125 0.11376953125 0.072265625 0.0654296875
0 0.7607421875 0.8369140625 0.046875 0.046875
0 0.88037109375 0.8310546875 0.0244140625 0.021484375
0 0.1220703125 0.08056640625 0.087890625 0.1005859375
0 0.71826171875 0.47265625 0.0712890625 0.162109375