0 0.4560546875 0.412109375 0.01953125 0.021484375
0 0.74853515625 0.30712890625 0.0341796875 0.0341796875
0 0.5625 0.59716796875 0.564453125 0.3330078125
0 0.181640625 0.80029296875 0.0546875 0.0556640625
0 0.6259765625 0.92822265625 0.046875 0.0458984375
0 0.82470703125 0.8486328125 0.0166015625 0.015625
0 0.58935546875 0.1328125 0.0361328125 0.0390625
0 0.306640625 0.060546875 0.07421875 0.07421875
0 0.3623046875 0.16162109375 0.0390625 0.0380859375
0 0.517578125 0.95263671875 0.044921875 0.0439453125
0 0.52783203125 0.22509765625 0.0185546875 0.0224609375
0 0.935546875 0.2373046875 0.04296875 0.037109375
0 0.68505859375 0.02392578125 0.0439453125 0.0458984375
0 0.146484375 0.10546875 0.134765625 0.13671875
0 0.90673828125 0.55615234375 0.0927734375 0.3994140625
0 0.44580078125 0.12109375 0.0205078125 0.015625
0 0.146484375 0.6142578125 0.216796875 0.1171875
0 0.16455078125 0.29248046875 0.1083984375 0.1103515625
0 0.1015625 0.78076171875 0.06640625 0.1826171875
0 0.751953125 0.1025390625 0.03125 0.03125
0 0.2490234375 0.4052734375 0.056640625 0.07421875
0 0.73388671875 0.8642578125 0.1416015625 0.125
0 0.23291015625 0.5087890625 0.0595703125 0.017578125
0 0.67041015625 0.10595703125 0.0458984375 0.0556640625
0 0.3212890625 0.22314453125 0.1328125 0.0693359375
0 0.94140625 0.0400390625 0.041015625 0.04296875
0 0.654296875 0.3544921875 0.080078125 0.072265625
0 0.09521484375 0.44580078125 0.1650390625 0.1650390625
0 0.880859375 0.23046875 0.056640625 0.05859375
0 0.544921875 0.34228515625 0.095703125 0.0302734375
0 0.37353515625 0.97314453125 0.0458984375 0.0341796875
0 0.345703125 0.3505859375 0.109375 0.095703125
0 0.27783203125 0.8798828125 0.0673828125 0.15234375
0 0.06201171875 0.224609375 0.0556640625 0.0234375
0 0.23974609375 0.19189453125 0.0166015625 0.0205078125
0 0.5185546875 0.818359375 0.10546875 0.037109375
0 0.73974609375 0.26513671875 0.0341796875 0.0439453125
0 0.36474609375 0.82568359375 0.0986328125 0.1123046875
0 0.87451171875 0.9501953125 0.0576171875 0.060546875
0 0.544921875 0.041015625 0.041015625 0.041015625
0 0.79736328125 0.31982421875 0.0146484375 0.0107421875
0 0.46484375 0.23779296875 0.060546875 0.1884765625
0 0.064453125 0.900390625 0.01953125 0.017578125