0 0.29541015625 0.05615234375 0.0537109375 0.0576171875
0 0.0625 0.9208984375 0.078125 0.080078125
0 0.962890625 0.72509765625 0.013671875 0.0166015625
0 0.57275390625 0.0732421875 0.0283203125 0.029296875
0 0.19921875 0.033203125 0.03515625 0.037109375
0 0.27099609375 0.7919921875 0.1416015625 0.072265625
0 0.38134765625 0.6279296875 0.1884765625 0.064453125
0 0.5625 0.740234375 0.08984375 0.388671875
0 0.20263671875 0.94580078125 0.0322265625 0.0322265625
0 0.666015625 0.54736328125 0.0625 0.1728515625
0 0.6787109375 0.77294921875 0.064453125 0.0634765625
0 0.916015625 0.59619140625 0.0390625 0.0419921875
0 0.408203125 0.54150390625 0.033203125 0.0244140625
0 0.037109375 0.6630859375 0.0390625 0.0390625
0 0.83447265625 0.787109375 0.0419921875 0.0546875
0 0.8876953125 0.3525390625 0.068359375 0.02734375
0 0.1201171875 0.68603515625 0.01953125 0.0166015625
0 0.4404296875 0.36865234375 0.298828125 0.0927734375
0 0.169921875 0.47802734375 0.033203125 0.0263671875
0 0.802734375 0.3701171875 0.087890625 0.203125
0 0.14404296875 0.31005859375 0.2548828125 0.2548828125
0 0.96875 0.41064453125 0.03125 0.0302734375
0 0.26806640625 0.548828125 0.2138671875 0.044921875
0 0.43701171875 0.8515625 0.1220703125 0.107421875
0 0.79833984375 0.57861328125 0.1708984375 0.1708984375
0 0.6845703125 0.22412109375 0.119140625 0.3505859375
0 0.11279296875 0.47900390625 0.0439453125 0.0576171875
0 0.8974609375 0.9150390625 0.13671875 0.15625
0 0.3681640625 0.115234375 0.060546875 0.060546875
0 0.224609375 0.63671875 0.021484375 0.01953125
0 0.669921875 0.85400390625 0.09765625 0.0849609375
0 0.8837890625 0.68603515625 0.02734375 0.0283203125
0 0.865234375 0.09228515625 0.142578125 0.1455078125
0 0.4150390625 0.98046875 0.0390625 0.033203125
0 0.4384765625 0.279296875 0.0234375 0.0234375
0 0.4951171875 0.17529296875 0.0703125 0.1533203125
0 0.15185546875 0.8408203125 0.0380859375 0.037109375
0 0.1328125 0.62451171875 0.04296875 0.0458984375
0 0.943359375 0.49560546875 0.05078125 0.0615234375
0 0.2548828125 0.6708984375 0.060546875 0.044921875
0 0.17138671875 0.71923828125 0.0380859375 0.0380859375
0 0.03857421875 0.5390625 0.0732421875 0.06640625
0 0.41015625 0.048828125 0.025390625 0.03125
0 0.45166015625 0.08642578125 0.0712890625 0.0205078125
0 0.6904296875 0.71142578125 0.091796875 0.0341796875