0 0.22607421875 0.65380859375 0.0595703125 0.0615234375
0 0.79296875 0.830078125 0.08984375 0.078125
0 0.1005859375 0.2763671875 0.189453125 0.064453125
0 0.9560546875 0.015625 0.03125 0.021484375
0 0.18408203125 0.3359375 0.0458984375 0.033203125
0 0.39892578125 0.58056640625 0.1240234375 0.1083984375
0 0.576171875 0.3134765625 0.51953125 0.306640625
0 0.12060546875 0.49365234375 0.0693359375 0.1494140625
0 0.5615234375 0.7099609375 0.453125 0.1484375
0 0.64990234375 0.82177734375 0.1181640625 0.0615234375
0 0.263671875 0.8916015625 0.0234375 0.029296875
0 0.9384765625 0.380859375 0.0390625 0.033203125
0 0.275390625 0.939453125 0.033203125 0.033203125
0 0.90283203125 0.15869140625 0.0224609375 0.0224609375
0 0.87548828125 0.6015625 0.1416015625 0.14453125
0 0.10498046875 0.79638671875 0.1279296875 0.1455078125
0 0.6142578125 0.53564453125 0.091796875 0.1044921875
0 0.78955078125 0.056640625 0.0302734375 0.029296875
0 0.73876953125 0.916015625 0.0556640625 0.0546875
0 0.1630859375 0.0546875 0.23828125 0.05078125
0 0.88623046875 0.9189453125 0.0361328125 0.046875
0 0.4462890625 0.0419921875 0.123046875 0.05078125
0 0.9638671875 0.20751953125 0.0234375 0.0283203125
0 0.2509765625 0.59375 0.048828125 0.05078125
0 0.21044921875 0.95751953125 0.0244140625 0.0185546875
0 0.62890625 0.0830078125 0.037109375 0.037109375
0 0.04248046875 0.5390625 0.0810546875 0.1953125
0 0.06005859375 0.9072265625 0.0732421875 0.072265625
0 0.82373046875 0.9208984375 0.0791015625 0.080078125
0 0.24462890625 0.40087890625 0.0341796875 0.0458984375
0 0.1279296875 0.14453125 0.03125 0.0390625
0 0.3515625 0.87939453125 0.0625 0.1806640625
0 0.189453125 0.8369140625 0.025390625 0.02734375
0 0.94189453125 0.8447265625 0.0908203125 0.091796875
0 0.314453125 0.6162109375 0.021484375 0.01953125
0 0.203125 0.21923828125 0.05859375 0.0166015625
0 0.5185546875 0.84716796875 0.072265625 0.0263671875
0 0.5693359375 0.94189453125 0.19921875 0.1103515625
0 0.73046875 0.55712890625 0.060546875 0.0654296875
0 0.9306640625 0.4150390625 0.033203125 0.033203125
0 0.34423828125 0.0869140625 0.0712890625 0.064453125
0 0.97119140625 0.72265625 0.0341796875 0.029296875
0 0.29248046875 0.740234375 0.0185546875 0.01953125
0 0.86767578125 0.32666015625 0.0341796875 0.0361328125