0 0.4990234375 0.59619140625 0.021484375 0.0263671875
0 0.939453125 0.78857421875 0.09765625 0.0361328125
0 0.42626953125 0.53515625 0.0478515625 0.041015625
0 0.51708984375 0.80859375 0.3701171875 0.12109375
0 0.9072265625 0.4189453125 0.017578125 0.015625
0 0.07275390625 0.35009765625 0.0947265625 0.0927734375
0 0.2177734375 0.5927734375 0.0859375 0.087890625
0 0.423828125 0.16064453125 0.07421875 0.2197265625
0 0.17919921875 0.3427734375 0.0498046875 0.060546875
0 0.61328125 0.35888671875 0.345703125 0.0732421875
0 0.94677734375 0.05517578125 0.0478515625 0.1103515625
0 0.51611328125 0.1044921875 0.0537109375 0.056640625
0 0.8408203125 0.6767578125 0.171875 0.150390625
0 0.60546875 0.91162109375 0.04296875 0.0556640625
0 0.77197265625 0.94287109375 0.0263671875 0.0205078125
0 0.59228515625 0.0830078125 0.0556640625 0.060546875
0 0.2333984375 0.92333984375 0.03515625 0.0302734375
0 0.05615234375 0.2216796875 0.0283203125 0.03515625
0 0.5673828125 0.52099609375 0.01953125 0.0205078125
0 0.93408203125 0.35693359375 0.0595703125 0.0537109375
0 0.22119140625 0.76513671875 0.1474609375 0.1689453125
0 0.58544921875 0.19384765625 0.1103515625 0.0439453125
0 0.0380859375 0.83984375 0.025390625 0.025390625
0 0.84033203125 0.54443359375 0.1044921875 0.1064453125
0 0.23974609375 0.2060546875 0.1455078125 0.080078125
0 0.359375 0.46875 0.087890625 0.029296875
0 0.9091796875 0.94775390625 0.037109375 0.0361328125
0 0.52880859375 0.25830078125 0.0458984375 0.0478515625
0 0.75439453125 0.23876953125 0.1748046875 0.1533203125
0 0.67333984375 0.13037109375 0.0322265625 0.0419921875
0 0.1640625 0.97265625 0.033203125 0.03515625
0 0.05859375 0.46484375 0.048828125 0.052734375
0 0.88134765625 0.14013671875 0.0419921875 0.0419921875
0 0.09130859375 0.74609375 0.0712890625 0.21484375
0 0.701171875 0.46435546875 0.072265625 0.0537109375
0 0.623046875 0.62158203125 0.080078125 0.2314453125
0 0.70068359375 0.0263671875 0.0927734375 0.02734375
0 0.88232421875 0.0869140625 0.0380859375 0.0390625
0 0.82470703125 0.07177734375 0.0712890625 0.0712890625
0 0.41748046875 0.64453125 0.1279296875 0.146484375
0 0.1875 0.1337890625 0.02734375 0.01953125
0 0.13525390625 0.1767578125 0.0380859375 0.08203125
0 0.0478515625 0.9375 0.08203125 0.04296875
0 0.6875 0.9306640625 0.060546875 0.05859375
0 0.10400390625 0.06494140625 0.0458984375 0.0458984375