0 0.72412109375 0.7587890625 0.0830078125 0.26171875
0 0.37744140625 0.54736328125 0.1728515625 0.1728515625
0 0.47265625 0.748046875 0.017578125 0.021484375
0 0.7177734375 0.4228515625 0.083984375 0.03125
0 0.70458984375 0.248046875 0.0615234375 0.07421875
0 0.19873046875 0.08837890625 0.0244140625 0.0244140625
0 0.9033203125 0.77392578125 0.03515625 0.0380859375
0 0.1904296875 0.54541015625 0.046875 0.0458984375
0 0.0859375 0.400390625 0.08984375 0.421875
0 0.2958984375 0.81103515625 0.12109375 0.1064453125
0 0.578125 0.177734375 0.03125 0.041015625
0 0.1787109375 0.177734375 0.08203125 0.025390625
0 0.345703125 0.1064453125 0.0703125 0.169921875
0 0.2724609375 0.326171875 0.24609375 0.24609375
0 0.83447265625 0.96630859375 0.0439453125 0.0439453125
0 0.83837890625 0.51025390625 0.0888671875 0.1025390625
0 0.896484375 0.89501953125 0.17578125 0.0556640625
0 0.36474609375 0.94677734375 0.0478515625 0.0361328125
0 0.06298828125 0.8515625 0.1142578125 0.130859375
0 0.87646484375 0.234375 0.0126953125 0.01171875
0 0.92529296875 0.5654296875 0.0517578125 0.0546875
0 0.5380859375 0.5302734375 0.125 0.38671875
0 0.455078125 0.23779296875 0.041015625 0.0361328125
0 0.04345703125 0.02197265625 0.0361328125 0.0361328125
0 0.439453125 0.82958984375 0.046875 0.0498046875
0 0.6171875 0.9111328125 0.115234375 0.1171875
0 0.146484375 0.6845703125 0.1796875 0.099609375
0 0.79150390625 0.15234375 0.0791015625 0.23046875
0 0.2763671875 0.154296875 0.0390625 0.03515625
0 0.37109375 0.783203125 0.02734375 0.02734375
0 0.80517578125 0.81884765625 0.0322265625 0.0341796875
0 0.87939453125 0.673828125 0.1416015625 0.14453125
0 0.56689453125 0.25244140625 0.0341796875 0.0458984375
0 0.60400390625 0.0908203125 0.1396484375 0.072265625
0 0.8916015625 0.0869140625 0.0390625 0.08984375
0 0.94140625 0.33642578125 0.0234375 0.0283203125
0 0.18359375 0.82421875 0.0859375 0.07421875
0 0.43798828125 0.7734375 0.0380859375 0.029296875
0 0.76123046875 0.587890625 0.0498046875 0.052734375
0 0.73583984375 0.11279296875 0.0263671875 0.0263671875
0 0.4912109375 0.939453125 0.076171875 0.03125
0 0.9306640625 0.95751953125 0.068359375 0.0673828125
0 0.71728515625 0.36767578125 0.1962890625 0.0380859375
0 0.11962890625 0.94775390625 0.0322265625 0.0341796875
0 0.94921875 0.0625 0.033203125 0.0234375
0 0.0947265625 0.04345703125 0.033203125 0.0283203125
0 0.53955078125 0.19091796875 0.0419921875 0.0419921875