0 0.35888671875 0.06982421875 0.0791015625 0.0810546875
0 0.173828125 0.32666015625 0.111328125 0.0322265625
0 0.66748046875 0.47265625 0.0869140625 0.208984375
0 0.2939453125 0.90234375 0.177734375 0.056640625
0 0.720703125 0.689453125 0.046875 0.13671875
0 0.1171875 0.87548828125 0.046875 0.0400390625
0 0.17138671875 0.14794921875 0.0458984375 0.0458984375
0 0.453125 0.30859375 0.064453125 0.068359375
0 0.35498046875 0.76806640625 0.0458984375 0.0419921875
0 0.71142578125 0.1240234375 0.0693359375 0.03515625
0 0.4130859375 0.20068359375 0.0546875 0.0576171875
0 0.53466796875 0.6904296875 0.1376953125 0.494140625
0 0.77587890625 0.96435546875 0.0517578125 0.0673828125
0 0.27197265625 0.5888671875 0.0224609375 0.0234375
0 0.12158203125 0.83447265625 0.0185546875 0.0166015625
0 0.21484375 0.4638671875 0.037109375 0.037109375
0 0.82373046875 0.19140625 0.0634765625 0.0625
0 0.50390625 0.1376953125 0.033203125 0.033203125
0 0.876953125 0.44775390625 0.12890625 0.0478515625
0 0.349609375 0.54150390625 0.091796875 0.0927734375
0 0.8515625 0.08642578125 0.15234375 0.1337890625
0 0.16455078125 0.845703125 0.0146484375 0.017578125
0 0.73583984375 0.283203125 0.0517578125 0.05078125
0 0.77392578125 0.8134765625 0.0576171875 0.04296875
0 0.21435546875 0.767578125 0.0947265625 0.109375
0 0.76513671875 0.375 0.1044921875 0.091796875
0 0.95068359375 0.52587890625 0.0283203125 0.0361328125
0 0.32568359375 0.6728515625 0.0576171875 0.0625
0 0.08056640625 0.43310546875 0.0263671875 0.0263671875
0 0.90087890625 0.60498046875 0.0380859375 0.0322265625
0 0.8857421875 0.52392578125 0.09375 0.0927734375
0 0.64453125 0.6396484375 0.013671875 0.009765625
0 0.130859375 0.51611328125 0.056640625 0.1787109375
0 0.509765625 0.22705078125 0.0234375 0.0302734375
0 0.4462890625 0.59375 0.02734375 0.021484375
0 0.884765625 0.78515625 0.09375 0.275390625
0 0.1484375 0.6474609375 0.248046875 0.048828125
0 0.8974609375 0.2958984375 0.109375 0.125
0 0.2197265625 0.224609375 0.173828125 0.095703125
0 0.46240234375 0.0283203125 0.0458984375 0.0546875
0 0.646484375 0.23779296875 0.056640625 0.0224609375
0 0.58642578125 0.0859375 0.0732421875 0.158203125
0 0.798828125 0.56103515625 0.064453125 0.0654296875
0 0.56201171875 0.26904296875 0.0380859375 0.0400390625
0 0.177734375 0.97119140625 0.052734375 0.0556640625