0 0.91064453125 0.4423828125 0.0966796875 0.2890625
0 0.60986328125 0.46533203125 0.3876953125 0.9013671875
0 0.30126953125 0.77294921875 0.0595703125 0.1298828125
0 0.232421875 0.27490234375 0.142578125 0.1630859375
0 0.16455078125 0.1064453125 0.1494140625 0.05078125
0 0.94970703125 0.24755859375 0.0615234375 0.0654296875
0 0.13671875 0.8984375 0.052734375 0.0703125
0 0.39794921875 0.69482421875 0.0185546875 0.0224609375
0 0.1826171875 0.64599609375 0.0234375 0.0205078125
0 0.47900390625 0.955078125 0.1044921875 0.04296875
0 0.19384765625 0.49169921875 0.3076171875 0.1005859375
0 0.03759765625 0.36962890625 0.0283203125 0.0283203125
0 0.87109375 0.099609375 0.115234375 0.130859375
0 0.86376953125 0.7822265625 0.0712890625 0.025390625
0 0.02294921875 0.84912109375 0.0302734375 0.0322265625
0 0.33203125 0.18701171875 0.02734375 0.0361328125
0 0.7919921875 0.97705078125 0.037109375 0.0361328125
0 0.15576171875 0.60009765625 0.0341796875 0.0341796875
0 0.39404296875 0.60693359375 0.0263671875 0.0283203125
0 0.31103515625 0.96875 0.1220703125 0.0625
0 0.3857421875 0.81201171875 0.03515625 0.0361328125
0 0.34765625 0.05078125 0.09765625 0.099609375
0 0.12548828125 0.70849609375 0.1123046875 0.0986328125
0 0.275390625 0.67626953125 0.111328125 0.0341796875
0 0.908203125 0.8681640625 0.109375 0.111328125
0 0.85888671875 0.21826171875 0.0361328125 0.0439453125
0 0.03076171875 0.11181640625 0.0283203125 0.0205078125
0 0.36474609375 0.24560546875 0.0322265625 0.0322265625
0 0.05517578125 0.6025390625 0.0810546875 0.080078125
0 0.8779296875 0.6884765625 0.076171875 0.068359375
0 0.17919921875 0.1611328125 0.0712890625 0.052734375
0 0.40478515625 0.66162109375 0.0205078125 0.0166015625
0 0.33642578125 0.6162109375 0.0849609375 0.07421875
0 0.10791015625 0.28955078125 0.0283203125 0.0302734375
0 0.2041015625 0.89697265625 0.07421875 0.1708984375
0 0.576171875 0.96923828125 0.056640625 0.0556640625
0 0.103515625 0.36279296875 0.037109375 0.0322265625
0 0.2490234375 0.77294921875 0.0234375 0.0283203125
0 0.1337890625 0.64453125 0.017578125 0.015625
0 0.17724609375 0.39990234375 0.0634765625 0.0654296875
0 0.2978515625 0.412109375 0.046875 0.046875
0 0.9248046875 0.9658203125 0.0625 0.068359375