0 0.55419921875 0.4892578125 0.3232421875 0.068359375
0 0.68408203125 0.1025390625 0.0634765625 0.068359375
0 0.86328125 0.1806640625 0.02734375 0.02734375
0 0.8876953125 0.88916015625 0.01953125 0.0166015625
0 0.96044921875 0.3486328125 0.0498046875 0.048828125
0 0.87744140625 0.40673828125 0.0205078125 0.0224609375
0 0.9541015625 0.662109375 0.072265625 0.19921875
0 0.4970703125 0.08447265625 0.048828125 0.0498046875
0 0.17822265625 0.41357421875 0.0244140625 0.0185546875
0 0.939453125 0.88330078125 0.025390625 0.0322265625
0 0.068359375 0.42041015625 0.03515625 0.0263671875
0 0.736328125 0.65185546875 0.048828125 0.1103515625
0 0.9462890625 0.4375 0.041015625 0.04296875
0 0.1005859375 0.9423828125 0.025390625 0.017578125
0 0.34375 0.1796875 0.154296875 0.17578125
0 0.3125 0.78369140625 0.02734375 0.0361328125
0 0.6630859375 0.826171875 0.3359375 0.125
0 0.12841796875 0.0341796875 0.1142578125 0.03515625
0 0.5380859375 0.912109375 0.04296875 0.0390625
0 0.34130859375 0.55078125 0.0166015625 0.015625
0 0.43994140625 0.5869140625 0.0517578125 0.05078125
0 0.234375 0.13330078125 0.046875 0.0458984375
0 0.21337890625 0.66845703125 0.1376953125 0.4267578125
0 0.70263671875 0.3955078125 0.2744140625 0.08984375
0 0.36376953125 0.06494140625 0.0283203125 0.0341796875
0 0.623046875 0.5625 0.037109375 0.037109375
0 0.853515625 0.14453125 0.1015625 0.041015625
0 0.42626953125 0.91259765625 0.0205078125 0.0263671875
0 0.6484375 0.70751953125 0.103515625 0.0380859375
0 0.7255859375 0.287109375 0.0859375 0.02734375
0 0.54150390625 0.16943359375 0.0400390625 0.0419921875
0 0.56396484375 0.2783203125 0.1201171875 0.10546875
0 0.45947265625 0.798828125 0.0283203125 0.033203125
0 0.15625 0.25634765625 0.080078125 0.2529296875
0 0.837890625 0.5791015625 0.09765625 0.111328125
0 0.533203125 0.71630859375 0.056640625 0.0595703125
0 0.087890625 0.6708984375 0.07421875 0.3203125
0 0.49609375 0.912109375 0.02734375 0.029296875
0 0.37060546875 0.35888671875 0.0771484375 0.1787109375
0 0.912109375 0.263671875 0.09375 0.08203125
0 0.07861328125 0.12353515625 0.0341796875 0.0341796875
0 0.3515625 0.92333984375 0.107421875 0.1103515625
0 0.98681640625 0.400390625 0.0205078125 0.017578125
0 0.5556640625 0.60302734375 0.08203125 0.0830078125
0 0.814453125 0.201171875 0.037109375 0.037109375
0 0.5625 0.01806640625 0.0703125 0.0361328125