0 0.48583984375 0.8125 0.0478515625 0.0625
0 0.53271484375 0.42041015625 0.6728515625 0.3564453125
0 0.95703125 0.853515625 0.0390625 0.041015625
0 0.7275390625 0.8642578125 0.083984375 0.181640625
0 0.09765625 0.5205078125 0.1328125 0.474609375
0 0.51953125 0.71728515625 0.046875 0.0458984375
0 0.8193359375 0.65087890625 0.03515625 0.0302734375
0 0.59521484375 0.65478515625 0.0322265625 0.0322265625
0 0.1396484375 0.2216796875 0.04296875 0.033203125
0 0.20166015625 0.916015625 0.0947265625 0.02734375
0 0.25927734375 0.7802734375 0.0400390625 0.029296875
0 0.93359375 0.361328125 0.07421875 0.224609375
0 0.083984375 0.12841796875 0.044921875 0.0380859375
0 0.95751953125 0.76025390625 0.0361328125 0.0380859375
0 0.81982421875 0.1689453125 0.0732421875 0.07421875
0 0.55908203125 0.1201171875 0.0771484375 0.03125
0 0.4375 0.7294921875 0.04296875 0.04296875
0 0.681640625 0.17822265625 0.087890625 0.0869140625
0 0.39306640625 0.72216796875 0.0322265625 0.0322265625
0 0.859375 0.880859375 0.021484375 0.021484375
0 0.646484375 0.94189453125 0.05859375 0.0537109375
0 0.400390625 0.9541015625 0.111328125 0.056640625
0 0.3955078125 0.1201171875 0.189453125 0.189453125
0 0.45458984375 0.6318359375 0.0185546875 0.0234375
0 0.162109375 0.1025390625 0.072265625 0.16796875
0 0.9130859375 0.72509765625 0.048828125 0.1435546875
0 0.5673828125 0.205078125 0.064453125 0.0234375
0 0.2568359375 0.0849609375 0.048828125 0.05078125
0 0.8837890625 0.060546875 0.12109375 0.10546875
0 0.57470703125 0.08056640625 0.0283203125 0.0341796875
0 0.060546875 0.91357421875 0.0390625 0.0419921875
0 0.33984375 0.66796875 0.02734375 0.03515625
0 0.01953125 0.06103515625 0.02734375 0.0244140625
0 0.771484375 0.044921875 0.056640625 0.056640625
0 0.17236328125 0.86767578125 0.0517578125 0.0537109375
0 0.3681640625 0.87451171875 0.158203125 0.0498046875
0 0.57861328125 0.8447265625 0.1318359375 0.134765625
0 0.05712890625 0.2705078125 0.0283203125 0.01953125
0 0.6982421875 0.6953125 0.09765625 0.111328125
0 0.24853515625 0.70751953125 0.0966796875 0.1103515625
0 0.88232421875 0.837890625 0.0400390625 0.0390625
0 0.3232421875 0.7275390625 0.048828125 0.052734375
0 0.14306640625 0.9658203125 0.2685546875 0.056640625
0 0.03173828125 0.11083984375 0.0341796875 0.0419921875