0 0.4453125 0.5966796875 0.08203125 0.025390625
0 0.63427734375 0.673828125 0.4013671875 0.0859375
0 0.05810546875 0.9384765625 0.0283203125 0.03515625
0 0.857421875 0.16015625 0.041015625 0.03515625
0 0.4228515625 0.26953125 0.806640625 0.427734375
0 0.3271484375 0.7763671875 0.12109375 0.390625
0 0.81884765625 0.560546875 0.0595703125 0.060546875
0 0.736328125 0.8583984375 0.45703125 0.275390625
0 0.88916015625 0.26123046875 0.1220703125 0.1240234375
0 0.17919921875 0.58984375 0.0615234375 0.0625
0 0.46533203125 0.5166015625 0.0244140625 0.017578125
0 0.44287109375 0.7900390625 0.0380859375 0.037109375
0 0.19140625 0.7314453125 0.0546875 0.056640625
0 0.1015625 0.0205078125 0.11328125 0.041015625
0 0.02880859375 0.5703125 0.0498046875 0.060546875
0 0.9326171875 0.4052734375 0.08203125 0.07421875
0 0.7275390625 0.5302734375 0.025390625 0.02734375
0 0.3583984375 0.52197265625 0.16796875 0.0576171875
0 0.0888671875 0.75537109375 0.115234375 0.0478515625
0 0.177734375 0.88330078125 0.1171875 0.1337890625
0 0.06005859375 0.6845703125 0.0380859375 0.041015625
0 0.85546875 0.6796875 0.01953125 0.025390625
0 0.89111328125 0.4921875 0.0595703125 0.05859375
0 0.43603515625 0.8603515625 0.0791015625 0.08984375
0 0.1142578125 0.583984375 0.0546875 0.126953125
0 0.900390625 0.60986328125 0.08984375 0.0888671875
0 0.06689453125 0.52978515625 0.0244140625 0.0185546875
0 0.2138671875 0.6591796875 0.05859375 0.060546875
0 0.90087890625 0.1220703125 0.0244140625 0.021484375
0 0.86669921875 0.04296875 0.0146484375 0.017578125
0 0.5732421875 0.5556640625 0.064453125 0.064453125
0 0.0703125 0.88232421875 0.068359375 0.0732421875
0 0.7255859375 0.60546875 0.03125 0.03125
0 0.91943359375 0.05712890625 0.0263671875 0.0283203125
0 0.96923828125 0.64892578125 0.0380859375 0.0380859375
0 0.96484375 0.34814453125 0.0703125 0.0361328125
0 0.033203125 0.6240234375 0.041015625 0.041015625
0 0.44873046875 0.74072265625 0.0537109375 0.0400390625
0 0.1572265625 0.5029296875 0.029296875 0.025390625
0 0.85498046875 0.10791015625 0.0361328125 0.0478515625