0 0.0283203125 0.89013671875 0.056640625 0.0517578125
0 0.4072265625 0.2412109375 0.109375 0.111328125
0 0.52685546875 0.07275390625 0.1396484375 0.1220703125
0 0.57177734375 0.76953125 0.7724609375 0.287109375
0 0.2451171875 0.349609375 0.208984375 0.208984375
0 0.89501953125 0.05810546875 0.0283203125 0.0341796875
0 0.67138671875 0.033203125 0.0673828125 0.02734375
0 0.85546875 0.162109375 0.111328125 0.11328125
0 0.04638671875 0.6220703125 0.0439453125 0.033203125
0 0.06396484375 0.31494140625 0.1083984375 0.5107421875
0 0.1484375 0.9423828125 0.05859375 0.060546875
0 0.57958984375 0.509765625 0.1240234375 0.142578125
0 0.91943359375 0.041015625 0.0185546875 0.015625
0 0.6767578125 0.177734375 0.044921875 0.046875
0 0.49755859375 0.38818359375 0.0283203125 0.0244140625
0 0.88818359375 0.96142578125 0.0439453125 0.0439453125
0 0.875 0.49169921875 0.0625 0.1435546875
0 0.6171875 0.2734375 0.015625 0.01953125
0 0.548828125 0.29345703125 0.03125 0.0244140625
0 0.0576171875 0.6904296875 0.048828125 0.048828125
0 0.693359375 0.98876953125 0.015625 0.0185546875
0 0.060546875 0.9306640625 0.021484375 0.021484375
0 0.88525390625 0.30908203125 0.2001953125 0.1083984375
0 0.37841796875 0.35498046875 0.0205078125 0.0205078125
0 0.43505859375 0.47265625 0.0185546875 0.01953125
0 0.12646484375 0.83349609375 0.0537109375 0.1162109375
0 0.8115234375 0.48828125 0.048828125 0.142578125
0 0.39501953125 0.9658203125 0.0224609375 0.029296875
0 0.59716796875 0.1640625 0.0263671875 0.025390625
0 0.25048828125 0.08642578125 0.1357421875 0.1181640625
0 0.6669921875 0.341796875 0.0625 0.0625
0 0.15234375 0.62744140625 0.05859375 0.0634765625
0 0.5849609375 0.96435546875 0.08984375 0.0458984375
0 0.19580078125 0.5322265625 0.1044921875 0.033203125
0 0.94677734375 0.0166015625 0.0712890625 0.025390625
0 0.5380859375 0.23291015625 0.033203125 0.0361328125
0 0.744140625 0.1142578125 0.025390625 0.0234375
0 0.755859375 0.541015625 0.060546875 0.017578125
0 0.93896484375 0.49853515625 0.0224609375 0.0244140625
0 0.33984375 0.5009765625 0.04296875 0.04296875
0 0.72998046875 0.1650390625 0.0556640625 0.0546875
0 0.39990234375 0.06494140625 0.0302734375 0.0205078125
0 0.6591796875 0.099609375 0.05078125 0.06640625