0 0.818359375 0.7392578125 0.044921875 0.044921875
0 0.3017578125 0.0693359375 0.052734375 0.052734375
0 0.494140625 0.73583984375 0.126953125 0.4013671875
0 0.39794921875 0.25048828125 0.0927734375 0.0908203125
0 0.21923828125 0.62548828125 0.3232421875 0.3232421875
0 0.88427734375 0.21728515625 0.1435546875 0.0751953125
0 0.08740234375 0.3603515625 0.0869140625 0.078125
0 0.58740234375 0.68359375 0.0244140625 0.017578125
0 0.09619140625 0.08642578125 0.0419921875 0.0439453125
0 0.892578125 0.54931640625 0.14453125 0.1474609375
0 0.08251953125 0.908203125 0.0205078125 0.015625
0 0.57275390625 0.40869140625 0.0361328125 0.0380859375
0 0.84375 0.8583984375 0.19921875 0.107421875
0 0.90673828125 0.74755859375 0.1044921875 0.1064453125
0 0.2060546875 0.17919921875 0.10546875 0.1201171875
0 0.7197265625 0.2451171875 0.1015625 0.328125
0 0.650390625 0.90771484375 0.16015625 0.1396484375
0 0.63525390625 0.72998046875 0.0439453125 0.0380859375
0 0.35693359375 0.9482421875 0.0615234375 0.080078125
0 0.19921875 0.37939453125 0.01953125 0.0166015625
0 0.60888671875 0.22216796875 0.0712890625 0.2080078125
0 0.18408203125 0.05126953125 0.1240234375 0.0517578125
0 0.30126953125 0.83740234375 0.0263671875 0.0283203125
0 0.9521484375 0.03271484375 0.044921875 0.0439453125
0 0.4765625 0.49951171875 0.021484375 0.0224609375
0 0.09814453125 0.14501953125 0.0400390625 0.0400390625
0 0.6884765625 0.0517578125 0.04296875 0.056640625
0 0.7236328125 0.59326171875 0.150390625 0.1318359375
0 0.111328125 0.84521484375 0.056640625 0.0595703125
0 0.849609375 0.056640625 0.041015625 0.041015625
0 0.61328125 0.4833984375 0.248046875 0.052734375
0 0.501953125 0.130859375 0.126953125 0.14453125
0 0.3212890625 0.1416015625 0.064453125 0.078125
0 0.49365234375 0.3486328125 0.0791015625 0.1796875
0 0.818359375 0.33203125 0.072265625 0.07421875
0 0.32421875 0.35888671875 0.052734375 0.0517578125
0 0.04638671875 0.8603515625 0.0654296875 0.0703125
0 0.29541015625 0.9443359375 0.0224609375 0.02734375
0 0.24169921875 0.88427734375 0.0869140625 0.0263671875
0 0.49267578125 0.04052734375 0.1025390625 0.0322265625
0 0.39599609375 0.095703125 0.0341796875 0.025390625
0 0.72265625 0.791015625 0.029296875 0.037109375
0 0.95751953125 0.3828125 0.0771484375 0.177734375
0 0.18994140625 0.91455078125 0.0751953125 0.0263671875
0 0.2685546875 0.4443359375 0.021484375 0.01953125