0 0.57958984375 0.384765625 0.1669921875 0.146484375
0 0.03662109375 0.05615234375 0.0322265625 0.0341796875
0 0.513671875 0.8125 0.41796875 0.08203125
0 0.8994140625 0.716796875 0.048828125 0.052734375
0 0.904296875 0.24560546875 0.029296875 0.0361328125
0 0.59326171875 0.5498046875 0.1162109375 0.119140625
0 0.37939453125 0.60546875 0.0693359375 0.02734375
0 0.89404296875 0.47216796875 0.0283203125 0.0283203125
0 0.37890625 0.2333984375 0.03515625 0.037109375
0 0.44482421875 0.12890625 0.3212890625 0.099609375
0 0.1396484375 0.73828125 0.0859375 0.404296875
0 0.78076171875 0.1611328125 0.0673828125 0.060546875
0 0.27734375 0.04296875 0.087890625 0.03125
0 0.23681640625 0.6708984375 0.0771484375 0.0234375
0 0.17333984375 0.50830078125 0.0322265625 0.0322265625
0 0.2705078125 0.33984375 0.0234375 0.021484375
0 0.333984375 0.57177734375 0.0234375 0.0205078125
0 0.8046875 0.82666015625 0.052734375 0.0556640625
0 0.70849609375 0.734375 0.0322265625 0.02734375
0 0.78564453125 0.35546875 0.0654296875 0.064453125
0 0.859375 0.90625 0.037109375 0.037109375
0 0.8076171875 0.58544921875 0.0703125 0.2236328125
0 0.9482421875 0.4560546875 0.060546875 0.080078125
0 0.70556640625 0.6787109375 0.0439453125 0.04296875
0 0.28759765625 0.77783203125 0.0224609375 0.0302734375
0 0.16259765625 0.34619140625 0.0810546875 0.2353515625
0 0.8017578125 0.22265625 0.033203125 0.033203125
0 0.2724609375 0.96435546875 0.046875 0.0498046875
0 0.48779296875 0.63427734375 0.0830078125 0.2568359375
0 0.3623046875 0.427734375 0.173828125 0.15234375
0 0.51318359375 0.04052734375 0.1220703125 0.0419921875
0 0.30859375 0.21240234375 0.03125 0.0244140625
0 0.228515625 0.513671875 0.017578125 0.017578125
0 0.45458984375 0.93212890625 0.1083984375 0.1240234375
0 0.4052734375 0.5478515625 0.046875 0.048828125
0 0.25146484375 0.2744140625 0.0595703125 0.072265625
0 0.18115234375 0.14208984375 0.1455078125 0.1650390625
0 0.853515625 0.09716796875 0.07421875 0.1611328125
0 0.4814453125 0.2841796875 0.0234375 0.015625
0 0.69873046875 0.18408203125 0.0810546875 0.1943359375
0 0.85693359375 0.3603515625 0.0673828125 0.05078125
0 0.21826171875 0.6142578125 0.0419921875 0.041015625
0 0.38232421875 0.6865234375 0.0927734375 0.048828125
0 0.8369140625 0.7607421875 0.017578125 0.021484375
0 0.63818359375 0.94140625 0.0712890625 0.072265625