0 0.64208984375 0.35595703125 0.0224609375 0.0224609375
0 0.59716796875 0.90478515625 0.1220703125 0.1240234375
0 0.3642578125 0.25146484375 0.02734375 0.0185546875
0 0.25732421875 0.5771484375 0.0185546875 0.017578125
0 0.04296875 0.09912109375 0.029296875 0.0302734375
0 0.8447265625 0.1142578125 0.09765625 0.05078125
0 0.45556640625 0.171875 0.0439453125 0.033203125
0 0.22607421875 0.44970703125 0.0732421875 0.2333984375
0 0.82421875 0.33349609375 0.025390625 0.0322265625
0 0.50146484375 0.43115234375 0.2060546875 0.2060546875
0 0.84619140625 0.388671875 0.1884765625 0.064453125
0 0.4248046875 0.05908203125 0.046875 0.0595703125
0 0.193359375 0.849609375 0.17578125 0.17578125
0 0.30615234375 0.1484375 0.0498046875 0.05078125
0 0.126953125 0.44873046875 0.060546875 0.0595703125
0 0.71044921875 0.9228515625 0.0693359375 0.068359375
0 0.95556640625 0.505859375 0.0224609375 0.01953125
0 0.61279296875 0.8046875 0.0341796875 0.037109375
0 0.56298828125 0.1943359375 0.0634765625 0.146484375
0 0.6083984375 0.03857421875 0.083984375 0.0341796875
0 0.5009765625 0.64794921875 0.048828125 0.1064453125
0 0.80615234375 0.03515625 0.0361328125 0.044921875
0 0.47607421875 0.85009765625 0.0810546875 0.2353515625
0 0.890625 0.2578125 0.05859375 0.060546875
0 0.734375 0.21044921875 0.0546875 0.0576171875
0 0.8583984375 0.86669921875 0.21484375 0.0419921875
0 0.70556640625 0.6884765625 0.1826171875 0.16015625
0 0.3515625 0.5009765625 0.091796875 0.283203125
0 0.9326171875 0.96337890625 0.0703125 0.0634765625
0 0.0400390625 0.6826171875 0.072265625 0.33984375
0 0.38818359375 0.7451171875 0.0439453125 0.046875
0 0.677734375 0.44970703125 0.068359375 0.0244140625
0 0.8779296875 0.67919921875 0.142578125 0.1630859375
0 0.7978515625 0.5263671875 0.14453125 0.126953125
0 0.71826171875 0.05419921875 0.0361328125 0.0361328125
0 0.66357421875 0.16845703125 0.0498046875 0.0146484375
0 0.96484375 0.57861328125 0.02734375 0.0322265625
0 0.0205078125 0.49365234375 0.01953125 0.0146484375
0 0.4736328125 0.251953125 0.03515625 0.03515625
0 0.12255859375 0.3525390625 0.0380859375 0.033203125
0 0.2138671875 0.12255859375 0.130859375 0.1494140625
0 0.13916015625 0.25830078125 0.1943359375 0.1044921875
0 0.44970703125 0.58349609375 0.0302734375 0.0322265625
0 0.337890625 0.201171875 0.033203125 0.033203125
0 0.19970703125 0.64990234375 0.1142578125 0.1162109375
0 0.93798828125 0.1826171875 0.0517578125 0.05078125
0 0.32958984375 0.70263671875 0.0380859375 0.0498046875