0 0.44921875 0.23681640625 0.02734375 0.0322265625
0 0.30517578125 0.47705078125 0.0888671875 0.1025390625
0 0.6123046875 0.40625 0.064453125 0.064453125
0 0.20947265625 0.369140625 0.0634765625 0.064453125
0 0.3232421875 0.71435546875 0.466796875 0.2763671875
0 0.7607421875 0.6103515625 0.310546875 0.310546875
0 0.5908203125 0.3076171875 0.0625 0.06640625
0 0.49658203125 0.9033203125 0.0576171875 0.0625
0 0.37939453125 0.22412109375 0.0517578125 0.0673828125
0 0.7626953125 0.3857421875 0.03125 0.02734375
0 0.9736328125 0.3193359375 0.03125 0.03125
0 0.70654296875 0.1201171875 0.0400390625 0.04296875
0 0.625 0.06298828125 0.02734375 0.0205078125
0 0.1640625 0.99365234375 0.013671875 0.0126953125
0 0.38623046875 0.94775390625 0.1181640625 0.0615234375
0 0.91943359375 0.3720703125 0.0361328125 0.03515625
0 0.5029296875 0.46337890625 0.041015625 0.0400390625
0 0.32275390625 0.30078125 0.1513671875 0.08203125
0 0.03125 0.171875 0.056640625 0.1640625
0 0.33056640625 0.10009765625 0.5205078125 0.1708984375
0 0.84375 0.2041015625 0.154296875 0.134765625
0 0.75390625 0.97802734375 0.033203125 0.0283203125
0 0.12109375 0.5498046875 0.03125 0.03125
0 0.958984375 0.7998046875 0.08203125 0.279296875
0 0.0498046875 0.49609375 0.037109375 0.0390625
0 0.48974609375 0.3662109375 0.0302734375 0.03125
0 0.87158203125 0.3896484375 0.0458984375 0.0546875
0 0.06103515625 0.626953125 0.0478515625 0.03515625
0 0.80322265625 0.98974609375 0.0166015625 0.0205078125
0 0.41796875 0.52734375 0.08203125 0.0234375
0 0.82470703125 0.0693359375 0.1591796875 0.05078125
0 0.2548828125 0.548828125 0.09375 0.033203125
0 0.1171875 0.22265625 0.0546875 0.048828125
0 0.41259765625 0.45751953125 0.0517578125 0.1123046875
0 0.83447265625 0.828125 0.1064453125 0.04296875
0 0.09423828125 0.39794921875 0.1259765625 0.1435546875
0 0.212890625 0.287109375 0.041015625 0.052734375
0 0.66796875 0.876953125 0.126953125 0.12890625
0 0.70458984375 0.20947265625 0.1123046875 0.1142578125
0 0.193359375 0.92822265625 0.05859375 0.0615234375
0 0.310546875 0.400390625 0.01953125 0.013671875
0 0.09521484375 0.51220703125 0.0361328125 0.0361328125
0 0.9521484375 0.07763671875 0.080078125 0.0791015625