0 0.3564453125 0.80810546875 0.349609375 0.1298828125
0 0.974609375 0.380859375 0.04296875 0.044921875
0 0.1162109375 0.80078125 0.0546875 0.056640625
0 0.52197265625 0.3916015625 0.2587890625 0.580078125
0 0.1552734375 0.27197265625 0.056640625 0.0556640625
0 0.2509765625 0.31884765625 0.076171875 0.0771484375
0 0.90966796875 0.64697265625 0.0947265625 0.1083984375
0 0.9697265625 0.7880859375 0.03515625 0.046875
0 0.79443359375 0.576171875 0.1337890625 0.07421875
0 0.76416015625 0.67236328125 0.0361328125 0.0361328125
0 0.7626953125 0.28564453125 0.111328125 0.4794921875
0 0.953125 0.15576171875 0.03515625 0.0419921875
0 0.572265625 0.82958984375 0.060546875 0.1748046875
0 0.208984375 0.61181640625 0.080078125 0.2373046875
0 0.26220703125 0.951171875 0.1337890625 0.0703125
0 0.90771484375 0.22900390625 0.0322265625 0.0322265625
0 0.9052734375 0.7333984375 0.029296875 0.025390625
0 0.7099609375 0.62939453125 0.0390625 0.0302734375
0 0.11572265625 0.57080078125 0.0205078125 0.0205078125
0 0.07763671875 0.55810546875 0.0302734375 0.0322265625
0 0.22705078125 0.43359375 0.0224609375 0.02734375
0 0.30908203125 0.49951171875 0.0830078125 0.1982421875
0 0.06103515625 0.36962890625 0.0869140625 0.2763671875
0 0.05419921875 0.083984375 0.0419921875 0.044921875
0 0.10791015625 0.6875 0.0166015625 0.01171875
0 0.88232421875 0.27490234375 0.0986328125 0.0361328125
0 0.1513671875 0.7216796875 0.021484375 0.02734375
0 0.82177734375 0.71337890625 0.0419921875 0.0439453125
0 0.68701171875 0.89990234375 0.0380859375 0.0380859375
0 0.82861328125 0.76123046875 0.1201171875 0.0478515625
0 0.2744140625 0.20458984375 0.134765625 0.1181640625
0 0.87451171875 0.87451171875 0.1455078125 0.1474609375
0 0.4296875 0.0478515625 0.083984375 0.095703125
0 0.95947265625 0.23828125 0.0478515625 0.03515625
0 0.87451171875 0.3388671875 0.0751953125 0.076171875
0 0.8798828125 0.02734375 0.0859375 0.02734375
0 0.14697265625 0.66357421875 0.0400390625 0.0517578125
0 0.54296875 0.9775390625 0.025390625 0.0234375
0 0.615234375 0.9599609375 0.025390625 0.025390625
0 0.119140625 0.59619140625 0.06640625 0.0205078125
0 0.3193359375 0.3642578125 0.041015625 0.03515625
0 0.65966796875 0.787109375 0.0439453125 0.046875
0 0.1728515625 0.06640625 0.111328125 0.09765625
0 0.513671875 0.708984375 0.05859375 0.052734375
0 0.86669921875 0.47802734375 0.0400390625 0.0908203125
0 0.13232421875 0.86572265625 0.0556640625 0.0537109375