0 0.6455078125 0.853515625 0.01953125 0.025390625
0 0.85546875 0.21630859375 0.150390625 0.1728515625
0 0.41259765625 0.07666015625 0.0419921875 0.0966796875
0 0.84716796875 0.7734375 0.1240234375 0.126953125
0 0.08154296875 0.177734375 0.1279296875 0.04296875
0 0.5185546875 0.4580078125 0.09375 0.095703125
0 0.4111328125 0.77392578125 0.09765625 0.3095703125
0 0.1669921875 0.58642578125 0.03515625 0.0302734375
0 0.52783203125 0.23291015625 0.0341796875 0.0263671875
0 0.95068359375 0.6943359375 0.0146484375 0.017578125
0 0.23974609375 0.02587890625 0.0556640625 0.0166015625
0 0.93701171875 0.48828125 0.1025390625 0.08984375
0 0.1123046875 0.376953125 0.068359375 0.025390625
0 0.2783203125 0.53173828125 0.05859375 0.0576171875
0 0.333984375 0.28955078125 0.275390625 0.0537109375
0 0.6083984375 0.59375 0.06640625 0.048828125
0 0.533203125 0.0888671875 0.166015625 0.166015625
0 0.48486328125 0.5615234375 0.1123046875 0.046875
0 0.6240234375 0.2998046875 0.044921875 0.046875
0 0.80126953125 0.55078125 0.0205078125 0.017578125
0 0.72412109375 0.71826171875 0.0556640625 0.0576171875
0 0.56494140625 0.73193359375 0.0322265625 0.0322265625
0 0.603515625 0.46484375 0.0546875 0.05859375
0 0.96142578125 0.1396484375 0.0185546875 0.017578125
0 0.07177734375 0.68359375 0.0634765625 0.0625
0 0.76611328125 0.44384765625 0.0400390625 0.0400390625
0 0.32861328125 0.1806640625 0.1064453125 0.09375
0 0.23876953125 0.73583984375 0.0341796875 0.0361328125
0 0.7236328125 0.33203125 0.02734375 0.029296875
0 0.03564453125 0.90234375 0.0517578125 0.0625
0 0.330078125 0.4365234375 0.232421875 0.12890625
0 0.64892578125 0.1923828125 0.0458984375 0.060546875
0 0.30615234375 0.84130859375 0.0576171875 0.0615234375
0 0.3720703125 0.578125 0.080078125 0.041015625
0 0.751953125 0.6533203125 0.041015625 0.041015625
0 0.75244140625 0.07177734375 0.0595703125 0.0595703125
0 0.4716796875 0.3583984375 0.0390625 0.03515625
0 0.546875 0.869140625 0.072265625 0.208984375
0 0.1884765625 0.2001953125 0.033203125 0.04296875
0 0.68505859375 0.97509765625 0.0322265625 0.0322265625
0 0.68359375 0.85205078125 0.03125 0.0302734375
0 0.0712890625 0.52099609375 0.056640625 0.1357421875
0 0.08642578125 0.263671875 0.0908203125 0.103515625
0 0.80859375 0.46142578125 0.03125 0.0224609375