0 0.10791015625 0.7509765625 0.0322265625 0.04296875
0 0.36083984375 0.39990234375 0.0615234375 0.0615234375
0 0.9228515625 0.2275390625 0.01953125 0.01953125
0 0.1787109375 0.373046875 0.025390625 0.025390625
0 0.57861328125 0.64306640625 0.8076171875 0.4189453125
0 0.38818359375 0.22998046875 0.0830078125 0.0849609375
0 0.875 0.4111328125 0.015625 0.01953125
0 0.07666015625 0.63525390625 0.1220703125 0.1064453125
0 0.22265625 0.0458984375 0.087890625 0.03125
0 0.79248046875 0.1572265625 0.0986328125 0.236328125
0 0.1298828125 0.37890625 0.0234375 0.0234375
0 0.08349609375 0.1123046875 0.0458984375 0.048828125
0 0.0693359375 0.81396484375 0.046875 0.0498046875
0 0.4482421875 0.89404296875 0.07421875 0.0302734375
0 0.525390625 0.328125 0.189453125 0.189453125
0 0.16552734375 0.95751953125 0.0791015625 0.0810546875
0 0.68408203125 0.21923828125 0.0966796875 0.2861328125
0 0.10498046875 0.2021484375 0.1162109375 0.0625
0 0.31884765625 0.0263671875 0.0439453125 0.04296875
0 0.02734375 0.14306640625 0.033203125 0.0439453125
0 0.49755859375 0.09326171875 0.0185546875 0.0126953125
0 0.73583984375 0.8701171875 0.0224609375 0.0234375
0 0.037109375 0.33154296875 0.07421875 0.1611328125
0 0.26416015625 0.2255859375 0.0302734375 0.0234375
0 0.11181640625 0.27392578125 0.0126953125 0.0146484375
0 0.7880859375 0.93994140625 0.294921875 0.1142578125
0 0.5400390625 0.92626953125 0.0390625 0.1083984375
0 0.2685546875 0.92333984375 0.01953125 0.0166015625
0 0.453125 0.9423828125 0.056640625 0.056640625
0 0.09814453125 0.48876953125 0.1240234375 0.1083984375
0 0.93408203125 0.14599609375 0.0400390625 0.0341796875
0 0.32568359375 0.884765625 0.0419921875 0.041015625
0 0.9072265625 0.29541015625 0.025390625 0.0224609375
0 0.615234375 0.89453125 0.037109375 0.044921875
0 0.2685546875 0.376953125 0.03125 0.033203125
0 0.25634765625 0.140625 0.0712890625 0.021484375
0 0.38134765625 0.30224609375 0.0380859375 0.0400390625
0 0.2978515625 0.10205078125 0.07421875 0.0380859375
0 0.486328125 0.1748046875 0.078125 0.0703125
0 0.94580078125 0.3388671875 0.0498046875 0.037109375
0 0.0654296875 0.8916015625 0.052734375 0.056640625
0 0.55615234375 0.0458984375 0.0771484375 0.087890625
0 0.94091796875 0.0576171875 0.1005859375 0.115234375