0 0.58447265625 0.54150390625 0.2177734375 0.2177734375
0 0.23876953125 0.84423828125 0.1376953125 0.1572265625
0 0.51708984375 0.8125 0.0341796875 0.044921875
0 0.2802734375 0.30126953125 0.0625 0.0634765625
0 0.1689453125 0.42529296875 0.04296875 0.0458984375
0 0.38232421875 0.82763671875 0.0302734375 0.0322265625
0 0.85205078125 0.27685546875 0.0986328125 0.4638671875
0 0.033203125 0.388671875 0.02734375 0.033203125
0 0.513671875 0.7392578125 0.05078125 0.05078125
0 0.841796875 0.775390625 0.04296875 0.04296875
0 0.2998046875 0.6826171875 0.294921875 0.0625
0 0.11767578125 0.896484375 0.0341796875 0.033203125
0 0.74462890625 0.53466796875 0.0751953125 0.0380859375
0 0.1982421875 0.18603515625 0.02734375 0.0205078125
0 0.365234375 0.33349609375 0.10546875 0.3095703125
0 0.59375 0.904296875 0.109375 0.041015625
0 0.650390625 0.7412109375 0.17578125 0.154296875
0 0.044921875 0.3388671875 0.037109375 0.0390625
0 0.10400390625 0.74169921875 0.0263671875 0.0263671875
0 0.0419921875 0.623046875 0.080078125 0.091796875
0 0.86865234375 0.67236328125 0.2431640625 0.0751953125
0 0.96142578125 0.58251953125 0.0322265625 0.0400390625
0 0.61572265625 0.25341796875 0.1376953125 0.1396484375
0 0.11083984375 0.25048828125 0.0771484375 0.1669921875
0 0.24609375 0.21240234375 0.060546875 0.0634765625
0 0.83837890625 0.8203125 0.0283203125 0.01953125
0 0.69140625 0.11572265625 0.03515625 0.0302734375
0 0.90576171875 0.94970703125 0.0341796875 0.0341796875
0 0.763671875 0.11767578125 0.017578125 0.0166015625
0 0.48095703125 0.21875 0.1181640625 0.404296875
0 0.4140625 0.55419921875 0.076171875 0.0693359375
0 0.23388671875 0.42919921875 0.0732421875 0.0751953125
0 0.388671875 0.02392578125 0.0390625 0.0419921875
0 0.041015625 0.18798828125 0.056640625 0.0556640625
0 0.24951171875 0.10205078125 0.2236328125 0.1240234375
0 0.08642578125 0.044921875 0.0595703125 0.0234375
0 0.86328125 0.55078125 0.099609375 0.029296875
0 0.44970703125 0.4599609375 0.0185546875 0.021484375
0 0.919921875 0.79638671875 0.05078125 0.0673828125
0 0.95947265625 0.2373046875 0.0654296875 0.064453125
0 0.77783203125 0.6044921875 0.0361328125 0.03125
0 0.2509765625 0.6103515625 0.04296875 0.044921875
0 0.13623046875 0.81787109375 0.0400390625 0.1162109375
0 0.72265625 0.91650390625 0.05078125 0.0380859375
0 0.95361328125 0.42236328125 0.0712890625 0.2275390625
0 0.0830078125 0.5126953125 0.142578125 0.125
0 0.82666015625 0.88916015625 0.0947265625 0.0322265625