0 0.68798828125 0.48388671875 0.0869140625 0.0361328125
0 0.447265625 0.4755859375 0.072265625 0.08203125
0 0.45947265625 0.89208984375 0.4873046875 0.1513671875
0 0.193359375 0.32373046875 0.046875 0.1123046875
0 0.3447265625 0.388671875 0.046875 0.056640625
0 0.57763671875 0.29638671875 0.0322265625 0.0419921875
0 0.94384765625 0.2353515625 0.0400390625 0.041015625
0 0.9736328125 0.48974609375 0.037109375 0.0322265625
0 0.88525390625 0.46240234375 0.0341796875 0.0341796875
0 0.220703125 0.66796875 0.12109375 0.04296875
0 0.576171875 0.26416015625 0.015625 0.0107421875
0 0.32275390625 0.0732421875 0.0595703125 0.0625
0 0.33251953125 0.59326171875 0.0478515625 0.0361328125
0 0.64794921875 0.0576171875 0.0615234375 0.0625
0 0.7236328125 0.2841796875 0.11328125 0.115234375
0 0.05224609375 0.552734375 0.0791015625 0.373046875
0 0.69189453125 0.63330078125 0.2548828125 0.2548828125
0 0.77880859375 0.84375 0.0830078125 0.07421875
0 0.91357421875 0.375 0.0205078125 0.025390625
0 0.90283203125 0.78564453125 0.0849609375 0.0869140625
0 0.97900390625 0.02197265625 0.0263671875 0.0224609375
0 0.96630859375 0.42333984375 0.0458984375 0.0498046875
0 0.02294921875 0.28759765625 0.0302734375 0.0380859375
0 0.609375 0.3662109375 0.0390625 0.041015625
0 0.27392578125 0.2568359375 0.0888671875 0.28515625
0 0.5224609375 0.1513671875 0.076171875 0.220703125
0 0.32421875 0.470703125 0.056640625 0.0546875
0 0.283203125 0.98583984375 0.072265625 0.0205078125
0 0.08544921875 0.220703125 0.0791015625 0.236328125
0 0.3349609375 0.6484375 0.0234375 0.025390625
0 0.40966796875 0.2958984375 0.1357421875 0.119140625
0 0.1357421875 0.84521484375 0.06640625 0.2060546875
0 0.2421875 0.56201171875 0.06640625 0.1435546875
0 0.6865234375 0.18798828125 0.083984375 0.0263671875
0 0.3466796875 0.1904296875 0.03515625 0.037109375
0 0.05029296875 0.93115234375 0.0380859375 0.0380859375
0 0.89599609375 0.26708984375 0.0380859375 0.0283203125
0 0.255859375 0.74658203125 0.0546875 0.0537109375
0 0.849609375 0.1328125 0.158203125 0.138671875
0 0.1748046875 0.083984375 0.064453125 0.0625
0 0.84814453125 0.03857421875 0.0341796875 0.0341796875
0 0.4951171875 0.6455078125 0.072265625 0.08203125
0 0.6171875 0.13037109375 0.111328125 0.0576171875
0 0.74365234375 0.0888671875 0.0244140625 0.03125
0 0.1259765625 0.419921875 0.01953125 0.01953125
0 0.380859375 0.09912109375 0.02734375 0.0244140625