0 0.4072265625 0.26318359375 0.03515625 0.0361328125
0 0.17431640625 0.17041015625 0.1923828125 0.1923828125
0 0.5693359375 0.64697265625 0.126953125 0.4345703125
0 0.68798828125 0.38818359375 0.0947265625 0.1083984375
0 0.068359375 0.513671875 0.029296875 0.029296875
0 0.51171875 0.34228515625 0.05859375 0.0595703125
0 0.79443359375 0.19970703125 0.1279296875 0.0517578125
0 0.24169921875 0.44677734375 0.0576171875 0.0576171875
0 0.83056640625 0.60888671875 0.1767578125 0.6708984375
0 0.43359375 0.6787109375 0.09765625 0.099609375
0 0.9130859375 0.09716796875 0.11328125 0.0595703125
0 0.38037109375 0.58935546875 0.0400390625 0.0341796875
0 0.22119140625 0.798828125 0.1396484375 0.142578125
0 0.021484375 0.154296875 0.025390625 0.02734375
0 0.06494140625 0.9755859375 0.0224609375 0.02734375
0 0.15966796875 0.3310546875 0.2939453125 0.095703125
0 0.51953125 0.166015625 0.263671875 0.146484375
0 0.408203125 0.79443359375 0.0390625 0.0478515625
0 0.2529296875 0.03564453125 0.041015625 0.0537109375
0 0.6806640625 0.64453125 0.01953125 0.013671875
0 0.08740234375 0.74853515625 0.0791015625 0.3427734375
0 0.92919921875 0.912109375 0.0126953125 0.01171875
0 0.66552734375 0.70751953125 0.0263671875 0.0283203125
0 0.3232421875 0.62939453125 0.046875 0.0498046875
0 0.32861328125 0.23974609375 0.0517578125 0.0556640625
0 0.4482421875 0.5478515625 0.060546875 0.080078125
0 0.880859375 0.021484375 0.09765625 0.03515625
0 0.4111328125 0.05322265625 0.03125 0.0302734375
0 0.67529296875 0.49365234375 0.0693359375 0.0791015625
0 0.4052734375 0.9404296875 0.07421875 0.072265625
0 0.060546875 0.4794921875 0.017578125 0.017578125
0 0.21484375 0.60693359375 0.080078125 0.2353515625
0 0.19677734375 0.9091796875 0.0712890625 0.0703125
0 0.615234375 0.90966796875 0.083984375 0.0732421875
0 0.12744140625 0.546875 0.0556640625 0.05078125
0 0.02880859375 0.5263671875 0.0244140625 0.029296875
0 0.322265625 0.81689453125 0.05078125 0.0146484375
0 0.63232421875 0.3115234375 0.1044921875 0.033203125
0 0.96484375 0.60546875 0.04296875 0.04296875
0 0.662109375 0.8310546875 0.0390625 0.029296875
0 0.513671875 0.2763671875 0.029296875 0.025390625
0 0.43896484375 0.3916015625 0.0712890625 0.1953125
0 0.474609375 0.80322265625 0.021484375 0.0166015625
0 0.0576171875 0.44873046875 0.03515625 0.0361328125
0 0.3271484375 0.08154296875 0.0859375 0.0751953125
0 0.9716796875 0.45263671875 0.056640625 0.1806640625