0 0.23095703125 0.912109375 0.0712890625 0.171875
0 0.14111328125 0.6396484375 0.0576171875 0.04296875
0 0.10693359375 0.22412109375 0.1611328125 0.0888671875
0 0.8017578125 0.59033203125 0.146484375 0.1279296875
0 0.64501953125 0.7763671875 0.0537109375 0.052734375
0 0.375 0.0546875 0.0234375 0.0234375
0 0.8544921875 0.72119140625 0.04296875 0.0458984375
0 0.46337890625 0.552734375 0.0888671875 0.283203125
0 0.6435546875 0.5986328125 0.072265625 0.08203125
0 0.9697265625 0.58642578125 0.033203125 0.0283203125
0 0.53662109375 0.91259765625 0.0302734375 0.0322265625
0 0.3271484375 0.91552734375 0.11328125 0.1298828125
0 0.72314453125 0.95751953125 0.0224609375 0.0244140625
0 0.6923828125 0.3466796875 0.07421875 0.076171875
0 0.54345703125 0.82763671875 0.1025390625 0.0419921875
0 0.20458984375 0.09521484375 0.2548828125 0.0830078125
0 0.728515625 0.1533203125 0.05859375 0.056640625
0 0.845703125 0.0673828125 0.107421875 0.109375
0 0.509765625 0.92578125 0.021484375 0.01953125
0 0.443359375 0.30859375 0.1953125 0.06640625
0 0.8974609375 0.33837890625 0.046875 0.0576171875
0 0.54736328125 0.40185546875 0.0283203125 0.0244140625
0 0.75390625 0.19775390625 0.021484375 0.0283203125
0 0.2119140625 0.66064453125 0.0703125 0.0712890625
0 0.26220703125 0.2626953125 0.1181640625 0.103515625
0 0.30810546875 0.74951171875 0.2158203125 0.0458984375
0 0.501953125 0.70556640625 0.0234375 0.0166015625
0 0.28955078125 0.58056640625 0.0361328125 0.0361328125
0 0.90576171875 0.87255859375 0.0595703125 0.0537109375
0 0.4580078125 0.76220703125 0.05859375 0.0615234375
0 0.5517578125 0.0625 0.056640625 0.056640625
0 0.62548828125 0.27685546875 0.0419921875 0.0419921875
0 0.07861328125 0.837890625 0.0947265625 0.294921875
0 0.2080078125 0.48388671875 0.080078125 0.2197265625
0 0.04541015625 0.65234375 0.0595703125 0.0625
0 0.90283203125 0.80419921875 0.1474609375 0.0771484375
0 0.42626953125 0.18603515625 0.1708984375 0.1708984375
0 0.75927734375 0.70166015625 0.0791015625 0.0244140625
0 0.8046875 0.4169921875 0.048828125 0.052734375
0 0.0517578125 0.37451171875 0.056640625 0.0556640625
0 0.923828125 0.9609375 0.056640625 0.07421875
0 0.685546875 0.7001953125 0.021484375 0.02734375
0 0.654296875 0.91357421875 0.02734375 0.0205078125
0 0.1376953125 0.8203125 0.017578125 0.021484375
0 0.5615234375 0.697265625 0.078125 0.177734375
0 0.28466796875 0.47119140625 0.0576171875 0.0205078125