0 0.146484375 0.58837890625 0.052734375 0.0400390625
0 0.12255859375 0.2529296875 0.1591796875 0.181640625
0 0.76318359375 0.49609375 0.0947265625 0.21875
0 0.3642578125 0.56494140625 0.08203125 0.0830078125
0 0.93505859375 0.322265625 0.0869140625 0.087890625
0 0.916015625 0.1484375 0.01953125 0.0234375
0 0.32421875 0.7841796875 0.298828125 0.298828125
0 0.625 0.77001953125 0.05859375 0.0634765625
0 0.16796875 0.48779296875 0.0625 0.1357421875
0 0.39697265625 0.33642578125 0.1943359375 0.1943359375
0 0.05322265625 0.6767578125 0.0302734375 0.03125
0 0.455078125 0.49951171875 0.064453125 0.0185546875
0 0.77978515625 0.048828125 0.0615234375 0.060546875
0 0.0966796875 0.4189453125 0.025390625 0.0234375
0 0.734375 0.802734375 0.140625 0.123046875
0 0.65771484375 0.98388671875 0.0205078125 0.0224609375
0 0.42236328125 0.1279296875 0.0615234375 0.0625
0 0.5224609375 0.6083984375 0.087890625 0.03515625
0 0.07763671875 0.95166015625 0.0615234375 0.0654296875
0 0.51904296875 0.6611328125 0.0302734375 0.037109375
0 0.57373046875 0.33642578125 0.1240234375 0.0634765625
0 0.578125 0.0810546875 0.0859375 0.078125
0 0.8701171875 0.52783203125 0.095703125 0.0341796875
0 0.2587890625 0.22705078125 0.064453125 0.1787109375
0 0.904296875 0.912109375 0.05859375 0.060546875
0 0.7607421875 0.291015625 0.177734375 0.095703125
0 0.81103515625 0.16162109375 0.0556640625 0.0673828125
0 0.646484375 0.9248046875 0.0625 0.08203125
0 0.50341796875 0.18798828125 0.2431640625 0.0478515625
0 0.5966796875 0.5966796875 0.033203125 0.029296875
0 0.68017578125 0.666015625 0.0361328125 0.03125
0 0.12646484375 0.1142578125 0.1591796875 0.05078125
0 0.623046875 0.45654296875 0.14453125 0.1259765625
0 0.53125 0.826171875 0.0390625 0.05078125
0 0.708984375 0.0498046875 0.01953125 0.013671875
0 0.02880859375 0.837890625 0.0341796875 0.025390625
0 0.9189453125 0.853515625 0.04296875 0.04296875
0 0.01513671875 0.9267578125 0.0302734375 0.029296875
0 0.88427734375 0.7890625 0.0615234375 0.060546875
0 0.61572265625 0.28466796875 0.0361328125 0.0380859375
0 0.97705078125 0.45068359375 0.0341796875 0.0341796875
0 0.494140625 0.1201171875 0.05078125 0.05078125
0 0.513671875 0.7783203125 0.025390625 0.025390625