0 0.16943359375 0.6376953125 0.0341796875 0.025390625
0 0.662109375 0.1181640625 0.01953125 0.017578125
0 0.69775390625 0.5283203125 0.0322265625 0.03125
0 0.73486328125 0.47998046875 0.0302734375 0.0322265625
0 0.4736328125 0.48046875 0.248046875 0.248046875
0 0.6552734375 0.20166015625 0.0390625 0.0341796875
0 0.8671875 0.04833984375 0.09765625 0.0400390625
0 0.765625 0.89599609375 0.1484375 0.1298828125
0 0.916015625 0.64697265625 0.1015625 0.3232421875
0 0.03564453125 0.4365234375 0.0263671875 0.0234375
0 0.44287109375 0.234375 0.0751953125 0.076171875
0 0.8173828125 0.30419921875 0.06640625 0.0595703125
0 0.8466796875 0.728515625 0.0234375 0.0234375
0 0.7578125 0.189453125 0.044921875 0.05859375
0 0.04541015625 0.10302734375 0.0634765625 0.0634765625
0 0.05810546875 0.283203125 0.0166015625 0.01171875
0 0.099609375 0.1591796875 0.02734375 0.033203125
0 0.62109375 0.623046875 0.041015625 0.041015625
0 0.4375 0.7421875 0.029296875 0.03515625
0 0.43994140625 0.8037109375 0.0205078125 0.015625
0 0.37841796875 0.1357421875 0.0673828125 0.06640625
0 0.88720703125 0.39111328125 0.1728515625 0.0927734375
0 0.283203125 0.87353515625 0.03125 0.0341796875
0 0.6357421875 0.16064453125 0.107421875 0.0400390625
0 0.10986328125 0.78173828125 0.0556640625 0.1533203125
0 0.69140625 0.814453125 0.0234375 0.0234375
0 0.30078125 0.3125 0.05859375 0.0625
0 0.16748046875 0.32763671875 0.1044921875 0.4892578125
0 0.8935546875 0.9130859375 0.02734375 0.029296875
0 0.71435546875 0.189453125 0.0283203125 0.03515625
0 0.55322265625 0.0810546875 0.1416015625 0.072265625
0 0.50732421875 0.7255859375 0.1044921875 0.240234375
0 0.28564453125 0.9287109375 0.0517578125 0.052734375
0 0.70751953125 0.14990234375 0.0322265625 0.0341796875
0 0.35888671875 0.31640625 0.0419921875 0.041015625
0 0.6123046875 0.9326171875 0.08203125 0.072265625
0 0.39306640625 0.93603515625 0.0322265625 0.0419921875
0 0.5869140625 0.24853515625 0.146484375 0.0458984375
0 0.75341796875 0.60986328125 0.0361328125 0.0830078125
0 0.1962890625 0.9228515625 0.09765625 0.111328125
0 0.89453125 0.9423828125 0.07421875 0.021484375
0 0.216796875 0.7734375 0.14453125 0.1640625
0 0.3828125 0.66015625 0.107421875 0.109375
0 0.87060546875 0.236328125 0.0400390625 0.041015625