0 0.453125 0.5322265625 0.794921875 0.421875
0 0.79052734375 0.97216796875 0.1025390625 0.0537109375
0 0.72607421875 0.806640625 0.0654296875 0.064453125
0 0.328125 0.0595703125 0.0390625 0.033203125
0 0.630859375 0.10107421875 0.43359375 0.0927734375
0 0.6513671875 0.7802734375 0.0625 0.046875
0 0.4482421875 0.26806640625 0.056640625 0.0556640625
0 0.0341796875 0.671875 0.0234375 0.0234375
0 0.56298828125 0.92822265625 0.1396484375 0.0751953125
0 0.3818359375 0.1162109375 0.03125 0.033203125
0 0.9404296875 0.57763671875 0.09765625 0.4580078125
0 0.22412109375 0.04931640625 0.0537109375 0.0576171875
0 0.484375 0.8466796875 0.037109375 0.048828125
0 0.0380859375 0.83056640625 0.037109375 0.0380859375
0 0.46630859375 0.77978515625 0.0185546875 0.0166015625
0 0.28076171875 0.27197265625 0.0654296875 0.0263671875
0 0.900390625 0.32421875 0.046875 0.046875
0 0.28662109375 0.865234375 0.2978515625 0.09765625
0 0.74658203125 0.31005859375 0.0302734375 0.0205078125
0 0.65625 0.20751953125 0.078125 0.0771484375
0 0.09765625 0.10107421875 0.130859375 0.1337890625
0 0.92431640625 0.08544921875 0.1298828125 0.1318359375
0 0.373046875 0.22314453125 0.0625 0.1416015625
0 0.27490234375 0.96826171875 0.0615234375 0.0634765625
0 0.88818359375 0.2275390625 0.1181640625 0.103515625
0 0.080078125 0.80078125 0.021484375 0.0234375
0 0.42822265625 0.0185546875 0.0283203125 0.03515625
0 0.916015625 0.962890625 0.044921875 0.041015625
0 0.46435546875 0.2109375 0.0810546875 0.0234375
0 0.7783203125 0.2275390625 0.046875 0.046875
0 0.1474609375 0.19921875 0.154296875 0.052734375
0 0.24951171875 0.76318359375 0.0244140625 0.0205078125
0 0.81689453125 0.92529296875 0.0302734375 0.0322265625
0 0.12548828125 0.9541015625 0.0830078125 0.029296875
0 0.01708984375 0.30615234375 0.0341796875 0.0263671875
0 0.62939453125 0.27685546875 0.0380859375 0.0380859375
0 0.8916015625 0.8935546875 0.080078125 0.091796875
0 0.85107421875 0.7919921875 0.0263671875 0.03125
0 0.53662109375 0.84130859375 0.0634765625 0.0830078125
0 0.6767578125 0.8720703125 0.037109375 0.044921875
0 0.03955078125 0.95458984375 0.0400390625 0.0419921875