0 0.42724609375 0.47265625 0.1201171875 0.04296875
0 0.6982421875 0.6328125 0.01171875 0.013671875
0 0.10693359375 0.51318359375 0.0634765625 0.0634765625
0 0.4912109375 0.814453125 0.841796875 0.3125
0 0.07177734375 0.259765625 0.0263671875 0.025390625
0 0.5439453125 0.62451171875 0.06640625 0.0341796875
0 0.3134765625 0.13818359375 0.068359375 0.0283203125
0 0.2470703125 0.19287109375 0.0546875 0.0595703125
0 0.61767578125 0.4833984375 0.1416015625 0.162109375
0 0.78369140625 0.115234375 0.0673828125 0.15625
0 0.26416015625 0.47998046875 0.1181640625 0.0634765625
0 0.9072265625 0.61767578125 0.02734375 0.0341796875
0 0.29931640625 0.58837890625 0.0634765625 0.0673828125
0 0.63427734375 0.09912109375 0.1728515625 0.1513671875
0 0.14990234375 0.515625 0.0146484375 0.013671875
0 0.90185546875 0.13720703125 0.1572265625 0.1572265625
0 0.240234375 0.09326171875 0.03125 0.0380859375
0 0.86767578125 0.25341796875 0.0341796875 0.0361328125
0 0.40087890625 0.1953125 0.0693359375 0.068359375
0 0.564453125 0.2802734375 0.048828125 0.05078125
0 0.4453125 0.3212890625 0.078125 0.080078125
0 0.0322265625 0.7919921875 0.041015625 0.04296875
0 0.5078125 0.5400390625 0.037109375 0.048828125
0 0.115234375 0.2666015625 0.02734375 0.02734375
0 0.17138671875 0.3662109375 0.3349609375 0.103515625
0 0.740234375 0.4169921875 0.083984375 0.0859375
0 0.951171875 0.423828125 0.095703125 0.109375
0 0.82763671875 0.34326171875 0.0244140625 0.0322265625
0 0.4404296875 0.541015625 0.037109375 0.029296875
0 0.0478515625 0.4736328125 0.02734375 0.0234375
0 0.0283203125 0.87890625 0.041015625 0.03515625
0 0.73291015625 0.634765625 0.0224609375 0.015625
0 0.4375 0.408203125 0.0703125 0.068359375
0 0.12353515625 0.20654296875 0.0693359375 0.0517578125
0 0.50390625 0.1201171875 0.037109375 0.033203125
0 0.1591796875 0.58056640625 0.078125 0.0244140625
0 0.9580078125 0.6044921875 0.048828125 0.111328125
0 0.52685546875 0.42041015625 0.0361328125 0.0361328125
0 0.76611328125 0.58251953125 0.1513671875 0.0517578125
0 0.18603515625 0.04150390625 0.0244140625 0.0244140625
0 0.0224609375 0.638671875 0.04296875 0.04296875
0 0.23876953125 0.5791015625 0.0439453125 0.046875