0 0.64794921875 0.724609375 0.6513671875 0.251953125
0 0.77685546875 0.50634765625 0.0712890625 0.0361328125
0 0.130859375 0.93701171875 0.052734375 0.0517578125
0 0.9580078125 0.41845703125 0.03515625 0.0302734375
0 0.396484375 0.33251953125 0.07421875 0.2138671875
0 0.73388671875 0.384765625 0.1318359375 0.044921875
0 0.23486328125 0.048828125 0.0732421875 0.07421875
0 0.23291015625 0.25 0.0185546875 0.01953125
0 0.14892578125 0.640625 0.0986328125 0.296875
0 0.0888671875 0.22216796875 0.037109375 0.0322265625
0 0.5263671875 0.41455078125 0.162109375 0.1416015625
0 0.419921875 0.041015625 0.025390625 0.025390625
0 0.7041015625 0.2197265625 0.177734375 0.15625
0 0.60888671875 0.87353515625 0.0400390625 0.0361328125
0 0.0751953125 0.2705078125 0.02734375 0.02734375
0 0.8515625 0.39208984375 0.091796875 0.0341796875
0 0.068359375 0.3544921875 0.09375 0.107421875
0 0.0595703125 0.73046875 0.07421875 0.23046875
0 0.9365234375 0.466796875 0.03125 0.0390625
0 0.82275390625 0.2255859375 0.0400390625 0.05078125
0 0.294921875 0.82861328125 0.05078125 0.0517578125
0 0.8955078125 0.89501953125 0.05859375 0.0439453125
0 0.1552734375 0.314453125 0.0625 0.06640625
0 0.56396484375 0.9697265625 0.0302734375 0.0234375
0 0.64892578125 0.44091796875 0.0634765625 0.0615234375
0 0.279296875 0.44921875 0.107421875 0.123046875
0 0.033203125 0.85888671875 0.01953125 0.0224609375
0 0.28515625 0.1240234375 0.03125 0.033203125
0 0.525390625 0.51416015625 0.048828125 0.0478515625
0 0.1513671875 0.369140625 0.0234375 0.0234375
0 0.4892578125 0.19384765625 0.080078125 0.1923828125
0 0.66748046875 0.873046875 0.0615234375 0.025390625
0 0.29345703125 0.57177734375 0.0458984375 0.0458984375
0 0.78759765625 0.05615234375 0.3427734375 0.1123046875
0 0.11767578125 0.1494140625 0.1806640625 0.09765625
0 0.70556640625 0.91064453125 0.0302734375 0.0283203125
0 0.6748046875 0.32861328125 0.0390625 0.0517578125
0 0.59326171875 0.30859375 0.0634765625 0.01953125
0 0.96728515625 0.34375 0.0517578125 0.0546875
0 0.95703125 0.25244140625 0.044921875 0.1025390625
0 0.59716796875 0.55078125 0.0556640625 0.060546875
0 0.26611328125 0.63134765625 0.0595703125 0.0615234375
0 0.40380859375 0.1279296875 0.0439453125 0.052734375
0 0.8232421875 0.98583984375 0.021484375 0.0146484375