0 0.048828125 0.3408203125 0.056640625 0.130859375
0 0.2978515625 0.064453125 0.111328125 0.05859375
0 0.759765625 0.6669921875 0.298828125 0.05859375
0 0.9375 0.068359375 0.09765625 0.111328125
0 0.2451171875 0.2197265625 0.03125 0.033203125
0 0.55810546875 0.79052734375 0.0712890625 0.0283203125
0 0.32861328125 0.81396484375 0.1123046875 0.1279296875
0 0.115234375 0.85205078125 0.12890625 0.0478515625
0 0.56640625 0.390625 0.123046875 0.125
0 0.75390625 0.490234375 0.076171875 0.056640625
0 0.7509765625 0.56005859375 0.06640625 0.0205078125
0 0.11083984375 0.5390625 0.0244140625 0.029296875
0 0.34228515625 0.24951171875 0.0419921875 0.0380859375
0 0.25 0.3720703125 0.076171875 0.078125
0 0.70263671875 0.94140625 0.0380859375 0.041015625
0 0.365234375 0.55615234375 0.470703125 0.1748046875
0 0.53759765625 0.0986328125 0.0517578125 0.05078125
0 0.5087890625 0.9765625 0.029296875 0.03125
0 0.853515625 0.14501953125 0.064453125 0.0634765625
0 0.724609375 0.3291015625 0.03125 0.03125
0 0.0849609375 0.138671875 0.029296875 0.029296875
0 0.08642578125 0.6337890625 0.0458984375 0.05859375
0 0.97314453125 0.25830078125 0.0322265625 0.0244140625
0 0.14697265625 0.740234375 0.2431640625 0.130859375
0 0.35693359375 0.35107421875 0.0556640625 0.1630859375
0 0.876953125 0.4462890625 0.109375 0.345703125
0 0.859375 0.8349609375 0.138671875 0.12109375
0 0.96435546875 0.78857421875 0.0654296875 0.1923828125
0 0.49072265625 0.67724609375 0.0537109375 0.0537109375
0 0.7294921875 0.8955078125 0.015625 0.01953125
0 0.7333984375 0.12353515625 0.01953125 0.0205078125
0 0.60888671875 0.23486328125 0.1494140625 0.0478515625
0 0.77197265625 0.17041015625 0.0458984375 0.0556640625
0 0.59912109375 0.9189453125 0.1357421875 0.119140625
0 0.44921875 0.94873046875 0.087890625 0.0869140625
0 0.310546875 0.708984375 0.044921875 0.044921875
0 0.79296875 0.24169921875 0.03515625 0.0361328125
0 0.1494140625 0.25537109375 0.076171875 0.1650390625
0 0.11962890625 0.1142578125 0.0361328125 0.0390625
0 0.705078125 0.25 0.0234375 0.021484375
0 0.47509765625 0.365234375 0.0205078125 0.017578125
0 0.0576171875 0.4716796875 0.07421875 0.076171875
0 0.3173828125 0.13623046875 0.029296875 0.0380859375
0 0.14208984375 0.37451171875 0.0244140625 0.0205078125
0 0.5234375 0.15234375 0.02734375 0.01953125