0 0.228515625 0.27978515625 0.296875 0.0634765625
0 0.853515625 0.40234375 0.060546875 0.13671875
0 0.09521484375 0.521484375 0.0615234375 0.0625
0 0.48681640625 0.47216796875 0.1416015625 0.1240234375
0 0.52197265625 0.787109375 0.6357421875 0.236328125
0 0.5341796875 0.1767578125 0.2578125 0.2578125
0 0.0517578125 0.1796875 0.03125 0.0390625
0 0.84521484375 0.0859375 0.0263671875 0.02734375
0 0.73095703125 0.451171875 0.1298828125 0.1328125
0 0.15673828125 0.06884765625 0.0380859375 0.0283203125
0 0.12109375 0.37939453125 0.056640625 0.0224609375
0 0.0654296875 0.74609375 0.05859375 0.076171875
0 0.19580078125 0.20751953125 0.0732421875 0.0732421875
0 0.4130859375 0.35302734375 0.12890625 0.0693359375
0 0.37255859375 0.2080078125 0.0322265625 0.04296875
0 0.2822265625 0.5556640625 0.078125 0.08984375
0 0.52490234375 0.591796875 0.0751953125 0.0390625
0 0.9541015625 0.83935546875 0.04296875 0.0361328125
0 0.26318359375 0.35009765625 0.0361328125 0.0361328125
0 0.24951171875 0.6337890625 0.0126953125 0.015625
0 0.373046875 0.44287109375 0.029296875 0.0263671875
0 0.90283203125 0.029296875 0.0478515625 0.04296875
0 0.763671875 0.20751953125 0.064453125 0.1904296875
0 0.1787109375 0.64404296875 0.083984375 0.0244140625
0 0.9501953125 0.3984375 0.06640625 0.3125
0 0.103515625 0.5703125 0.029296875 0.03125
0 0.73876953125 0.556640625 0.0595703125 0.0625
0 0.28369140625 0.41015625 0.0615234375 0.060546875
0 0.6044921875 0.3515625 0.13671875 0.046875
0 0.9755859375 0.173828125 0.025390625 0.025390625
0 0.87109375 0.16259765625 0.12890625 0.0478515625
0 0.91455078125 0.61474609375 0.1103515625 0.0966796875
0 0.03515625 0.38818359375 0.0625 0.1435546875
0 0.11865234375 0.77197265625 0.0302734375 0.0263671875
0 0.08203125 0.91943359375 0.1328125 0.1513671875
0 0.63818359375 0.93701171875 0.0380859375 0.0380859375
0 0.2763671875 0.15576171875 0.056640625 0.0556640625
0 0.16748046875 0.544921875 0.0419921875 0.041015625
0 0.21044921875 0.42333984375 0.0458984375 0.0556640625
0 0.103515625 0.09130859375 0.021484375 0.0224609375
0 0.6484375 0.607421875 0.111328125 0.11328125
0 0.7158203125 0.337890625 0.05859375 0.0625
0 0.33544921875 0.96826171875 0.0244140625 0.0166015625
0 0.392578125 0.5771484375 0.060546875 0.064453125
0 0.89404296875 0.7919921875 0.0751953125 0.20703125
0 0.3359375 0.37548828125 0.01953125 0.0146484375