0 0.109375 0.88623046875 0.146484375 0.0458984375
0 0.6279296875 0.48779296875 0.4765625 0.2470703125
0 0.853515625 0.09521484375 0.03515625 0.0380859375
0 0.1162109375 0.5927734375 0.02734375 0.02734375
0 0.1416015625 0.2685546875 0.03515625 0.037109375
0 0.25 0.77490234375 0.021484375 0.0263671875
0 0.78173828125 0.18701171875 0.0244140625 0.0205078125
0 0.25537109375 0.22119140625 0.1357421875 0.1552734375
0 0.2705078125 0.4970703125 0.146484375 0.146484375
0 0.92236328125 0.31640625 0.0712890625 0.072265625
0 0.05224609375 0.67578125 0.0673828125 0.068359375
0 0.5419921875 0.75341796875 0.13671875 0.1396484375
0 0.67724609375 0.9306640625 0.0458984375 0.044921875
0 0.9384765625 0.2080078125 0.04296875 0.056640625
0 0.0849609375 0.3984375 0.078125 0.0703125
0 0.35107421875 0.11474609375 0.0283203125 0.0283203125
0 0.47900390625 0.90087890625 0.3056640625 0.1181640625
0 0.06884765625 0.23486328125 0.0810546875 0.0419921875
0 0.72216796875 0.7041015625 0.0556640625 0.05859375
0 0.81787109375 0.8564453125 0.1787109375 0.15625
0 0.18017578125 0.63427734375 0.0400390625 0.0400390625
0 0.4111328125 0.21630859375 0.05078125 0.0380859375
0 0.36474609375 0.04638671875 0.0400390625 0.0517578125
0 0.23583984375 0.025390625 0.0654296875 0.0234375
0 0.17431640625 0.39111328125 0.0419921875 0.0439453125
0 0.57177734375 0.21142578125 0.0810546875 0.2392578125
0 0.30419921875 0.7451171875 0.0478515625 0.115234375
0 0.03125 0.03662109375 0.033203125 0.0341796875
0 0.11865234375 0.10693359375 0.1181640625 0.0478515625
0 0.85302734375 0.298828125 0.0556640625 0.05859375
0 0.97509765625 0.10546875 0.0166015625 0.015625
0 0.78662109375 0.23388671875 0.0322265625 0.0322265625
0 0.966796875 0.74755859375 0.056640625 0.1650390625
0 0.44287109375 0.7392578125 0.0458984375 0.10546875
0 0.724609375 0.28662109375 0.072265625 0.0712890625
0 0.31005859375 0.3720703125 0.0732421875 0.083984375
0 0.240234375 0.66064453125 0.017578125 0.0146484375
0 0.18701171875 0.05859375 0.0400390625 0.0390625
0 0.53662109375 0.64599609375 0.0185546875 0.0126953125
0 0.6396484375 0.0654296875 0.083984375 0.025390625
0 0.73583984375 0.08056640625 0.0205078125 0.0166015625
0 0.27099609375 0.95751953125 0.0302734375 0.0380859375
0 0.103515625 0.76171875 0.037109375 0.044921875