0 0.30517578125 0.1455078125 0.5439453125 0.2109375
0 0.6904296875 0.4150390625 0.060546875 0.05859375
0 0.830078125 0.15966796875 0.033203125 0.0439453125
0 0.28515625 0.677734375 0.115234375 0.1171875
0 0.5185546875 0.34521484375 0.041015625 0.0498046875
0 0.1953125 0.3466796875 0.14453125 0.048828125
0 0.71826171875 0.55859375 0.1083984375 0.04296875
0 0.88134765625 0.55712890625 0.1435546875 0.6708984375
0 0.02099609375 0.7197265625 0.0224609375 0.029296875
0 0.5361328125 0.89794921875 0.15625 0.1787109375
0 0.4140625 0.43505859375 0.044921875 0.0478515625
0 0.76953125 0.23876953125 0.06640625 0.0498046875
0 0.5009765625 0.58203125 0.18359375 0.18359375
0 0.125 0.73974609375 0.080078125 0.0908203125
0 0.73095703125 0.91796875 0.0498046875 0.12109375
0 0.1435546875 0.595703125 0.083984375 0.07421875
0 0.72265625 0.66015625 0.0234375 0.0234375
0 0.3828125 0.34814453125 0.04296875 0.0458984375
0 0.27099609375 0.84765625 0.3525390625 0.109375
0 0.11083984375 0.4775390625 0.1826171875 0.16015625
0 0.64892578125 0.294921875 0.0634765625 0.13671875
0 0.75537109375 0.10986328125 0.0966796875 0.0947265625
0 0.591796875 0.7373046875 0.203125 0.109375
0 0.7470703125 0.59716796875 0.02734375 0.0283203125
0 0.44580078125 0.74462890625 0.0283203125 0.0283203125
0 0.306640625 0.51025390625 0.130859375 0.0673828125
0 0.92626953125 0.15673828125 0.1064453125 0.1083984375
0 0.953125 0.04345703125 0.07421875 0.0263671875
0 0.3017578125 0.33251953125 0.064453125 0.0634765625
0 0.90576171875 0.94921875 0.0439453125 0.046875
0 0.16259765625 0.6552734375 0.1005859375 0.03125
0 0.15869140625 0.28076171875 0.0478515625 0.0517578125
0 0.2138671875 0.75830078125 0.025390625 0.0224609375
0 0.07568359375 0.5693359375 0.0205078125 0.013671875
0 0.96435546875 0.59716796875 0.0146484375 0.0185546875
0 0.751953125 0.76171875 0.017578125 0.015625
0 0.02001953125 0.13818359375 0.0205078125 0.0166015625
0 0.03173828125 0.63232421875 0.0517578125 0.0537109375
0 0.8759765625 0.02978515625 0.048828125 0.0498046875
0 0.5908203125 0.30859375 0.033203125 0.033203125
0 0.75830078125 0.4521484375 0.0244140625 0.029296875
0 0.3837890625 0.7431640625 0.05859375 0.05859375
0 0.65478515625 0.60888671875 0.0380859375 0.0322265625
0 0.2119140625 0.97216796875 0.046875 0.0419921875