0 0.80126953125 0.123046875 0.0458984375 0.044921875
0 0.09521484375 0.69189453125 0.0556640625 0.0576171875
0 0.7236328125 0.302734375 0.17578125 0.17578125
0 0.32470703125 0.60400390625 0.3916015625 0.1279296875
0 0.6962890625 0.61865234375 0.064453125 0.0634765625
0 0.22705078125 0.9384765625 0.0224609375 0.0234375
0 0.4697265625 0.380859375 0.08203125 0.072265625
0 0.333984375 0.1884765625 0.57421875 0.212890625
0 0.37060546875 0.796875 0.0732421875 0.07421875
0 0.94580078125 0.3623046875 0.0751953125 0.02734375
0 0.89013671875 0.67431640625 0.1220703125 0.5244140625
0 0.658203125 0.83154296875 0.078125 0.2158203125
0 0.37744140625 0.94970703125 0.0400390625 0.0537109375
0 0.12939453125 0.8330078125 0.0263671875 0.017578125
0 0.330078125 0.71923828125 0.064453125 0.0478515625
0 0.19482421875 0.40869140625 0.0419921875 0.0361328125
0 0.2373046875 0.83203125 0.134765625 0.154296875
0 0.6103515625 0.416015625 0.0390625 0.083984375
0 0.69921875 0.0615234375 0.1484375 0.080078125
0 0.3515625 0.3603515625 0.03125 0.02734375
0 0.75 0.49609375 0.14453125 0.126953125
0 0.2939453125 0.33203125 0.025390625 0.0234375
0 0.5166015625 0.6923828125 0.064453125 0.01953125
0 0.7890625 0.97314453125 0.0703125 0.0361328125
0 0.7958984375 0.8251953125 0.037109375 0.037109375
0 0.388671875 0.46044921875 0.32421875 0.0693359375
0 0.046875 0.88427734375 0.06640625 0.0673828125
0 0.0419921875 0.54150390625 0.076171875 0.0869140625
0 0.7294921875 0.1845703125 0.12109375 0.041015625
0 0.23974609375 0.69580078125 0.0166015625 0.0205078125
0 0.08203125 0.42041015625 0.041015625 0.0439453125
0 0.5908203125 0.56396484375 0.072265625 0.1728515625
0 0.89404296875 0.06494140625 0.0361328125 0.0361328125
0 0.771484375 0.619140625 0.0546875 0.06640625
0 0.9365234375 0.25927734375 0.02734375 0.0361328125
0 0.84521484375 0.0400390625 0.0283203125 0.021484375
0 0.43701171875 0.75341796875 0.0556640625 0.0595703125
0 0.8330078125 0.08935546875 0.01171875 0.0146484375
0 0.8681640625 0.29150390625 0.09375 0.0927734375
0 0.09130859375 0.75927734375 0.0673828125 0.0615234375
0 0.21240234375 0.35693359375 0.1201171875 0.0498046875
0 0.38037109375 0.5166015625 0.0185546875 0.01953125
0 0.56396484375 0.91943359375 0.0322265625 0.0322265625
0 0.78515625 0.869140625 0.03125 0.03125
0 0.74609375 0.7841796875 0.046875 0.048828125