0 0.21142578125 0.49462890625 0.0302734375 0.0263671875
0 0.75927734375 0.19970703125 0.0673828125 0.1962890625
0 0.31787109375 0.83837890625 0.2705078125 0.0576171875
0 0.06201171875 0.91796875 0.1201171875 0.044921875
0 0.29248046875 0.25146484375 0.0302734375 0.0224609375
0 0.49609375 0.5849609375 0.4609375 0.271484375
0 0.05712890625 0.53662109375 0.0791015625 0.1708984375
0 0.650390625 0.98681640625 0.017578125 0.0224609375
0 0.88232421875 0.408203125 0.0654296875 0.06640625
0 0.3017578125 0.3486328125 0.43359375 0.134765625
0 0.6826171875 0.25830078125 0.068359375 0.0693359375
0 0.55322265625 0.1572265625 0.0458984375 0.044921875
0 0.92041015625 0.19140625 0.1005859375 0.296875
0 0.90576171875 0.60986328125 0.0849609375 0.2685546875
0 0.20654296875 0.13427734375 0.1591796875 0.0537109375
0 0.35400390625 0.16357421875 0.1064453125 0.1083984375
0 0.40869140625 0.2548828125 0.0341796875 0.025390625
0 0.03955078125 0.767578125 0.0322265625 0.0234375
0 0.81640625 0.81689453125 0.22265625 0.1240234375
0 0.68408203125 0.41259765625 0.0615234375 0.0654296875
0 0.4384765625 0.9169921875 0.064453125 0.0703125
0 0.12744140625 0.2353515625 0.0615234375 0.064453125
0 0.2978515625 0.91064453125 0.05859375 0.0537109375
0 0.16552734375 0.61669921875 0.0244140625 0.0244140625
0 0.13037109375 0.53466796875 0.0654296875 0.0263671875
0 0.556640625 0.8525390625 0.02734375 0.029296875
0 0.513671875 0.04638671875 0.08203125 0.0810546875
0 0.19775390625 0.45068359375 0.0283203125 0.0302734375
0 0.11572265625 0.04638671875 0.0263671875 0.0263671875
0 0.7607421875 0.54296875 0.044921875 0.046875
0 0.58154296875 0.951171875 0.1083984375 0.095703125
0 0.02490234375 0.69970703125 0.0263671875 0.0322265625
0 0.58251953125 0.2802734375 0.0966796875 0.109375
0 0.671875 0.04296875 0.111328125 0.056640625
0 0.0810546875 0.79443359375 0.03515625 0.0458984375
0 0.421875 0.765625 0.05078125 0.048828125
0 0.87255859375 0.931640625 0.0927734375 0.02734375
0 0.845703125 0.021484375 0.041015625 0.041015625
0 0.98046875 0.01123046875 0.015625 0.0146484375
0 0.23583984375 0.599609375 0.0439453125 0.10546875
0 0.037109375 0.15625 0.0390625 0.046875
0 0.04931640625 0.09326171875 0.0732421875 0.0732421875
0 0.79248046875 0.45947265625 0.0361328125 0.0478515625
0 0.19140625 0.92626953125 0.091796875 0.1044921875
0 0.17333984375 0.7705078125 0.0244140625 0.021484375