0 0.52001953125 0.2421875 0.0654296875 0.01953125
0 0.1083984375 0.75 0.03515625 0.046875
0 0.466796875 0.58935546875 0.146484375 0.5009765625
0 0.962890625 0.48828125 0.025390625 0.033203125
0 0.18359375 0.419921875 0.08984375 0.033203125
0 0.6845703125 0.517578125 0.1171875 0.134765625
0 0.310546875 0.29248046875 0.044921875 0.0439453125
0 0.79833984375 0.48291015625 0.0419921875 0.0322265625
0 0.90283203125 0.2265625 0.0478515625 0.109375
0 0.73974609375 0.2529296875 0.0224609375 0.01953125
0 0.67919921875 0.6337890625 0.0888671875 0.08984375
0 0.03271484375 0.8857421875 0.0537109375 0.056640625
0 0.08251953125 0.5947265625 0.0810546875 0.23828125
0 0.8544921875 0.59423828125 0.0703125 0.0693359375
0 0.28173828125 0.09228515625 0.0419921875 0.0419921875
0 0.39306640625 0.2900390625 0.1005859375 0.03125
0 0.82275390625 0.88623046875 0.1962890625 0.1962890625
0 0.30810546875 0.65234375 0.1533203125 0.658203125
0 0.71630859375 0.35595703125 0.1396484375 0.1591796875
0 0.63720703125 0.96337890625 0.0263671875 0.0283203125
0 0.15625 0.2451171875 0.052734375 0.0390625
0 0.59130859375 0.0888671875 0.4482421875 0.166015625
0 0.1982421875 0.853515625 0.025390625 0.025390625
0 0.12939453125 0.33056640625 0.1376953125 0.1201171875
0 0.52099609375 0.19677734375 0.0185546875 0.0224609375
0 0.21875 0.46484375 0.021484375 0.0234375
0 0.42236328125 0.19921875 0.0458984375 0.041015625
0 0.85693359375 0.29931640625 0.0400390625 0.0400390625
0 0.89599609375 0.7080078125 0.1357421875 0.119140625
0 0.63720703125 0.85546875 0.0205078125 0.025390625
0 0.08056640625 0.07373046875 0.0576171875 0.0224609375
0 0.93505859375 0.3681640625 0.0634765625 0.064453125
0 0.58740234375 0.6337890625 0.0400390625 0.04296875
0 0.0302734375 0.18701171875 0.021484375 0.0185546875
0 0.61083984375 0.9189453125 0.0478515625 0.05859375
0 0.02978515625 0.73974609375 0.0166015625 0.0146484375
0 0.5830078125 0.5810546875 0.044921875 0.046875
0 0.09716796875 0.9111328125 0.0615234375 0.169921875
0 0.44873046875 0.92138671875 0.1083984375 0.1103515625
0 0.60546875 0.70849609375 0.05078125 0.0498046875
0 0.8779296875 0.4931640625 0.029296875 0.029296875
0 0.84375 0.07568359375 0.02734375 0.0185546875
0 0.24267578125 0.13671875 0.0341796875 0.037109375
0 0.2041015625 0.19140625 0.103515625 0.052734375