0 0.3388671875 0.765625 0.1171875 0.046875
0 0.72705078125 0.5009765625 0.5458984375 0.322265625
0 0.46923828125 0.89111328125 0.1123046875 0.1279296875
0 0.07568359375 0.4951171875 0.1474609375 0.474609375
0 0.3505859375 0.66357421875 0.134765625 0.0498046875
0 0.068359375 0.09228515625 0.025390625 0.0302734375
0 0.22314453125 0.74560546875 0.0537109375 0.0556640625
0 0.435546875 0.7001953125 0.033203125 0.03515625
0 0.18701171875 0.86328125 0.1826171875 0.16015625
0 0.9306640625 0.23193359375 0.04296875 0.0986328125
0 0.3671875 0.29931640625 0.033203125 0.0283203125
0 0.21923828125 0.2890625 0.1259765625 0.390625
0 0.20703125 0.671875 0.033203125 0.033203125
0 0.49609375 0.19677734375 0.0546875 0.0537109375
0 0.314453125 0.24853515625 0.025390625 0.0322265625
0 0.6787109375 0.84423828125 0.169921875 0.0576171875
0 0.57763671875 0.77734375 0.0537109375 0.052734375
0 0.8251953125 0.76416015625 0.037109375 0.0283203125
0 0.6728515625 0.1591796875 0.111328125 0.09765625
0 0.8916015625 0.92236328125 0.0546875 0.0576171875
0 0.85693359375 0.11962890625 0.0986328125 0.2275390625
0 0.45458984375 0.265625 0.0966796875 0.029296875
0 0.37109375 0.13818359375 0.05859375 0.0595703125
0 0.771484375 0.279296875 0.072265625 0.0546875
0 0.38330078125 0.97705078125 0.0400390625 0.0400390625
0 0.935546875 0.05322265625 0.0234375 0.0166015625
0 0.46484375 0.11279296875 0.052734375 0.0556640625
0 0.87744140625 0.84033203125 0.0595703125 0.0595703125
0 0.47412109375 0.69677734375 0.0283203125 0.0361328125
0 0.56201171875 0.0712890625 0.0869140625 0.099609375
0 0.587890625 0.25634765625 0.08984375 0.0458984375
0 0.37841796875 0.45849609375 0.1337890625 0.1357421875
0 0.0205078125 0.0576171875 0.033203125 0.033203125
0 0.36865234375 0.01416015625 0.0146484375 0.0126953125
0 0.921875 0.7421875 0.083984375 0.0859375
0 0.4658203125 0.74169921875 0.021484375 0.0185546875
0 0.3427734375 0.6005859375 0.0390625 0.046875
0 0.37451171875 0.35498046875 0.0263671875 0.0283203125
0 0.36279296875 0.2373046875 0.0517578125 0.046875
0 0.45654296875 0.7939453125 0.0595703125 0.05859375
0 0.12890625 0.21923828125 0.04296875 0.0458984375
0 0.3544921875 0.83447265625 0.0546875 0.0712890625