0 0.11083984375 0.51513671875 0.1572265625 0.0849609375
0 0.0556640625 0.7412109375 0.037109375 0.0390625
0 0.7138671875 0.599609375 0.052734375 0.0390625
0 0.583984375 0.13720703125 0.375 0.2255859375
0 0.92138671875 0.3974609375 0.1435546875 0.619140625
0 0.85693359375 0.89794921875 0.0380859375 0.0400390625
0 0.662109375 0.88232421875 0.0859375 0.1982421875
0 0.29931640625 0.6533203125 0.2294921875 0.048828125
0 0.48681640625 0.56591796875 0.1513671875 0.0517578125
0 0.15087890625 0.1796875 0.1142578125 0.130859375
0 0.81689453125 0.62548828125 0.0361328125 0.0361328125
0 0.43994140625 0.80224609375 0.1162109375 0.1181640625
0 0.314453125 0.74560546875 0.123046875 0.0458984375
0 0.0380859375 0.92822265625 0.04296875 0.0517578125
0 0.556640625 0.65771484375 0.095703125 0.0830078125
0 0.4892578125 0.38818359375 0.28125 0.0869140625
0 0.20947265625 0.3271484375 0.0341796875 0.044921875
0 0.63037109375 0.62841796875 0.0302734375 0.0380859375
0 0.46142578125 0.93701171875 0.1357421875 0.0693359375
0 0.28857421875 0.43115234375 0.0927734375 0.0263671875
0 0.1953125 0.923828125 0.0390625 0.0859375
0 0.138671875 0.67041015625 0.064453125 0.0634765625
0 0.677734375 0.5380859375 0.037109375 0.037109375
0 0.357421875 0.93408203125 0.046875 0.0478515625
0 0.32080078125 0.37451171875 0.0439453125 0.0400390625
0 0.765625 0.333984375 0.1640625 0.1640625
0 0.48681640625 0.4833984375 0.0595703125 0.064453125
0 0.97900390625 0.97509765625 0.0185546875 0.0166015625
0 0.08740234375 0.62744140625 0.0361328125 0.0361328125
0 0.86474609375 0.857421875 0.0205078125 0.017578125
0 0.71533203125 0.8349609375 0.0126953125 0.01171875
0 0.1513671875 0.28662109375 0.0703125 0.0283203125
0 0.75390625 0.67333984375 0.056640625 0.0595703125
0 0.54833984375 0.765625 0.0244140625 0.029296875
0 0.80078125 0.52685546875 0.078125 0.0771484375
0 0.814453125 0.154296875 0.068359375 0.1875
0 0.2353515625 0.90234375 0.029296875 0.03125
0 0.39501953125 0.69287109375 0.0283203125 0.0205078125
0 0.46533203125 0.87841796875 0.0205078125 0.0166015625
0 0.94775390625 0.80224609375 0.0224609375 0.0224609375
0 0.669921875 0.7138671875 0.091796875 0.080078125
0 0.28857421875 0.166015625 0.1259765625 0.12890625
0 0.7890625 0.8349609375 0.060546875 0.193359375
0 0.32275390625 0.32666015625 0.0419921875 0.0537109375
0 0.04833984375 0.37158203125 0.0263671875 0.0263671875
0 0.0654296875 0.82470703125 0.0546875 0.0576171875