0 0.4306640625 0.1513671875 0.1796875 0.15625
0 0.1943359375 0.552734375 0.05859375 0.017578125
0 0.267578125 0.46240234375 0.044921875 0.0478515625
0 0.263671875 0.291015625 0.046875 0.046875
0 0.1064453125 0.10791015625 0.046875 0.0458984375
0 0.23095703125 0.90283203125 0.3740234375 0.0791015625
0 0.68115234375 0.21630859375 0.0322265625 0.0322265625
0 0.8193359375 0.61083984375 0.033203125 0.0419921875
0 0.08642578125 0.21875 0.0205078125 0.017578125
0 0.8466796875 0.439453125 0.1015625 0.115234375
0 0.90966796875 0.8232421875 0.0595703125 0.0234375
0 0.12353515625 0.19384765625 0.0478515625 0.0439453125
0 0.80517578125 0.22265625 0.1396484375 0.142578125
0 0.41455078125 0.5654296875 0.1552734375 0.53125
0 0.56103515625 0.3984375 0.0283203125 0.01953125
0 0.09033203125 0.74462890625 0.0537109375 0.1552734375
0 0.6806640625 0.43603515625 0.13671875 0.1396484375
0 0.22998046875 0.21875 0.0712890625 0.0703125
0 0.21533203125 0.4150390625 0.0439453125 0.05859375
0 0.521484375 0.82666015625 0.044921875 0.0478515625
0 0.63525390625 0.85302734375 0.1240234375 0.1083984375
0 0.70947265625 0.71240234375 0.2060546875 0.1142578125
0 0.4970703125 0.90087890625 0.029296875 0.0302734375
0 0.2080078125 0.7861328125 0.01953125 0.01953125
0 0.96875 0.45703125 0.02734375 0.02734375
0 0.0537109375 0.44189453125 0.08203125 0.2607421875
0 0.0537109375 0.06298828125 0.029296875 0.0244140625
0 0.75537109375 0.90478515625 0.0654296875 0.1513671875
0 0.724609375 0.12158203125 0.029296875 0.0224609375
0 0.56591796875 0.2197265625 0.0419921875 0.044921875
0 0.79248046875 0.03466796875 0.1083984375 0.0341796875
0 0.1728515625 0.17138671875 0.025390625 0.0224609375
0 0.87451171875 0.0966796875 0.0634765625 0.0625
0 0.9384765625 0.41162109375 0.029296875 0.0302734375
0 0.21142578125 0.1162109375 0.1220703125 0.044921875
0 0.9638671875 0.6474609375 0.044921875 0.033203125
0 0.0576171875 0.970703125 0.029296875 0.037109375
0 0.55078125 0.61865234375 0.0859375 0.0986328125
0 0.85302734375 0.6708984375 0.0224609375 0.0234375
0 0.6669921875 0.595703125 0.095703125 0.048828125
0 0.61474609375 0.1103515625 0.0439453125 0.095703125
0 0.31298828125 0.70263671875 0.0439453125 0.0537109375
0 0.51220703125 0.39013671875 0.0146484375 0.0185546875
0 0.53271484375 0.7080078125 0.0498046875 0.05078125