0 0.85986328125 0.15185546875 0.0400390625 0.0517578125
0 0.60498046875 0.38525390625 0.1728515625 0.5556640625
0 0.27001953125 0.1708984375 0.4365234375 0.2578125
0 0.19482421875 0.73583984375 0.1904296875 0.1904296875
0 0.8603515625 0.220703125 0.044921875 0.0546875
0 0.38037109375 0.79052734375 0.0576171875 0.0166015625
0 0.1103515625 0.611328125 0.04296875 0.044921875
0 0.396484375 0.8515625 0.080078125 0.08203125
0 0.73486328125 0.89111328125 0.0322265625 0.0322265625
0 0.7900390625 0.5859375 0.14453125 0.55078125
0 0.9658203125 0.65478515625 0.041015625 0.0439453125
0 0.17529296875 0.54150390625 0.0205078125 0.0185546875
0 0.52880859375 0.7490234375 0.1181640625 0.134765625
0 0.4111328125 0.95654296875 0.041015625 0.0439453125
0 0.02685546875 0.626953125 0.0166015625 0.01171875
0 0.35791015625 0.4375 0.0986328125 0.041015625
0 0.30322265625 0.919921875 0.1005859375 0.087890625
0 0.0166015625 0.9326171875 0.03125 0.03125
0 0.4912109375 0.326171875 0.033203125 0.025390625
0 0.2021484375 0.91064453125 0.056640625 0.0556640625
0 0.64013671875 0.916015625 0.0244140625 0.029296875
0 0.07470703125 0.66943359375 0.0380859375 0.0322265625
0 0.1318359375 0.4404296875 0.060546875 0.181640625
0 0.603515625 0.8603515625 0.041015625 0.041015625
0 0.32861328125 0.5458984375 0.0830078125 0.083984375
0 0.9287109375 0.92041015625 0.029296875 0.0224609375
0 0.70947265625 0.04296875 0.0263671875 0.033203125
0 0.517578125 0.9111328125 0.03125 0.03125
0 0.056640625 0.9384765625 0.0390625 0.033203125
0 0.35205078125 0.7353515625 0.0712890625 0.064453125
0 0.45458984375 0.53076171875 0.0693359375 0.2158203125
0 0.6728515625 0.97314453125 0.068359375 0.0244140625
0 0.23779296875 0.41845703125 0.1103515625 0.1259765625
0 0.64306640625 0.0517578125 0.1005859375 0.052734375
0 0.9580078125 0.3232421875 0.064453125 0.0703125
0 0.115234375 0.8720703125 0.04296875 0.044921875
0 0.8271484375 0.91748046875 0.095703125 0.0947265625
0 0.6025390625 0.9189453125 0.044921875 0.05859375
0 0.93115234375 0.47412109375 0.0830078125 0.2275390625
0 0.8896484375 0.08056640625 0.09375 0.0810546875
0 0.79345703125 0.08935546875 0.0712890625 0.1552734375
0 0.26025390625 0.32470703125 0.0419921875 0.0419921875
0 0.5322265625 0.85107421875 0.033203125 0.0341796875
0 0.63232421875 0.6982421875 0.0634765625 0.064453125