0 0.14111328125 0.943359375 0.0244140625 0.029296875
0 0.5478515625 0.4619140625 0.162109375 0.142578125
0 0.7001953125 0.80712890625 0.068359375 0.0673828125
0 0.51953125 0.33984375 0.029296875 0.025390625
0 0.31005859375 0.78759765625 0.4384765625 0.2646484375
0 0.2265625 0.3193359375 0.013671875 0.01171875
0 0.6376953125 0.25146484375 0.06640625 0.0595703125
0 0.2451171875 0.18798828125 0.08203125 0.2412109375
0 0.78466796875 0.31201171875 0.1064453125 0.1220703125
0 0.91015625 0.57421875 0.091796875 0.09375
0 0.61572265625 0.6298828125 0.0322265625 0.03125
0 0.93408203125 0.30908203125 0.0263671875 0.0185546875
0 0.8798828125 0.1044921875 0.068359375 0.068359375
0 0.62353515625 0.07373046875 0.0966796875 0.0986328125
0 0.787109375 0.12890625 0.04296875 0.04296875
0 0.81640625 0.49072265625 0.0703125 0.0205078125
0 0.228515625 0.47802734375 0.326171875 0.0634765625
0 0.9189453125 0.2744140625 0.087890625 0.03515625
0 0.02734375 0.4228515625 0.021484375 0.021484375
0 0.53271484375 0.123046875 0.0595703125 0.072265625
0 0.578125 0.66015625 0.01953125 0.015625
0 0.37451171875 0.39794921875 0.0576171875 0.0595703125
0 0.787109375 0.8359375 0.078125 0.234375
0 0.10546875 0.10791015625 0.1328125 0.1162109375
0 0.18798828125 0.60205078125 0.0595703125 0.0634765625
0 0.4833984375 0.2587890625 0.205078125 0.11328125
0 0.07080078125 0.287109375 0.0224609375 0.0234375
0 0.9287109375 0.9169921875 0.029296875 0.025390625
0 0.89697265625 0.46484375 0.0556640625 0.0546875
0 0.69384765625 0.42333984375 0.1025390625 0.0537109375
0 0.02685546875 0.79443359375 0.0419921875 0.0439453125
0 0.935546875 0.0234375 0.033203125 0.033203125
0 0.658203125 0.150390625 0.03125 0.03125
0 0.31884765625 0.1865234375 0.0263671875 0.02734375
0 0.9443359375 0.45068359375 0.01953125 0.0244140625
0 0.7138671875 0.61669921875 0.087890625 0.2021484375
0 0.41943359375 0.1435546875 0.1650390625 0.052734375
0 0.59814453125 0.916015625 0.0439453125 0.095703125
0 0.32568359375 0.0625 0.0224609375 0.029296875
0 0.06396484375 0.6240234375 0.0517578125 0.068359375
0 0.888671875 0.6962890625 0.078125 0.08984375
0 0.5810546875 0.7001953125 0.0546875 0.05859375
0 0.4365234375 0.4375 0.037109375 0.02734375
0 0.12841796875 0.24658203125 0.0556640625 0.1533203125
0 0.41748046875 0.068359375 0.1259765625 0.046875