0 0.10595703125 0.7421875 0.0380859375 0.033203125
0 0.94775390625 0.439453125 0.0126953125 0.015625
0 0.35009765625 0.24267578125 0.0361328125 0.0361328125
0 0.0517578125 0.150390625 0.05859375 0.134765625
0 0.34716796875 0.318359375 0.0888671875 0.078125
0 0.85888671875 0.18359375 0.0615234375 0.064453125
0 0.4189453125 0.1171875 0.05078125 0.05078125
0 0.072265625 0.0439453125 0.025390625 0.0234375
0 0.95556640625 0.61962890625 0.0341796875 0.0419921875
0 0.7763671875 0.85009765625 0.150390625 0.0830078125
0 0.5302734375 0.20703125 0.056640625 0.056640625
0 0.04833984375 0.33984375 0.0556640625 0.056640625
0 0.2763671875 0.5390625 0.095703125 0.09765625
0 0.31005859375 0.79541015625 0.1259765625 0.3720703125
0 0.69140625 0.39501953125 0.08984375 0.0263671875
0 0.1943359375 0.548828125 0.02734375 0.03515625
0 0.5234375 0.37744140625 0.095703125 0.0498046875
0 0.83447265625 0.23876953125 0.0283203125 0.0302734375
0 0.7744140625 0.6748046875 0.052734375 0.068359375
0 0.22119140625 0.171875 0.0400390625 0.04296875
0 0.658203125 0.70361328125 0.123046875 0.1416015625
0 0.61669921875 0.54931640625 0.1123046875 0.1279296875
0 0.54345703125 0.09814453125 0.1826171875 0.1591796875
0 0.4384765625 0.72802734375 0.1171875 0.3701171875
0 0.20947265625 0.34814453125 0.0771484375 0.0322265625
0 0.84423828125 0.3798828125 0.0595703125 0.12890625
0 0.1796875 0.71533203125 0.07421875 0.2041015625
0 0.2392578125 0.05029296875 0.294921875 0.0908203125
0 0.88720703125 0.58251953125 0.0263671875 0.0224609375
0 0.75732421875 0.26904296875 0.0341796875 0.0361328125
0 0.4326171875 0.2158203125 0.060546875 0.060546875
0 0.55859375 0.77978515625 0.05078125 0.0380859375
0 0.935546875 0.7958984375 0.04296875 0.046875
0 0.02294921875 0.76806640625 0.0439453125 0.0439453125
0 0.62548828125 0.98681640625 0.0205078125 0.0146484375
0 0.57958984375 0.95166015625 0.0283203125 0.0283203125
0 0.12353515625 0.22119140625 0.0478515625 0.0498046875
0 0.6474609375 0.830078125 0.08203125 0.07421875
0 0.43798828125 0.02392578125 0.0263671875 0.0205078125
0 0.0654296875 0.44287109375 0.130859375 0.1337890625
0 0.708984375 0.20703125 0.021484375 0.02734375
0 0.0810546875 0.28955078125 0.0390625 0.0380859375
0 0.873046875 0.095703125 0.1171875 0.04296875
0 0.39111328125 0.4267578125 0.0927734375 0.03125