0 0.5859375 0.2080078125 0.07421875 0.072265625
0 0.29833984375 0.79736328125 0.1083984375 0.1240234375
0 0.5078125 0.55615234375 0.021484375 0.0146484375
0 0.921875 0.048828125 0.0234375 0.029296875
0 0.24560546875 0.0732421875 0.1513671875 0.1328125
0 0.44873046875 0.55322265625 0.0185546875 0.0185546875
0 0.89208984375 0.35400390625 0.1318359375 0.4091796875
0 0.73828125 0.6142578125 0.13671875 0.642578125
0 0.37353515625 0.2392578125 0.0849609375 0.03125
0 0.83203125 0.02685546875 0.04296875 0.0419921875
0 0.966796875 0.93603515625 0.056640625 0.0556640625
0 0.150390625 0.4345703125 0.091796875 0.291015625
0 0.5107421875 0.958984375 0.0390625 0.046875
0 0.5166015625 0.39111328125 0.01953125 0.0224609375
0 0.70654296875 0.2626953125 0.0791015625 0.03125
0 0.5419921875 0.77490234375 0.0390625 0.0419921875
0 0.62353515625 0.84375 0.0556640625 0.015625
0 0.708984375 0.2099609375 0.056640625 0.05078125
0 0.41259765625 0.76171875 0.0771484375 0.087890625
0 0.2275390625 0.53076171875 0.056640625 0.0576171875
0 0.76953125 0.109375 0.041015625 0.041015625
0 0.3876953125 0.60546875 0.0703125 0.162109375
0 0.26513671875 0.65576171875 0.0244140625 0.0205078125
0 0.48681640625 0.83837890625 0.0654296875 0.0341796875
0 0.51513671875 0.28857421875 0.0341796875 0.0361328125
0 0.24169921875 0.458984375 0.0283203125 0.029296875
0 0.6796875 0.08154296875 0.056640625 0.1240234375
0 0.8701171875 0.900390625 0.103515625 0.08984375
0 0.4365234375 0.13037109375 0.05078125 0.1396484375
0 0.1689453125 0.83740234375 0.142578125 0.1455078125
0 0.31689453125 0.97119140625 0.1220703125 0.0380859375
0 0.54541015625 0.736328125 0.0322265625 0.025390625
0 0.06982421875 0.15478515625 0.1279296875 0.0693359375
0 0.05615234375 0.70458984375 0.0341796875 0.0341796875
0 0.45068359375 0.9228515625 0.0576171875 0.0625
0 0.41015625 0.44873046875 0.26953125 0.0830078125
0 0.56103515625 0.44775390625 0.0302734375 0.0322265625
0 0.05908203125 0.40185546875 0.0380859375 0.0283203125
0 0.048828125 0.60546875 0.0546875 0.0546875
0 0.90283203125 0.74169921875 0.1044921875 0.1064453125
0 0.12744140625 0.68505859375 0.0439453125 0.0576171875
0 0.42578125 0.32080078125 0.05078125 0.0537109375
0 0.6357421875 0.3759765625 0.02734375 0.025390625
0 0.16943359375 0.646484375 0.0302734375 0.025390625
0 0.21484375 0.6845703125 0.048828125 0.064453125