0 0.888671875 0.33154296875 0.134765625 0.1181640625
0 0.06396484375 0.390625 0.0556640625 0.0546875
0 0.9423828125 0.8212890625 0.072265625 0.08203125
0 0.4345703125 0.7255859375 0.802734375 0.310546875
0 0.58935546875 0.91455078125 0.1337890625 0.0498046875
0 0.7236328125 0.1484375 0.076171875 0.173828125
0 0.85986328125 0.06591796875 0.0595703125 0.0185546875
0 0.876953125 0.888671875 0.025390625 0.02734375
0 0.3603515625 0.10009765625 0.439453125 0.1630859375
0 0.43701171875 0.2626953125 0.0283203125 0.025390625
0 0.27685546875 0.4482421875 0.1806640625 0.158203125
0 0.41552734375 0.94287109375 0.0322265625 0.0322265625
0 0.85986328125 0.1396484375 0.0498046875 0.048828125
0 0.89208984375 0.51611328125 0.1083984375 0.1240234375
0 0.654296875 0.4384765625 0.078125 0.1796875
0 0.970703125 0.52197265625 0.0390625 0.0478515625
0 0.41552734375 0.4775390625 0.0400390625 0.04296875
0 0.75927734375 0.408203125 0.0693359375 0.205078125
0 0.8916015625 0.60595703125 0.025390625 0.0224609375
0 0.89990234375 0.6904296875 0.0576171875 0.060546875
0 0.27783203125 0.35302734375 0.0205078125 0.0244140625
0 0.1962890625 0.29931640625 0.265625 0.0517578125
0 0.16845703125 0.93994140625 0.0341796875 0.0439453125
0 0.28759765625 0.90625 0.0419921875 0.041015625
0 0.6181640625 0.22802734375 0.126953125 0.0400390625
0 0.056640625 0.9072265625 0.03515625 0.03515625
0 0.40576171875 0.22216796875 0.1201171875 0.0478515625
0 0.1142578125 0.455078125 0.01953125 0.013671875
0 0.025390625 0.4482421875 0.04296875 0.044921875
0 0.74951171875 0.958984375 0.0615234375 0.0625
0 0.0146484375 0.79931640625 0.021484375 0.0166015625
0 0.30126953125 0.24658203125 0.0244140625 0.0263671875
0 0.51904296875 0.36328125 0.1845703125 0.099609375
0 0.5537109375 0.51025390625 0.06640625 0.0673828125
0 0.94140625 0.94482421875 0.05859375 0.0439453125
0 0.1025390625 0.51123046875 0.0546875 0.0498046875
0 0.08154296875 0.24072265625 0.0322265625 0.0322265625
0 0.93212890625 0.14306640625 0.0615234375 0.0615234375
0 0.9169921875 0.01416015625 0.017578125 0.0224609375
0 0.16015625 0.2353515625 0.119140625 0.0625
0 0.9638671875 0.6796875 0.052734375 0.15234375
0 0.50048828125 0.2255859375 0.0400390625 0.052734375
0 0.2529296875 0.96484375 0.02734375 0.0234375
0 0.66748046875 0.02783203125 0.0478515625 0.0498046875