0 0.4716796875 0.47265625 0.25 0.138671875
0 0.72607421875 0.78955078125 0.0380859375 0.0400390625
0 0.12353515625 0.59375 0.0732421875 0.07421875
0 0.8369140625 0.9716796875 0.04296875 0.044921875
0 0.48779296875 0.939453125 0.0498046875 0.044921875
0 0.84912109375 0.6240234375 0.1005859375 0.318359375
0 0.30224609375 0.80322265625 0.3076171875 0.3076171875
0 0.2353515625 0.259765625 0.1015625 0.328125
0 0.6708984375 0.29150390625 0.037109375 0.0322265625
0 0.916015625 0.29541015625 0.115234375 0.0595703125
0 0.6455078125 0.5625 0.083984375 0.193359375
0 0.6494140625 0.08251953125 0.130859375 0.1494140625
0 0.88916015625 0.8642578125 0.1826171875 0.16015625
0 0.93798828125 0.05908203125 0.0224609375 0.0205078125
0 0.50537109375 0.29931640625 0.0224609375 0.0224609375
0 0.1181640625 0.2421875 0.017578125 0.017578125
0 0.03369140625 0.26318359375 0.0673828125 0.0673828125
0 0.40380859375 0.1220703125 0.0791015625 0.08984375
0 0.55810546875 0.24169921875 0.3232421875 0.0634765625
0 0.7958984375 0.1630859375 0.06640625 0.193359375
0 0.5859375 0.74951171875 0.1484375 0.1298828125
0 0.2646484375 0.58740234375 0.072265625 0.0732421875
0 0.22314453125 0.47412109375 0.1689453125 0.0576171875
0 0.09033203125 0.7587890625 0.0400390625 0.029296875
0 0.52783203125 0.59033203125 0.0673828125 0.0244140625
0 0.74267578125 0.22607421875 0.0341796875 0.0791015625
0 0.751953125 0.88330078125 0.0703125 0.0283203125
0 0.5185546875 0.85498046875 0.015625 0.0185546875
0 0.57373046875 0.3232421875 0.0439453125 0.04296875
0 0.0380859375 0.5712890625 0.037109375 0.0390625
0 0.08154296875 0.91162109375 0.0576171875 0.0166015625
0 0.86474609375 0.18994140625 0.0322265625 0.0419921875
0 0.439453125 0.59912109375 0.021484375 0.0146484375
0 0.7646484375 0.2890625 0.0390625 0.0390625
0 0.03564453125 0.50830078125 0.0244140625 0.0302734375
0 0.33544921875 0.1240234375 0.0498046875 0.048828125
0 0.49267578125 0.84375 0.0341796875 0.037109375
0 0.71337890625 0.48681640625 0.0439453125 0.0458984375
0 0.47900390625 0.732421875 0.0322265625 0.04296875
0 0.0732421875 0.38818359375 0.078125 0.0771484375
0 0.4208984375 0.2939453125 0.033203125 0.025390625
0 0.17822265625 0.04296875 0.0419921875 0.05078125
0 0.83349609375 0.40966796875 0.2646484375 0.0869140625
0 0.70849609375 0.57470703125 0.0244140625 0.0205078125
0 0.40673828125 0.58544921875 0.0419921875 0.0439453125