0 0.45654296875 0.36865234375 0.8251953125 0.3193359375
0 0.9140625 0.7568359375 0.0703125 0.068359375
0 0.77392578125 0.1015625 0.0361328125 0.03125
0 0.59423828125 0.8798828125 0.0556640625 0.0546875
0 0.19287109375 0.80712890625 0.0986328125 0.0302734375
0 0.2958984375 0.58447265625 0.013671875 0.0166015625
0 0.158203125 0.15185546875 0.033203125 0.0419921875
0 0.88427734375 0.3369140625 0.0263671875 0.02734375
0 0.7109375 0.12255859375 0.017578125 0.0126953125
0 0.73974609375 0.79736328125 0.1201171875 0.3798828125
0 0.4189453125 0.8056640625 0.259765625 0.259765625
0 0.83984375 0.02978515625 0.1640625 0.0556640625
0 0.9130859375 0.9296875 0.07421875 0.02734375
0 0.841796875 0.86962890625 0.05078125 0.0380859375
0 0.40966796875 0.12060546875 0.4404296875 0.1630859375
0 0.35693359375 0.9619140625 0.0400390625 0.03125
0 0.20947265625 0.60986328125 0.1044921875 0.0908203125
0 0.0849609375 0.09423828125 0.0390625 0.0419921875
0 0.22998046875 0.87451171875 0.0849609375 0.0439453125
0 0.25927734375 0.72021484375 0.0556640625 0.0576171875
0 0.06689453125 0.61474609375 0.1103515625 0.1123046875
0 0.390625 0.54638671875 0.01953125 0.0205078125
0 0.36376953125 0.63232421875 0.0673828125 0.0712890625
0 0.85302734375 0.59423828125 0.0361328125 0.0361328125
0 0.02783203125 0.24560546875 0.0263671875 0.0224609375
0 0.69580078125 0.04443359375 0.0380859375 0.0380859375
0 0.0751953125 0.962890625 0.052734375 0.052734375
0 0.94189453125 0.22021484375 0.0830078125 0.2294921875
0 0.59228515625 0.6787109375 0.0771484375 0.16796875
0 0.48486328125 0.60595703125 0.1279296875 0.0517578125
0 0.94287109375 0.44140625 0.0869140625 0.099609375
0 0.06689453125 0.75830078125 0.0556640625 0.1279296875
0 0.12890625 0.0673828125 0.013671875 0.017578125
0 0.81396484375 0.66650390625 0.0263671875 0.0263671875
0 0.7294921875 0.1708984375 0.044921875 0.0546875
0 0.04541015625 0.171875 0.0380859375 0.0390625
0 0.859375 0.12890625 0.060546875 0.0546875
0 0.576171875 0.80810546875 0.05078125 0.0498046875
0 0.900390625 0.57421875 0.025390625 0.02734375
0 0.0302734375 0.0966796875 0.056640625 0.07421875
0 0.25048828125 0.66796875 0.0126953125 0.01171875
0 0.03271484375 0.8974609375 0.0654296875 0.06640625