0 0.63720703125 0.45947265625 0.0302734375 0.0302734375
0 0.05029296875 0.4609375 0.0146484375 0.017578125
0 0.9072265625 0.23095703125 0.099609375 0.0400390625
0 0.6630859375 0.27734375 0.017578125 0.015625
0 0.7216796875 0.56787109375 0.12109375 0.1064453125
0 0.541015625 0.857421875 0.373046875 0.14453125
0 0.1728515625 0.0341796875 0.033203125 0.03515625
0 0.29296875 0.7373046875 0.072265625 0.1640625
0 0.53515625 0.09228515625 0.021484375 0.0166015625
0 0.333984375 0.4833984375 0.548828125 0.32421875
0 0.31494140625 0.1044921875 0.0654296875 0.0703125
0 0.47412109375 0.14892578125 0.0849609375 0.2626953125
0 0.18359375 0.2626953125 0.08203125 0.04296875
0 0.58740234375 0.27783203125 0.0400390625 0.0419921875
0 0.798828125 0.7021484375 0.046875 0.046875
0 0.21826171875 0.669921875 0.0302734375 0.025390625
0 0.916015625 0.5771484375 0.16796875 0.63671875
0 0.81640625 0.205078125 0.05859375 0.04296875
0 0.79248046875 0.056640625 0.4013671875 0.0859375
0 0.431640625 0.7255859375 0.052734375 0.064453125
0 0.66259765625 0.36181640625 0.0205078125 0.0205078125
0 0.13427734375 0.7880859375 0.0908203125 0.271484375
0 0.77685546875 0.8369140625 0.0576171875 0.076171875
0 0.0947265625 0.12841796875 0.1171875 0.1025390625
0 0.302734375 0.197265625 0.025390625 0.025390625
0 0.2509765625 0.837890625 0.025390625 0.02734375
0 0.72021484375 0.25048828125 0.0458984375 0.0458984375
0 0.64306640625 0.140625 0.0771484375 0.0234375
0 0.22412109375 0.79736328125 0.0341796875 0.0361328125
0 0.0693359375 0.27294921875 0.078125 0.0712890625
0 0.7275390625 0.4501953125 0.046875 0.048828125
0 0.04736328125 0.93505859375 0.0224609375 0.0283203125
0 0.72265625 0.673828125 0.076171875 0.078125
0 0.73193359375 0.3837890625 0.0458984375 0.044921875
0 0.24169921875 0.1337890625 0.0478515625 0.1328125
0 0.833984375 0.9677734375 0.185546875 0.05859375
0 0.17626953125 0.19482421875 0.0322265625 0.0224609375
0 0.5693359375 0.71533203125 0.107421875 0.1220703125
0 0.71044921875 0.958984375 0.0576171875 0.056640625
0 0.5986328125 0.1806640625 0.037109375 0.037109375
0 0.853515625 0.9150390625 0.06640625 0.0234375
0 0.294921875 0.26806640625 0.037109375 0.0478515625
0 0.78369140625 0.35107421875 0.0263671875 0.0224609375