0 0.607421875 0.59814453125 0.08203125 0.2255859375
0 0.3896484375 0.2705078125 0.259765625 0.259765625
0 0.43505859375 0.50048828125 0.0927734375 0.0947265625
0 0.529296875 0.8515625 0.720703125 0.267578125
0 0.66015625 0.20849609375 0.12890625 0.0458984375
0 0.14111328125 0.1708984375 0.0439453125 0.046875
0 0.12646484375 0.51611328125 0.1298828125 0.0537109375
0 0.34326171875 0.03173828125 0.0537109375 0.0537109375
0 0.26123046875 0.51953125 0.0869140625 0.044921875
0 0.79638671875 0.55419921875 0.2353515625 0.2353515625
0 0.490234375 0.6259765625 0.04296875 0.044921875
0 0.7861328125 0.138671875 0.033203125 0.0234375
0 0.50830078125 0.51513671875 0.0478515625 0.0498046875
0 0.5927734375 0.396484375 0.0625 0.056640625
0 0.91748046875 0.2216796875 0.1474609375 0.16796875
0 0.08642578125 0.314453125 0.1474609375 0.12890625
0 0.87158203125 0.3818359375 0.0673828125 0.06640625
0 0.07177734375 0.74658203125 0.0185546875 0.0166015625
0 0.14404296875 0.6787109375 0.1533203125 0.048828125
0 0.61181640625 0.0556640625 0.0947265625 0.09375
0 0.13916015625 0.068359375 0.1533203125 0.134765625
0 0.15625 0.41455078125 0.029296875 0.0224609375
0 0.4580078125 0.6728515625 0.033203125 0.03515625
0 0.3154296875 0.6142578125 0.126953125 0.12890625
0 0.92626953125 0.8603515625 0.0654296875 0.203125
0 0.21142578125 0.6181640625 0.0224609375 0.0234375
0 0.94384765625 0.4013671875 0.0419921875 0.08984375
0 0.82080078125 0.06396484375 0.0751953125 0.0556640625
0 0.5869140625 0.1630859375 0.0234375 0.01953125
0 0.7470703125 0.353515625 0.072265625 0.07421875
0 0.18896484375 0.38134765625 0.0341796875 0.0341796875
0 0.03076171875 0.9794921875 0.0224609375 0.029296875
0 0.7734375 0.1611328125 0.01171875 0.013671875
0 0.9384765625 0.52294921875 0.04296875 0.0419921875
0 0.07763671875 0.21142578125 0.0361328125 0.0439453125
0 0.19384765625 0.57568359375 0.0263671875 0.0224609375
0 0.13818359375 0.580078125 0.0458984375 0.048828125
0 0.71923828125 0.27099609375 0.0380859375 0.0498046875
0 0.1201171875 0.8896484375 0.095703125 0.029296875
0 0.033203125 0.7705078125 0.03125 0.03125
0 0.88134765625 0.10693359375 0.0439453125 0.0439453125
0 0.58642578125 0.34130859375 0.0224609375 0.0283203125