0 0.0810546875 0.25634765625 0.025390625 0.0224609375
0 0.57470703125 0.509765625 0.0595703125 0.072265625
0 0.5224609375 0.80029296875 0.4375 0.0927734375
0 0.822265625 0.72265625 0.072265625 0.22265625
0 0.81396484375 0.28076171875 0.1767578125 0.1552734375
0 0.67236328125 0.38427734375 0.0224609375 0.0224609375
0 0.8330078125 0.078125 0.056640625 0.12890625
0 0.97998046875 0.9453125 0.0302734375 0.0390625
0 0.048828125 0.71875 0.025390625 0.017578125
0 0.615234375 0.23486328125 0.05859375 0.0615234375
0 0.7646484375 0.119140625 0.037109375 0.037109375
0 0.15625 0.15185546875 0.0859375 0.1982421875
0 0.39404296875 0.55419921875 0.2119140625 0.2119140625
0 0.96826171875 0.63330078125 0.0322265625 0.0341796875
0 0.83251953125 0.576171875 0.1669921875 0.056640625
0 0.43212890625 0.18359375 0.0283203125 0.03125
0 0.390625 0.72265625 0.041015625 0.04296875
0 0.6767578125 0.02880859375 0.056640625 0.0419921875
0 0.13525390625 0.4990234375 0.1416015625 0.14453125
0 0.33935546875 0.26904296875 0.1083984375 0.3486328125
0 0.16748046875 0.69970703125 0.1513671875 0.1728515625
0 0.81787109375 0.48388671875 0.1240234375 0.1083984375
0 0.65771484375 0.9033203125 0.0341796875 0.044921875
0 0.49169921875 0.4033203125 0.0537109375 0.0546875
0 0.9375 0.4404296875 0.07421875 0.07421875
0 0.1982421875 0.900390625 0.16796875 0.16796875
0 0.59228515625 0.1025390625 0.2275390625 0.0703125
0 0.1962890625 0.34375 0.033203125 0.03515625
0 0.92431640625 0.03955078125 0.0283203125 0.0283203125
0 0.09326171875 0.3369140625 0.0380859375 0.033203125
0 0.4921875 0.92041015625 0.265625 0.1435546875
0 0.57275390625 0.39697265625 0.0302734375 0.0322265625
0 0.88330078125 0.65380859375 0.0341796875 0.0341796875
0 0.5302734375 0.3203125 0.130859375 0.048828125
0 0.22314453125 0.06005859375 0.0341796875 0.0419921875
0 0.6787109375 0.96240234375 0.056640625 0.0224609375
0 0.6767578125 0.62353515625 0.103515625 0.1181640625
0 0.83740234375 0.181640625 0.0341796875 0.025390625
0 0.62255859375 0.52490234375 0.0283203125 0.0263671875
0 0.24951171875 0.4853515625 0.0751953125 0.068359375
0 0.041015625 0.85986328125 0.078125 0.2255859375
0 0.041015625 0.65869140625 0.0234375 0.0283203125
0 0.94287109375 0.07861328125 0.0537109375 0.0166015625
0 0.6796875 0.484375 0.0859375 0.044921875
0 0.9248046875 0.7353515625 0.09765625 0.095703125
0 0.53759765625 0.1826171875 0.0419921875 0.041015625