0 0.62890625 0.498046875 0.427734375 0.994140625
0 0.96142578125 0.28466796875 0.0380859375 0.0283203125
0 0.091796875 0.1943359375 0.158203125 0.181640625
0 0.0849609375 0.8427734375 0.115234375 0.033203125
0 0.27392578125 0.7294921875 0.0400390625 0.03125
0 0.05615234375 0.79296875 0.0146484375 0.009765625
0 0.302734375 0.0947265625 0.021484375 0.02734375
0 0.18408203125 0.697265625 0.1318359375 0.068359375
0 0.35107421875 0.39794921875 0.1220703125 0.5732421875
0 0.1005859375 0.42431640625 0.09765625 0.1123046875
0 0.19189453125 0.9296875 0.2314453125 0.048828125
0 0.9140625 0.92236328125 0.06640625 0.0673828125
0 0.16943359375 0.02392578125 0.0263671875 0.0283203125
0 0.07470703125 0.57421875 0.0400390625 0.048828125
0 0.97412109375 0.80322265625 0.0302734375 0.0263671875
0 0.87890625 0.7646484375 0.060546875 0.1875
0 0.22265625 0.466796875 0.111328125 0.359375
0 0.9208984375 0.44482421875 0.0859375 0.0751953125
0 0.298828125 0.83349609375 0.052734375 0.1259765625
0 0.89599609375 0.12646484375 0.0244140625 0.0244140625
0 0.919921875 0.5673828125 0.044921875 0.05859375
0 0.9365234375 0.697265625 0.041015625 0.037109375
0 0.109375 0.3388671875 0.05078125 0.052734375
0 0.2314453125 0.1962890625 0.095703125 0.083984375
0 0.95556640625 0.50341796875 0.0224609375 0.0205078125
0 0.931640625 0.22705078125 0.125 0.0517578125
0 0.35986328125 0.9306640625 0.0263671875 0.025390625
0 0.8876953125 0.31005859375 0.083984375 0.0830078125
0 0.13232421875 0.50927734375 0.0361328125 0.0361328125
0 0.0615234375 0.6416015625 0.05078125 0.06640625
0 0.2841796875 0.96923828125 0.021484375 0.0263671875
0 0.0341796875 0.07177734375 0.048828125 0.0517578125
0 0.349609375 0.8408203125 0.03515625 0.037109375
0 0.154296875 0.98486328125 0.021484375 0.0185546875
0 0.298828125 0.06103515625 0.033203125 0.0361328125
0 0.1796875 0.796875 0.12890625 0.041015625
0 0.25390625 0.123046875 0.04296875 0.044921875
0 0.89697265625 0.0751953125 0.0595703125 0.05859375
0 0.38134765625 0.72314453125 0.0478515625 0.0478515625
0 0.34716796875 0.9580078125 0.0751953125 0.02734375
0 0.9677734375 0.3232421875 0.01953125 0.01953125
0 0.97216796875 0.126953125 0.0380859375 0.08203125