0 0.1962890625 0.3505859375 0.060546875 0.064453125
0 0.1455078125 0.07470703125 0.041015625 0.0439453125
0 0.30224609375 0.55419921875 0.0419921875 0.0419921875
0 0.708984375 0.1708984375 0.041015625 0.052734375
0 0.67138671875 0.87255859375 0.0380859375 0.0380859375
0 0.5400390625 0.591796875 0.03125 0.0234375
0 0.4892578125 0.37255859375 0.44140625 0.2294921875
0 0.8359375 0.65087890625 0.0390625 0.0419921875
0 0.1357421875 0.673828125 0.1796875 0.1796875
0 0.68701171875 0.55126953125 0.2333984375 0.1259765625
0 0.3291015625 0.94189453125 0.08203125 0.0947265625
0 0.76611328125 0.31396484375 0.0556640625 0.1337890625
0 0.85009765625 0.86376953125 0.0927734375 0.0947265625
0 0.89306640625 0.09912109375 0.0146484375 0.0185546875
0 0.3369140625 0.6806640625 0.166015625 0.052734375
0 0.24560546875 0.79931640625 0.0341796875 0.0341796875
0 0.775390625 0.96484375 0.04296875 0.044921875
0 0.513671875 0.9345703125 0.28515625 0.060546875
0 0.18701171875 0.08544921875 0.0283203125 0.0341796875
0 0.30126953125 0.83056640625 0.0283203125 0.0283203125
0 0.5625 0.73779296875 0.0546875 0.1513671875
0 0.0439453125 0.3173828125 0.01953125 0.013671875
0 0.41455078125 0.81982421875 0.0673828125 0.0615234375
0 0.03076171875 0.98046875 0.0283203125 0.029296875
0 0.74853515625 0.0712890625 0.0830078125 0.025390625
0 0.70166015625 0.7509765625 0.0732421875 0.072265625
0 0.09814453125 0.10888671875 0.0341796875 0.0341796875
0 0.306640625 0.0908203125 0.109375 0.095703125
0 0.74560546875 0.81396484375 0.0205078125 0.0185546875
0 0.859375 0.337890625 0.0390625 0.041015625
0 0.033203125 0.5390625 0.0625 0.08203125
0 0.95458984375 0.95556640625 0.0810546875 0.0791015625
0 0.44921875 0.7412109375 0.107421875 0.044921875
0 0.05810546875 0.435546875 0.0400390625 0.03515625
0 0.95556640625 0.3232421875 0.0830078125 0.1796875
0 0.40087890625 0.57080078125 0.0849609375 0.0869140625
0 0.92138671875 0.45068359375 0.0244140625 0.0283203125
0 0.61767578125 0.15673828125 0.0517578125 0.0380859375
0 0.1591796875 0.486328125 0.10546875 0.091796875
0 0.93798828125 0.17626953125 0.0439453125 0.0380859375
0 0.50634765625 0.17626953125 0.1220703125 0.1396484375
0 0.06298828125 0.87158203125 0.1025390625 0.0380859375
0 0.32177734375 0.79248046875 0.0458984375 0.0458984375
0 0.90234375 0.60888671875 0.080078125 0.2529296875
0 0.63720703125 0.08837890625 0.1337890625 0.0693359375