0 0.88671875 0.32666015625 0.046875 0.0498046875
0 0.07568359375 0.59521484375 0.0224609375 0.0224609375
0 0.71923828125 0.53466796875 0.2412109375 0.9169921875
0 0.96240234375 0.79736328125 0.0380859375 0.0283203125
0 0.30419921875 0.5029296875 0.0263671875 0.017578125
0 0.0830078125 0.85009765625 0.068359375 0.0693359375
0 0.8935546875 0.18505859375 0.021484375 0.0263671875
0 0.42138671875 0.35595703125 0.1279296875 0.5986328125
0 0.08447265625 0.16748046875 0.1259765625 0.1103515625
0 0.9140625 0.59228515625 0.0703125 0.0517578125
0 0.40576171875 0.765625 0.1142578125 0.130859375
0 0.3056640625 0.96484375 0.05078125 0.05078125
0 0.3046875 0.2392578125 0.083984375 0.0859375
0 0.89990234375 0.40673828125 0.0263671875 0.0341796875
0 0.55078125 0.40625 0.021484375 0.021484375
0 0.51708984375 0.9072265625 0.0361328125 0.0390625
0 0.205078125 0.771484375 0.048828125 0.046875
0 0.9033203125 0.05810546875 0.068359375 0.0615234375
0 0.2021484375 0.42919921875 0.26171875 0.0556640625
0 0.10205078125 0.501953125 0.1376953125 0.072265625
0 0.53662109375 0.654296875 0.0966796875 0.2890625
0 0.92333984375 0.93212890625 0.0732421875 0.0712890625
0 0.95947265625 0.45849609375 0.0693359375 0.0791015625
0 0.19189453125 0.10693359375 0.0380859375 0.0380859375
0 0.2216796875 0.66162109375 0.2421875 0.1337890625
0 0.24609375 0.94189453125 0.064453125 0.0849609375
0 0.9345703125 0.26171875 0.09375 0.0390625
0 0.9404296875 0.38427734375 0.05078125 0.0498046875
0 0.29638671875 0.537109375 0.1142578125 0.033203125
0 0.24169921875 0.314453125 0.0224609375 0.01953125
0 0.52978515625 0.458984375 0.0712890625 0.072265625
0 0.41845703125 0.876953125 0.0361328125 0.037109375
0 0.19970703125 0.5771484375 0.0302734375 0.033203125
0 0.19677734375 0.20654296875 0.0693359375 0.1591796875
0 0.23876953125 0.859375 0.1669921875 0.056640625
0 0.0712890625 0.0654296875 0.119140625 0.04296875
0 0.87646484375 0.783203125 0.0615234375 0.07421875
0 0.56787109375 0.107421875 0.0400390625 0.091796875
0 0.97705078125 0.53173828125 0.0205078125 0.0185546875
0 0.11279296875 0.24951171875 0.0478515625 0.0498046875
0 0.31494140625 0.3564453125 0.0244140625 0.029296875
0 0.71826171875 0.04638671875 0.0283203125 0.0244140625
0 0.7919921875 0.02294921875 0.021484375 0.0224609375