0 0.52294921875 0.56396484375 0.0712890625 0.2138671875
0 0.0478515625 0.939453125 0.09375 0.08203125
0 0.63623046875 0.576171875 0.0166015625 0.015625
0 0.166015625 0.6650390625 0.134765625 0.0703125
0 0.35498046875 0.87744140625 0.4306640625 0.1591796875
0 0.87744140625 0.4306640625 0.0439453125 0.04296875
0 0.681640625 0.55712890625 0.052734375 0.1533203125
0 0.92724609375 0.11279296875 0.0341796875 0.0439453125
0 0.8544921875 0.37060546875 0.0234375 0.0166015625
0 0.8486328125 0.501953125 0.01953125 0.01953125
0 0.58740234375 0.224609375 0.1435546875 0.1640625
0 0.24560546875 0.14697265625 0.0205078125 0.0244140625
0 0.76025390625 0.734375 0.0224609375 0.01953125
0 0.169921875 0.34716796875 0.046875 0.0615234375
0 0.8369140625 0.3212890625 0.044921875 0.0546875
0 0.34912109375 0.341796875 0.0693359375 0.0625
0 0.9560546875 0.5498046875 0.052734375 0.052734375
0 0.55078125 0.0185546875 0.037109375 0.037109375
0 0.35888671875 0.724609375 0.0986328125 0.11328125
0 0.7724609375 0.611328125 0.087890625 0.0859375
0 0.98095703125 0.86669921875 0.0341796875 0.0361328125
0 0.45361328125 0.4912109375 0.0478515625 0.048828125
0 0.31494140625 0.2646484375 0.0341796875 0.037109375
0 0.89208984375 0.20556640625 0.1181640625 0.1201171875
0 0.75439453125 0.8642578125 0.3154296875 0.09765625
0 0.748046875 0.1806640625 0.111328125 0.328125
0 0.09912109375 0.216796875 0.0732421875 0.314453125
0 0.05224609375 0.81201171875 0.0517578125 0.0537109375
0 0.90283203125 0.77734375 0.0400390625 0.03125
0 0.3818359375 0.515625 0.09375 0.095703125
0 0.47314453125 0.26953125 0.0751953125 0.171875
0 0.3798828125 0.11328125 0.169921875 0.09375
0 0.56298828125 0.7705078125 0.0341796875 0.029296875
0 0.79443359375 0.71826171875 0.0283203125 0.0283203125
0 0.10791015625 0.5400390625 0.1533203125 0.134765625
0 0.212890625 0.0810546875 0.0234375 0.029296875
0 0.64208984375 0.40380859375 0.3916015625 0.0771484375
0 0.271484375 0.208984375 0.126953125 0.052734375
0 0.1298828125 0.75537109375 0.046875 0.0458984375
0 0.8935546875 0.5732421875 0.041015625 0.04296875
0 0.34375 0.62939453125 0.01953125 0.0205078125
0 0.66259765625 0.74072265625 0.0576171875 0.1337890625
0 0.93212890625 0.0361328125 0.1220703125 0.044921875
0 0.89208984375 0.53369140625 0.0322265625 0.0341796875
0 0.54736328125 0.70458984375 0.1181640625 0.0361328125
0 0.4169921875 0.64013671875 0.060546875 0.0439453125
0 0.86328125 0.9638671875 0.189453125 0.060546875