0 0.89599609375 0.53173828125 0.0810546875 0.0732421875
0 0.4345703125 0.888671875 0.025390625 0.021484375
0 0.5107421875 0.39453125 0.033203125 0.03515625
0 0.771484375 0.5556640625 0.02734375 0.02734375
0 0.5146484375 0.08837890625 0.08984375 0.0888671875
0 0.75634765625 0.48193359375 0.0322265625 0.0322265625
0 0.54345703125 0.28662109375 0.0615234375 0.0224609375
0 0.64111328125 0.4609375 0.0537109375 0.052734375
0 0.375 0.46875 0.302734375 0.064453125
0 0.69873046875 0.8017578125 0.0732421875 0.341796875
0 0.259765625 0.302734375 0.029296875 0.037109375
0 0.1650390625 0.4921875 0.080078125 0.0234375
0 0.4853515625 0.66943359375 0.09765625 0.2861328125
0 0.751953125 0.02490234375 0.130859375 0.0439453125
0 0.26220703125 0.52490234375 0.0380859375 0.0380859375
0 0.6962890625 0.296875 0.23046875 0.23046875
0 0.37158203125 0.36669921875 0.1162109375 0.0478515625
0 0.2900390625 0.73779296875 0.01953125 0.0146484375
0 0.86376953125 0.392578125 0.0419921875 0.044921875
0 0.1552734375 0.15478515625 0.26171875 0.0810546875
0 0.59814453125 0.802734375 0.1220703125 0.3671875
0 0.1962890625 0.32763671875 0.046875 0.0615234375
0 0.13916015625 0.6201171875 0.1298828125 0.1328125
0 0.23046875 0.8193359375 0.109375 0.095703125
0 0.97509765625 0.306640625 0.0224609375 0.0234375
0 0.89599609375 0.73486328125 0.1162109375 0.1025390625
0 0.08544921875 0.0400390625 0.0419921875 0.044921875
0 0.88037109375 0.15576171875 0.0517578125 0.0556640625
0 0.92333984375 0.3388671875 0.0693359375 0.166015625
0 0.3671875 0.59814453125 0.056640625 0.1298828125
0 0.517578125 0.19775390625 0.025390625 0.0224609375
0 0.25732421875 0.9140625 0.0576171875 0.05859375
0 0.61376953125 0.15185546875 0.0341796875 0.0419921875
0 0.40234375 0.1337890625 0.076171875 0.220703125
0 0.876953125 0.1162109375 0.01953125 0.017578125
0 0.2646484375 0.66259765625 0.025390625 0.0322265625
0 0.24755859375 0.013671875 0.0185546875 0.021484375
0 0.353515625 0.82861328125 0.05859375 0.0615234375
0 0.29248046875 0.046875 0.0166015625 0.01171875
0 0.10791015625 0.42138671875 0.0947265625 0.1083984375
0 0.80029296875 0.95654296875 0.0615234375 0.0615234375
0 0.90869140625 0.4443359375 0.0791015625 0.041015625
0 0.77685546875 0.12890625 0.1416015625 0.076171875
0 0.12451171875 0.83740234375 0.0615234375 0.0595703125
0 0.81396484375 0.474609375 0.0576171875 0.04296875
0 0.685546875 0.55859375 0.11328125 0.115234375
0 0.0849609375 0.2841796875 0.138671875 0.158203125