0 0.724609375 0.60693359375 0.029296875 0.0361328125
0 0.2607421875 0.1669921875 0.046875 0.05078125
0 0.69287109375 0.158203125 0.0732421875 0.07421875
0 0.869140625 0.21923828125 0.1328125 0.1162109375
0 0.7939453125 0.50146484375 0.060546875 0.0185546875
0 0.70458984375 0.28955078125 0.0263671875 0.0322265625
0 0.23486328125 0.77880859375 0.0986328125 0.2275390625
0 0.2880859375 0.04052734375 0.041015625 0.0302734375
0 0.3798828125 0.61572265625 0.0234375 0.0185546875
0 0.15234375 0.9619140625 0.068359375 0.03515625
0 0.6708984375 0.05810546875 0.052734375 0.0556640625
0 0.5361328125 0.15625 0.07421875 0.21875
0 0.7744140625 0.8759765625 0.04296875 0.044921875
0 0.48388671875 0.67431640625 0.1435546875 0.0771484375
0 0.06982421875 0.18212890625 0.0517578125 0.0537109375
0 0.896484375 0.75927734375 0.095703125 0.4501953125
0 0.95458984375 0.29150390625 0.0244140625 0.0244140625
0 0.3447265625 0.384765625 0.1015625 0.1171875
0 0.6240234375 0.35595703125 0.404296875 0.0791015625
0 0.5859375 0.880859375 0.0703125 0.072265625
0 0.26416015625 0.27685546875 0.0400390625 0.0517578125
0 0.41845703125 0.833984375 0.0498046875 0.044921875
0 0.3408203125 0.9609375 0.0546875 0.072265625
0 0.30224609375 0.8935546875 0.0263671875 0.02734375
0 0.39697265625 0.74560546875 0.1220703125 0.0439453125
0 0.3701171875 0.1943359375 0.056640625 0.1640625
0 0.11767578125 0.46728515625 0.1201171875 0.1220703125
0 0.63818359375 0.267578125 0.0791015625 0.03125
0 0.11279296875 0.69775390625 0.0966796875 0.3310546875
0 0.44970703125 0.09814453125 0.0419921875 0.0419921875
0 0.67724609375 0.77587890625 0.0888671875 0.2822265625
0 0.62548828125 0.56689453125 0.0302734375 0.0322265625
0 0.91748046875 0.33349609375 0.1337890625 0.0419921875
0 0.3125 0.5673828125 0.076171875 0.07421875
0 0.60009765625 0.77783203125 0.0302734375 0.0302734375
0 0.25146484375 0.97412109375 0.0224609375 0.0224609375
0 0.31201171875 0.7353515625 0.0224609375 0.015625
0 0.05615234375 0.06884765625 0.0224609375 0.0205078125
0 0.22119140625 0.45263671875 0.0712890625 0.1533203125
0 0.3935546875 0.49365234375 0.04296875 0.0361328125
0 0.83349609375 0.046875 0.0693359375 0.068359375
0 0.689453125 0.47802734375 0.1171875 0.1337890625
0 0.01318359375 0.931640625 0.0263671875 0.025390625
0 0.5302734375 0.47314453125 0.056640625 0.0693359375
0 0.13134765625 0.28369140625 0.1474609375 0.1474609375
0 0.83203125 0.78369140625 0.021484375 0.0185546875