0 0.20556640625 0.39794921875 0.2783203125 0.2783203125
0 0.5458984375 0.92333984375 0.03125 0.0302734375
0 0.86474609375 0.8623046875 0.0869140625 0.076171875
0 0.74609375 0.4970703125 0.0546875 0.041015625
0 0.181640625 0.12646484375 0.072265625 0.0712890625
0 0.4775390625 0.59130859375 0.1328125 0.4111328125
0 0.29541015625 0.02734375 0.1318359375 0.048828125
0 0.1005859375 0.673828125 0.19921875 0.19921875
0 0.7421875 0.87353515625 0.03515625 0.0302734375
0 0.67236328125 0.33203125 0.0224609375 0.01953125
0 0.51171875 0.0126953125 0.02734375 0.01953125
0 0.8525390625 0.50439453125 0.087890625 0.1005859375
0 0.85791015625 0.25830078125 0.0791015625 0.0810546875
0 0.02880859375 0.91845703125 0.0224609375 0.0283203125
0 0.79638671875 0.35498046875 0.0517578125 0.0517578125
0 0.76904296875 0.17431640625 0.1630859375 0.0517578125
0 0.59130859375 0.30517578125 0.0673828125 0.1552734375
0 0.6142578125 0.8125 0.07421875 0.22265625
0 0.349609375 0.8876953125 0.34765625 0.11328125
0 0.36572265625 0.103515625 0.1025390625 0.03125
0 0.9140625 0.69873046875 0.048828125 0.0439453125
0 0.595703125 0.15966796875 0.09375 0.1064453125
0 0.93896484375 0.54248046875 0.0380859375 0.0380859375
0 0.4208984375 0.33251953125 0.052734375 0.0693359375
0 0.8857421875 0.74267578125 0.0390625 0.0419921875
0 0.20361328125 0.80517578125 0.0224609375 0.0263671875
0 0.68505859375 0.62744140625 0.1865234375 0.1005859375
0 0.921875 0.12451171875 0.056640625 0.0556640625
0 0.74365234375 0.5458984375 0.0283203125 0.037109375
0 0.0986328125 0.86376953125 0.05859375 0.1611328125
0 0.6953125 0.73193359375 0.0390625 0.0419921875
0 0.75439453125 0.76171875 0.0634765625 0.064453125
0 0.8203125 0.74560546875 0.0625 0.0751953125
0 0.857421875 0.57421875 0.068359375 0.02734375
0 0.45751953125 0.2158203125 0.1474609375 0.12890625
0 0.58251953125 0.50341796875 0.0537109375 0.0556640625
0 0.76904296875 0.05224609375 0.0302734375 0.0302734375
0 0.02099609375 0.4697265625 0.0322265625 0.03515625
0 0.1201171875 0.1728515625 0.03515625 0.03515625
0 0.70703125 0.3408203125 0.03515625 0.02734375
0 0.857421875 0.63330078125 0.1328125 0.0693359375
0 0.93212890625 0.35888671875 0.0498046875 0.1142578125
0 0.869140625 0.7890625 0.033203125 0.03515625
0 0.88134765625 0.18505859375 0.0400390625 0.0419921875
0 0.087890625 0.97802734375 0.021484375 0.0185546875