0 0.44580078125 0.46142578125 0.2294921875 0.8720703125
0 0.96826171875 0.22998046875 0.0615234375 0.1943359375
0 0.7646484375 0.8837890625 0.37890625 0.228515625
0 0.85791015625 0.24560546875 0.1474609375 0.0771484375
0 0.15087890625 0.31201171875 0.2900390625 0.2900390625
0 0.66064453125 0.515625 0.0517578125 0.05078125
0 0.23583984375 0.634765625 0.0869140625 0.296875
0 0.919921875 0.544921875 0.02734375 0.025390625
0 0.0556640625 0.56640625 0.07421875 0.076171875
0 0.837890625 0.51171875 0.025390625 0.02734375
0 0.09765625 0.12109375 0.03515625 0.03515625
0 0.16650390625 0.48486328125 0.0322265625 0.0244140625
0 0.10205078125 0.65087890625 0.0302734375 0.0302734375
0 0.861328125 0.109375 0.126953125 0.14453125
0 0.65380859375 0.3876953125 0.0595703125 0.05859375
0 0.91064453125 0.68115234375 0.1298828125 0.0478515625
0 0.890625 0.380859375 0.025390625 0.03125
0 0.2451171875 0.138671875 0.04296875 0.037109375
0 0.07568359375 0.9833984375 0.0224609375 0.015625
0 0.15771484375 0.12939453125 0.0283203125 0.0302734375
0 0.16650390625 0.8193359375 0.0224609375 0.02734375
0 0.72705078125 0.20458984375 0.0966796875 0.2841796875
0 0.65087890625 0.14404296875 0.0419921875 0.0439453125
0 0.82080078125 0.5625 0.1220703125 0.048828125
0 0.63623046875 0.455078125 0.0419921875 0.041015625
0 0.08740234375 0.869140625 0.0478515625 0.04296875
0 0.6982421875 0.666015625 0.228515625 0.123046875
0 0.11962890625 0.03173828125 0.0498046875 0.0517578125
0 0.07666015625 0.72998046875 0.1083984375 0.0947265625
0 0.23779296875 0.91845703125 0.0322265625 0.0322265625
0 0.599609375 0.25 0.068359375 0.15625
0 0.74755859375 0.419921875 0.0830078125 0.083984375
0 0.482421875 0.9599609375 0.064453125 0.048828125
0 0.65283203125 0.2919921875 0.0224609375 0.01953125
0 0.34326171875 0.9365234375 0.0380859375 0.041015625
0 0.9228515625 0.4150390625 0.099609375 0.029296875
0 0.88330078125 0.46533203125 0.1806640625 0.0615234375
0 0.58935546875 0.5146484375 0.0244140625 0.03125
0 0.3076171875 0.6318359375 0.03515625 0.04296875
0 0.06591796875 0.9296875 0.0283203125 0.037109375
0 0.30859375 0.5625 0.01953125 0.01953125
0 0.42724609375 0.98388671875 0.0185546875 0.0205078125