0 0.47265625 0.27197265625 0.0234375 0.0166015625
0 0.0283203125 0.38623046875 0.041015625 0.0439453125
0 0.50341796875 0.57080078125 0.6494140625 0.3447265625
0 0.11865234375 0.1669921875 0.1591796875 0.138671875
0 0.607421875 0.10546875 0.080078125 0.193359375
0 0.43310546875 0.89697265625 0.0361328125 0.0458984375
0 0.048828125 0.33447265625 0.01953125 0.0146484375
0 0.81640625 0.14453125 0.177734375 0.177734375
0 0.22607421875 0.34814453125 0.0419921875 0.0419921875
0 0.25 0.84033203125 0.056640625 0.0556640625
0 0.9384765625 0.8955078125 0.068359375 0.03515625
0 0.94091796875 0.42626953125 0.0380859375 0.0869140625
0 0.880859375 0.47607421875 0.05859375 0.1865234375
0 0.42041015625 0.32666015625 0.1123046875 0.0419921875
0 0.4599609375 0.95849609375 0.025390625 0.0244140625
0 0.59375 0.859375 0.12890625 0.130859375
0 0.7138671875 0.3251953125 0.0546875 0.06640625
0 0.1171875 0.75390625 0.115234375 0.33984375
0 0.72705078125 0.8544921875 0.0224609375 0.0234375
0 0.07666015625 0.02880859375 0.0283203125 0.0244140625
0 0.30078125 0.0498046875 0.0390625 0.041015625
0 0.56201171875 0.96728515625 0.0185546875 0.0166015625
0 0.37353515625 0.1962890625 0.1669921875 0.146484375
0 0.8037109375 0.86083984375 0.0859375 0.0986328125
0 0.19970703125 0.80322265625 0.0283203125 0.0341796875
0 0.30322265625 0.08984375 0.0205078125 0.025390625
0 0.255859375 0.2373046875 0.037109375 0.037109375
0 0.234375 0.16162109375 0.048828125 0.0478515625
0 0.9052734375 0.80859375 0.080078125 0.091796875
0 0.55419921875 0.27783203125 0.0439453125 0.0458984375
0 0.94384765625 0.33154296875 0.0537109375 0.0537109375
0 0.14013671875 0.47314453125 0.0478515625 0.0517578125
0 0.515625 0.14892578125 0.04296875 0.0439453125
0 0.30029296875 0.35205078125 0.0419921875 0.0419921875
0 0.70361328125 0.26318359375 0.0615234375 0.0244140625
0 0.6962890625 0.1435546875 0.029296875 0.025390625
0 0.6767578125 0.9794921875 0.103515625 0.03515625
0 0.27685546875 0.9169921875 0.0537109375 0.0703125
0 0.4736328125 0.8310546875 0.0625 0.046875
0 0.353515625 0.849609375 0.076171875 0.208984375
0 0.05615234375 0.5224609375 0.0556640625 0.05859375
0 0.9384765625 0.61767578125 0.048828125 0.0439453125
0 0.09619140625 0.42626953125 0.0810546875 0.0244140625
0 0.61767578125 0.2802734375 0.0634765625 0.064453125