0 0.22802734375 0.2119140625 0.0380859375 0.111328125
0 0.23388671875 0.82177734375 0.2021484375 0.2021484375
0 0.09765625 0.859375 0.037109375 0.037109375
0 0.93798828125 0.73681640625 0.0224609375 0.0205078125
0 0.59765625 0.34765625 0.388671875 0.076171875
0 0.09765625 0.20703125 0.107421875 0.333984375
0 0.42724609375 0.08251953125 0.3876953125 0.1201171875
0 0.68017578125 0.69921875 0.1865234375 0.599609375
0 0.83837890625 0.21728515625 0.0537109375 0.0556640625
0 0.76123046875 0.154296875 0.0791015625 0.03125
0 0.3681640625 0.69580078125 0.0703125 0.0205078125
0 0.9326171875 0.60498046875 0.078125 0.0791015625
0 0.16650390625 0.5888671875 0.0595703125 0.0625
0 0.44970703125 0.8046875 0.0830078125 0.08203125
0 0.306640625 0.36865234375 0.068359375 0.3232421875
0 0.49755859375 0.4833984375 0.0986328125 0.0859375
0 0.80615234375 0.52734375 0.0322265625 0.02734375
0 0.69970703125 0.2255859375 0.0791015625 0.041015625
0 0.4697265625 0.8896484375 0.033203125 0.025390625
0 0.82275390625 0.89990234375 0.0400390625 0.0400390625
0 0.4755859375 0.6025390625 0.0390625 0.0859375
0 0.095703125 0.6630859375 0.029296875 0.03125
0 0.68408203125 0.02734375 0.0419921875 0.0546875
0 0.39111328125 0.857421875 0.0205078125 0.021484375
0 0.6435546875 0.17578125 0.126953125 0.046875
0 0.1298828125 0.47802734375 0.130859375 0.1494140625
0 0.8984375 0.4580078125 0.12109375 0.123046875
0 0.2216796875 0.6708984375 0.025390625 0.02734375
0 0.3583984375 0.56396484375 0.05859375 0.0634765625
0 0.02685546875 0.59765625 0.0302734375 0.0390625
0 0.560546875 0.88720703125 0.029296875 0.0361328125
0 0.4072265625 0.28076171875 0.048828125 0.0478515625
0 0.03564453125 0.45751953125 0.0537109375 0.1298828125
0 0.21630859375 0.57861328125 0.0322265625 0.0322265625
0 0.43994140625 0.95654296875 0.0361328125 0.0361328125
0 0.7783203125 0.22216796875 0.046875 0.0478515625
0 0.857421875 0.10888671875 0.087890625 0.0771484375
0 0.52783203125 0.63671875 0.0146484375 0.017578125
0 0.87109375 0.82080078125 0.146484375 0.0791015625
0 0.91162109375 0.25732421875 0.0595703125 0.1884765625
0 0.27783203125 0.56396484375 0.0439453125 0.0322265625
0 0.4541015625 0.66748046875 0.0234375 0.0166015625
0 0.17138671875 0.17431640625 0.0380859375 0.0322265625
0 0.49560546875 0.1748046875 0.1083984375 0.037109375
0 0.26025390625 0.97607421875 0.0439453125 0.0400390625
0 0.97900390625 0.89013671875 0.0224609375 0.0283203125
0 0.09423828125 0.8046875 0.0537109375 0.052734375