0 0.82080078125 0.34765625 0.0576171875 0.060546875
0 0.94091796875 0.3466796875 0.0908203125 0.29296875
0 0.357421875 0.4921875 0.265625 0.951171875
0 0.11376953125 0.3642578125 0.1123046875 0.34765625
0 0.63671875 0.1826171875 0.068359375 0.0703125
0 0.5478515625 0.4453125 0.072265625 0.037109375
0 0.71240234375 0.68359375 0.1416015625 0.162109375
0 0.53955078125 0.13671875 0.0556640625 0.05859375
0 0.7880859375 0.9130859375 0.1875 0.1640625
0 0.85498046875 0.67919921875 0.0830078125 0.0341796875
0 0.740234375 0.0712890625 0.033203125 0.033203125
0 0.5546875 0.35595703125 0.02734375 0.0322265625
0 0.6396484375 0.10986328125 0.044921875 0.0478515625
0 0.72216796875 0.41748046875 0.1689453125 0.0537109375
0 0.68603515625 0.5498046875 0.3837890625 0.08203125
0 0.10302734375 0.85791015625 0.0927734375 0.0810546875
0 0.54736328125 0.8681640625 0.0576171875 0.04296875
0 0.84130859375 0.396484375 0.0283203125 0.021484375
0 0.958984375 0.9228515625 0.0390625 0.05078125
0 0.92529296875 0.810546875 0.0634765625 0.01953125
0 0.54833984375 0.7978515625 0.0634765625 0.064453125
0 0.6279296875 0.89697265625 0.06640625 0.1533203125
0 0.06689453125 0.7060546875 0.0615234375 0.140625
0 0.130859375 0.076171875 0.05859375 0.05859375
0 0.18408203125 0.67041015625 0.0224609375 0.0205078125
0 0.88232421875 0.181640625 0.0888671875 0.033203125
0 0.60107421875 0.27978515625 0.0537109375 0.0712890625
0 0.91455078125 0.5341796875 0.0517578125 0.0546875
0 0.76220703125 0.33984375 0.0576171875 0.0703125
0 0.9345703125 0.14208984375 0.033203125 0.0322265625
0 0.16455078125 0.80126953125 0.0205078125 0.0263671875
0 0.77001953125 0.10546875 0.0224609375 0.0234375
0 0.875 0.75244140625 0.076171875 0.0771484375
0 0.9140625 0.64111328125 0.021484375 0.0146484375
0 0.73828125 0.20751953125 0.07421875 0.0732421875
0 0.9755859375 0.046875 0.04296875 0.04296875
0 0.1875 0.2978515625 0.021484375 0.0234375
0 0.06494140625 0.14404296875 0.0615234375 0.0556640625
0 0.681640625 0.318359375 0.029296875 0.029296875
0 0.80078125 0.796875 0.025390625 0.021484375
0 0.17431640625 0.6298828125 0.0224609375 0.01953125
0 0.14111328125 0.16064453125 0.0537109375 0.0537109375