0 0.607421875 0.90478515625 0.0625 0.1728515625
0 0.9228515625 0.31005859375 0.04296875 0.0458984375
0 0.2216796875 0.38330078125 0.05859375 0.0205078125
0 0.61181640625 0.56201171875 0.3916015625 0.1279296875
0 0.22705078125 0.4736328125 0.0283203125 0.03515625
0 0.76611328125 0.39013671875 0.2470703125 0.0478515625
0 0.25 0.59033203125 0.013671875 0.0087890625
0 0.39599609375 0.94140625 0.0439453125 0.10546875
0 0.63916015625 0.77001953125 0.0400390625 0.0400390625
0 0.24853515625 0.87890625 0.1416015625 0.14453125
0 0.89404296875 0.09912109375 0.0869140625 0.0986328125
0 0.6005859375 0.0771484375 0.169921875 0.1484375
0 0.54541015625 0.64794921875 0.0322265625 0.0322265625
0 0.1337890625 0.33935546875 0.076171875 0.3310546875
0 0.08984375 0.53466796875 0.109375 0.0556640625
0 0.314453125 0.52587890625 0.052734375 0.0556640625
0 0.5537109375 0.93701171875 0.02734375 0.0283203125
0 0.21240234375 0.61767578125 0.0244140625 0.0244140625
0 0.9609375 0.58837890625 0.052734375 0.0517578125
0 0.6962890625 0.94677734375 0.091796875 0.0263671875
0 0.91845703125 0.9306640625 0.0361328125 0.0390625
0 0.31005859375 0.15380859375 0.0244140625 0.0283203125
0 0.40576171875 0.783203125 0.1708984375 0.091796875
0 0.80419921875 0.44921875 0.0322265625 0.02734375
0 0.67138671875 0.27294921875 0.1513671875 0.1513671875
0 0.525390625 0.70166015625 0.125 0.0517578125
0 0.79833984375 0.06103515625 0.0693359375 0.0693359375
0 0.21142578125 0.15625 0.0419921875 0.033203125
0 0.38623046875 0.29296875 0.3896484375 0.14453125
0 0.86669921875 0.17626953125 0.0439453125 0.0537109375
0 0.36962890625 0.62255859375 0.0439453125 0.0556640625
0 0.4638671875 0.92724609375 0.03125 0.0419921875
0 0.26318359375 0.10009765625 0.1396484375 0.0439453125
0 0.94970703125 0.7705078125 0.0673828125 0.060546875
0 0.126953125 0.72998046875 0.064453125 0.0478515625
0 0.5048828125 0.978515625 0.025390625 0.02734375
0 0.39306640625 0.42431640625 0.0166015625 0.0146484375
0 0.67626953125 0.6767578125 0.1005859375 0.087890625
0 0.96875 0.20068359375 0.060546875 0.0595703125
0 0.1171875 0.8583984375 0.08203125 0.083984375
0 0.30517578125 0.626953125 0.0439453125 0.037109375
0 0.13818359375 0.02490234375 0.0400390625 0.0400390625
0 0.06201171875 0.6064453125 0.0263671875 0.02734375
0 0.05029296875 0.724609375 0.0556640625 0.0546875
0 0.826171875 0.919921875 0.0703125 0.16015625
0 0.4228515625 0.1103515625 0.150390625 0.171875