0 0.287109375 0.90234375 0.05078125 0.052734375
0 0.5361328125 0.419921875 0.19921875 0.19921875
0 0.05322265625 0.32470703125 0.0244140625 0.0166015625
0 0.2080078125 0.7041015625 0.1171875 0.119140625
0 0.7236328125 0.15234375 0.029296875 0.03125
0 0.73046875 0.3310546875 0.044921875 0.09765625
0 0.30859375 0.1376953125 0.36328125 0.134765625
0 0.83349609375 0.669921875 0.0439453125 0.046875
0 0.1572265625 0.44873046875 0.0390625 0.0419921875
0 0.88623046875 0.60205078125 0.0576171875 0.0166015625
0 0.2685546875 0.599609375 0.109375 0.0390625
0 0.73779296875 0.20361328125 0.0224609375 0.0205078125
0 0.896484375 0.0810546875 0.0546875 0.048828125
0 0.6650390625 0.30517578125 0.048828125 0.1337890625
0 0.4931640625 0.75439453125 0.041015625 0.0439453125
0 0.6923828125 0.853515625 0.029296875 0.029296875
0 0.13427734375 0.4013671875 0.0146484375 0.017578125
0 0.37939453125 0.7412109375 0.0810546875 0.08203125
0 0.84326171875 0.3408203125 0.0341796875 0.044921875
0 0.86181640625 0.515625 0.0322265625 0.02734375
0 0.8564453125 0.98388671875 0.037109375 0.0322265625
0 0.87939453125 0.90625 0.0693359375 0.03515625
0 0.69140625 0.63427734375 0.044921875 0.0341796875
0 0.06494140625 0.822265625 0.0947265625 0.298828125
0 0.94970703125 0.3544921875 0.0888671875 0.287109375
0 0.5166015625 0.1240234375 0.03515625 0.03515625
0 0.962890625 0.1396484375 0.07421875 0.029296875
0 0.6953125 0.49560546875 0.03125 0.0302734375
0 0.4677734375 0.68115234375 0.02734375 0.0283203125
0 0.7900390625 0.12158203125 0.080078125 0.1845703125
0 0.2421875 0.3232421875 0.25 0.134765625
0 0.45703125 0.5947265625 0.056640625 0.07421875
0 0.95458984375 0.58447265625 0.0244140625 0.0244140625
0 0.318359375 0.43798828125 0.099609375 0.0869140625
0 0.56201171875 0.73779296875 0.0849609375 0.3662109375
0 0.18896484375 0.04052734375 0.2451171875 0.0478515625
0 0.69970703125 0.95849609375 0.1259765625 0.0400390625
0 0.30029296875 0.53759765625 0.0947265625 0.0830078125
0 0.79345703125 0.85498046875 0.0380859375 0.0380859375
0 0.77734375 0.31787109375 0.037109375 0.0283203125
0 0.6318359375 0.5849609375 0.044921875 0.044921875
0 0.390625 0.9169921875 0.1328125 0.15234375
0 0.6015625 0.16455078125 0.07421875 0.2294921875
0 0.0791015625 0.4140625 0.0234375 0.029296875
0 0.1435546875 0.95361328125 0.041015625 0.0400390625
0 0.83984375 0.4287109375 0.107421875 0.109375
0 0.88134765625 0.7822265625 0.1044921875 0.119140625
0 0.7509765625 0.771484375 0.02734375 0.033203125