0 0.6650390625 0.75 0.037109375 0.037109375
0 0.9384765625 0.61376953125 0.080078125 0.0810546875
0 0.2666015625 0.15087890625 0.02734375 0.0244140625
0 0.7587890625 0.322265625 0.05078125 0.0546875
0 0.2109375 0.126953125 0.02734375 0.0234375
0 0.62353515625 0.97607421875 0.0849609375 0.0341796875
0 0.45849609375 0.55517578125 0.1884765625 0.0595703125
0 0.087890625 0.44091796875 0.037109375 0.0380859375
0 0.6689453125 0.8310546875 0.0390625 0.041015625
0 0.53955078125 0.09130859375 0.4091796875 0.1337890625
0 0.3876953125 0.26171875 0.025390625 0.025390625
0 0.49169921875 0.81103515625 0.0830078125 0.0732421875
0 0.75830078125 0.79248046875 0.0205078125 0.0244140625
0 0.27099609375 0.44580078125 0.0458984375 0.0419921875
0 0.17724609375 0.68408203125 0.0283203125 0.0361328125
0 0.38720703125 0.23193359375 0.0302734375 0.0302734375
0 0.73193359375 0.59814453125 0.0263671875 0.0185546875
0 0.62109375 0.2314453125 0.05859375 0.05859375
0 0.3212890625 0.90771484375 0.078125 0.0400390625
0 0.48876953125 0.935546875 0.1552734375 0.083984375
0 0.16015625 0.728515625 0.0234375 0.017578125
0 0.43896484375 0.6552734375 0.0361328125 0.03125
0 0.93017578125 0.330078125 0.1376953125 0.40625
0 0.8203125 0.4111328125 0.03515625 0.037109375
0 0.49560546875 0.31884765625 0.1044921875 0.1064453125
0 0.27197265625 0.85693359375 0.1220703125 0.0439453125
0 0.1572265625 0.3076171875 0.220703125 0.220703125
0 0.09619140625 0.55859375 0.0185546875 0.0234375
0 0.74658203125 0.85205078125 0.0263671875 0.0263671875
0 0.10546875 0.6640625 0.052734375 0.0390625
0 0.84716796875 0.77197265625 0.0908203125 0.3095703125
0 0.73681640625 0.50830078125 0.0712890625 0.0205078125
0 0.61572265625 0.53076171875 0.0732421875 0.2119140625
0 0.93798828125 0.06201171875 0.1083984375 0.1240234375
0 0.3115234375 0.24560546875 0.044921875 0.1025390625
0 0.26904296875 0.5791015625 0.0693359375 0.220703125
0 0.09130859375 0.83935546875 0.1474609375 0.1298828125
0 0.62841796875 0.33251953125 0.1083984375 0.1240234375
0 0.3935546875 0.3076171875 0.044921875 0.048828125
0 0.2197265625 0.76416015625 0.033203125 0.0341796875
0 0.03271484375 0.47265625 0.0361328125 0.03515625
0 0.412109375 0.5 0.037109375 0.037109375
0 0.77490234375 0.42919921875 0.0400390625 0.0537109375
0 0.3701171875 0.8076171875 0.04296875 0.103515625
0 0.26171875 0.1044921875 0.03515625 0.037109375
0 0.70947265625 0.2470703125 0.0498046875 0.060546875