0 0.48486328125 0.220703125 0.0283203125 0.029296875
0 0.576171875 0.4453125 0.81640625 0.302734375
0 0.169921875 0.7607421875 0.18359375 0.16015625
0 0.50341796875 0.873046875 0.0732421875 0.232421875
0 0.908203125 0.6650390625 0.166015625 0.056640625
0 0.587890625 0.85400390625 0.04296875 0.0458984375
0 0.205078125 0.19970703125 0.13671875 0.1396484375
0 0.0830078125 0.5078125 0.01953125 0.01953125
0 0.05078125 0.09619140625 0.064453125 0.0693359375
0 0.52880859375 0.1103515625 0.4716796875 0.154296875
0 0.0791015625 0.17138671875 0.025390625 0.0302734375
0 0.15283203125 0.95751953125 0.0654296875 0.0673828125
0 0.94482421875 0.73193359375 0.0673828125 0.0498046875
0 0.72412109375 0.2451171875 0.1728515625 0.09375
0 0.24609375 0.642578125 0.033203125 0.033203125
0 0.89697265625 0.87646484375 0.1826171875 0.1826171875
0 0.45849609375 0.22265625 0.0185546875 0.015625
0 0.37255859375 0.66064453125 0.1240234375 0.1259765625
0 0.54296875 0.71435546875 0.134765625 0.0693359375
0 0.58251953125 0.81884765625 0.0185546875 0.0146484375
0 0.93603515625 0.08544921875 0.0400390625 0.0361328125
0 0.34619140625 0.8525390625 0.0576171875 0.130859375
0 0.8310546875 0.74658203125 0.03125 0.0302734375
0 0.7802734375 0.6591796875 0.048828125 0.05859375
0 0.43603515625 0.8515625 0.0205078125 0.021484375
0 0.08349609375 0.27099609375 0.0537109375 0.0537109375
0 0.6845703125 0.6552734375 0.015625 0.01171875
0 0.64794921875 0.93603515625 0.0361328125 0.0380859375
0 0.705078125 0.78173828125 0.080078125 0.0908203125
0 0.68994140625 0.88818359375 0.1123046875 0.0400390625
0 0.03759765625 0.388671875 0.0556640625 0.05859375
0 0.80419921875 0.11572265625 0.0478515625 0.0634765625
0 0.89306640625 0.18701171875 0.0810546875 0.0712890625
0 0.3837890625 0.95751953125 0.02734375 0.0341796875
0 0.77685546875 0.79833984375 0.0458984375 0.0595703125
0 0.53759765625 0.6318359375 0.1220703125 0.05078125
0 0.8466796875 0.61083984375 0.015625 0.0146484375
0 0.25 0.07763671875 0.07421875 0.0732421875
0 0.07080078125 0.5908203125 0.0810546875 0.0234375
0 0.44775390625 0.95654296875 0.0263671875 0.0224609375
0 0.396484375 0.76171875 0.02734375 0.02734375
0 0.12548828125 0.37353515625 0.0361328125 0.0361328125