0 0.677734375 0.49658203125 0.025390625 0.0263671875
0 0.1962890625 0.17626953125 0.0703125 0.1943359375
0 0.408203125 0.6708984375 0.115234375 0.39453125
0 0.7138671875 0.29443359375 0.056640625 0.0419921875
0 0.20458984375 0.41357421875 0.0283203125 0.0244140625
0 0.619140625 0.810546875 0.30078125 0.30078125
0 0.966796875 0.171875 0.0546875 0.0546875
0 0.283203125 0.6796875 0.09765625 0.099609375
0 0.8330078125 0.1494140625 0.154296875 0.154296875
0 0.8759765625 0.82763671875 0.05859375 0.0712890625
0 0.9521484375 0.58984375 0.08203125 0.072265625
0 0.26806640625 0.3681640625 0.0673828125 0.02734375
0 0.88134765625 0.49853515625 0.0224609375 0.0205078125
0 0.662109375 0.06640625 0.09375 0.095703125
0 0.7705078125 0.55517578125 0.06640625 0.0244140625
0 0.4453125 0.08837890625 0.029296875 0.0380859375
0 0.525390625 0.26220703125 0.302734375 0.1123046875
0 0.62060546875 0.3837890625 0.0986328125 0.09765625
0 0.0712890625 0.24462890625 0.052734375 0.0517578125
0 0.01904296875 0.640625 0.0205078125 0.015625
0 0.8662109375 0.412109375 0.240234375 0.046875
0 0.1611328125 0.50927734375 0.1796875 0.1572265625
0 0.177734375 0.9013671875 0.15625 0.1796875
0 0.96533203125 0.52587890625 0.0322265625 0.0322265625
0 0.7783203125 0.275390625 0.03125 0.033203125
0 0.52978515625 0.38232421875 0.0322265625 0.0224609375
0 0.13037109375 0.41162109375 0.0244140625 0.0263671875
0 0.7255859375 0.4453125 0.015625 0.01953125
0 0.041015625 0.091796875 0.044921875 0.048828125
0 0.10791015625 0.65283203125 0.1123046875 0.0380859375
0 0.9658203125 0.97119140625 0.017578125 0.0205078125
0 0.232421875 0.029296875 0.041015625 0.041015625
0 0.9482421875 0.787109375 0.0703125 0.16015625
0 0.36376953125 0.92578125 0.2060546875 0.111328125
0 0.30859375 0.17529296875 0.099609375 0.3154296875
0 0.2529296875 0.787109375 0.046875 0.04296875
0 0.84326171875 0.27099609375 0.0615234375 0.0654296875
0 0.7392578125 0.5869140625 0.025390625 0.025390625
0 0.86767578125 0.681640625 0.0634765625 0.15234375
0 0.06396484375 0.4072265625 0.0908203125 0.02734375
0 0.0556640625 0.30810546875 0.056640625 0.0556640625
0 0.75927734375 0.03759765625 0.0400390625 0.0400390625
0 0.513671875 0.615234375 0.083984375 0.04296875
0 0.09912109375 0.142578125 0.0458984375 0.060546875
0 0.8984375 0.9501953125 0.04296875 0.044921875
0 0.306640625 0.52392578125 0.01953125 0.0166015625