0 0.51416015625 0.666015625 0.7021484375 0.423828125
0 0.65966796875 0.216796875 0.0537109375 0.048828125
0 0.4306640625 0.36572265625 0.134765625 0.1376953125
0 0.85009765625 0.2490234375 0.1201171875 0.359375
0 0.70849609375 0.02294921875 0.0810546875 0.0419921875
0 0.4423828125 0.126953125 0.0703125 0.16015625
0 0.921875 0.69140625 0.04296875 0.044921875
0 0.18408203125 0.068359375 0.3583984375 0.076171875
0 0.38134765625 0.18798828125 0.0205078125 0.0205078125
0 0.951171875 0.73095703125 0.0234375 0.0166015625
0 0.32568359375 0.9482421875 0.0478515625 0.05859375
0 0.13818359375 0.64111328125 0.0205078125 0.0244140625
0 0.03564453125 0.50439453125 0.0634765625 0.0634765625
0 0.10693359375 0.44677734375 0.0693359375 0.3271484375
0 0.6298828125 0.35986328125 0.13671875 0.1201171875
0 0.0791015625 0.26708984375 0.03125 0.0302734375
0 0.037109375 0.94384765625 0.06640625 0.0654296875
0 0.685546875 0.076171875 0.052734375 0.015625
0 0.291015625 0.25341796875 0.099609375 0.2294921875
0 0.474609375 0.93701171875 0.046875 0.0615234375
0 0.67578125 0.1298828125 0.01953125 0.0234375
0 0.0673828125 0.6796875 0.0546875 0.056640625
0 0.732421875 0.28271484375 0.025390625 0.0224609375
0 0.578125 0.12939453125 0.150390625 0.0810546875
0 0.96142578125 0.16748046875 0.0771484375 0.2236328125
0 0.578125 0.04833984375 0.03515625 0.0302734375
0 0.5810546875 0.9521484375 0.07421875 0.083984375
0 0.1064453125 0.841796875 0.05859375 0.0625
0 0.748046875 0.93359375 0.076171875 0.078125
0 0.7744140625 0.12841796875 0.0234375 0.0205078125
0 0.22509765625 0.90380859375 0.1064453125 0.0361328125
0 0.98388671875 0.52099609375 0.0322265625 0.0322265625
0 0.04736328125 0.17578125 0.0361328125 0.037109375
0 0.97802734375 0.9501953125 0.0361328125 0.0390625
0 0.8837890625 0.93212890625 0.1015625 0.0888671875
0 0.88818359375 0.02880859375 0.0810546875 0.0302734375
0 0.0947265625 0.78271484375 0.05859375 0.0439453125
0 0.01513671875 0.16943359375 0.0263671875 0.0341796875
0 0.716796875 0.17578125 0.056640625 0.05859375
0 0.93701171875 0.51806640625 0.0361328125 0.0361328125
0 0.5361328125 0.39453125 0.03515625 0.02734375
0 0.681640625 0.95751953125 0.04296875 0.0458984375
0 0.5927734375 0.22705078125 0.068359375 0.0673828125