0 0.32763671875 0.552734375 0.0634765625 0.064453125
0 0.171875 0.68115234375 0.037109375 0.0400390625
0 0.419921875 0.0966796875 0.0703125 0.0703125
0 0.451171875 0.599609375 0.04296875 0.044921875
0 0.390625 0.39013671875 0.080078125 0.1728515625
0 0.1767578125 0.94384765625 0.02734375 0.0341796875
0 0.2080078125 0.04052734375 0.041015625 0.0419921875
0 0.0771484375 0.28955078125 0.029296875 0.0302734375
0 0.80615234375 0.37744140625 0.0322265625 0.0322265625
0 0.83984375 0.65380859375 0.060546875 0.1884765625
0 0.791015625 0.2080078125 0.296875 0.296875
0 0.75537109375 0.42822265625 0.0419921875 0.0439453125
0 0.5234375 0.6904296875 0.06640625 0.3125
0 0.07763671875 0.3935546875 0.0341796875 0.044921875
0 0.44921875 0.8955078125 0.12109375 0.04296875
0 0.11376953125 0.6669921875 0.0224609375 0.01953125
0 0.68798828125 0.85791015625 0.1455078125 0.1455078125
0 0.55615234375 0.25244140625 0.1396484375 0.4482421875
0 0.38916015625 0.70654296875 0.0654296875 0.1904296875
0 0.21728515625 0.8876953125 0.0673828125 0.068359375
0 0.904296875 0.435546875 0.033203125 0.033203125
0 0.63232421875 0.6982421875 0.0419921875 0.044921875
0 0.34423828125 0.91015625 0.0849609375 0.0859375
0 0.18701171875 0.158203125 0.0732421875 0.072265625
0 0.296875 0.66796875 0.1015625 0.029296875
0 0.45947265625 0.70556640625 0.0302734375 0.0380859375
0 0.88671875 0.60791015625 0.013671875 0.0126953125
0 0.83935546875 0.87548828125 0.1298828125 0.0673828125
0 0.10205078125 0.951171875 0.0185546875 0.013671875
0 0.74658203125 0.537109375 0.0576171875 0.04296875
0 0.19091796875 0.7666015625 0.2099609375 0.11328125
0 0.87109375 0.91845703125 0.013671875 0.0166015625
0 0.94921875 0.85595703125 0.08203125 0.2607421875
0 0.15673828125 0.4677734375 0.1279296875 0.041015625
0 0.26708984375 0.30859375 0.0986328125 0.2265625
0 0.3671875 0.82958984375 0.021484375 0.0185546875
0 0.87158203125 0.51904296875 0.0810546875 0.0322265625
0 0.63818359375 0.60595703125 0.1181640625 0.1357421875
0 0.0546875 0.0400390625 0.056640625 0.056640625
0 0.08642578125 0.20703125 0.1240234375 0.109375
0 0.02978515625 0.27490234375 0.0244140625 0.0166015625
0 0.30322265625 0.07958984375 0.0810546875 0.0732421875
0 0.19921875 0.5546875 0.095703125 0.109375
0 0.77783203125 0.73046875 0.0439453125 0.052734375
0 0.677734375 0.4560546875 0.08203125 0.072265625
0 0.2734375 0.44921875 0.037109375 0.037109375
0 0.02880859375 0.5849609375 0.0576171875 0.056640625