0 0.64013671875 0.79150390625 0.0615234375 0.0615234375
0 0.54248046875 0.4091796875 0.5634765625 0.21875
0 0.24560546875 0.24951171875 0.0244140625 0.0302734375
0 0.7392578125 0.16552734375 0.15625 0.1376953125
0 0.8994140625 0.2158203125 0.140625 0.16015625
0 0.76806640625 0.650390625 0.1435546875 0.146484375
0 0.2958984375 0.826171875 0.044921875 0.05859375
0 0.6923828125 0.0595703125 0.189453125 0.060546875
0 0.40087890625 0.13525390625 0.3193359375 0.0986328125
0 0.57470703125 0.6884765625 0.0146484375 0.017578125
0 0.08642578125 0.416015625 0.0244140625 0.025390625
0 0.11181640625 0.62548828125 0.1162109375 0.1181640625
0 0.47314453125 0.80322265625 0.1806640625 0.1806640625
0 0.080078125 0.1220703125 0.056640625 0.07421875
0 0.84228515625 0.90283203125 0.0732421875 0.1669921875
0 0.03125 0.4814453125 0.052734375 0.126953125
0 0.1591796875 0.47119140625 0.1171875 0.0361328125
0 0.162109375 0.38330078125 0.0703125 0.0693359375
0 0.57861328125 0.57958984375 0.0927734375 0.0380859375
0 0.2255859375 0.6748046875 0.04296875 0.04296875
0 0.3271484375 0.89794921875 0.033203125 0.0341796875
0 0.052734375 0.72509765625 0.05859375 0.0712890625
0 0.1318359375 0.8310546875 0.08984375 0.26953125
0 0.501953125 0.591796875 0.021484375 0.021484375
0 0.408203125 0.6201171875 0.05078125 0.0546875
0 0.91259765625 0.31982421875 0.0439453125 0.0458984375
0 0.16748046875 0.32470703125 0.1025390625 0.0380859375
0 0.9052734375 0.49169921875 0.048828125 0.0439453125
0 0.8212890625 0.7802734375 0.033203125 0.03515625
0 0.94140625 0.72021484375 0.11328125 0.0595703125
0 0.904296875 0.84033203125 0.029296875 0.0244140625
0 0.49560546875 0.20849609375 0.0244140625 0.0244140625
0 0.93359375 0.416015625 0.02734375 0.01953125
0 0.22021484375 0.8701171875 0.0595703125 0.171875
0 0.12109375 0.53955078125 0.03515625 0.0361328125
0 0.1865234375 0.521484375 0.037109375 0.0390625
0 0.751953125 0.90283203125 0.1015625 0.0888671875
0 0.5107421875 0.673828125 0.033203125 0.025390625
0 0.33642578125 0.92919921875 0.0263671875 0.0205078125
0 0.27880859375 0.04638671875 0.2939453125 0.0576171875
0 0.6416015625 0.6572265625 0.033203125 0.033203125
0 0.48583984375 0.6435546875 0.0341796875 0.029296875
0 0.01513671875 0.59423828125 0.0185546875 0.0166015625
0 0.03515625 0.80859375 0.068359375 0.068359375