0 0.68310546875 0.54833984375 0.0400390625 0.0341796875
0 0.35546875 0.68603515625 0.091796875 0.0322265625
0 0.041015625 0.09375 0.07421875 0.177734375
0 0.4931640625 0.19091796875 0.423828125 0.2548828125
0 0.94482421875 0.4931640625 0.0244140625 0.017578125
0 0.14794921875 0.0439453125 0.0595703125 0.064453125
0 0.31640625 0.736328125 0.07421875 0.029296875
0 0.1533203125 0.6748046875 0.134765625 0.513671875
0 0.880859375 0.875 0.0703125 0.0703125
0 0.42724609375 0.67138671875 0.0244140625 0.0302734375
0 0.6337890625 0.88916015625 0.18359375 0.1611328125
0 0.2255859375 0.03271484375 0.029296875 0.0361328125
0 0.3603515625 0.77978515625 0.033203125 0.0341796875
0 0.58203125 0.02783203125 0.015625 0.0185546875
0 0.40673828125 0.837890625 0.1826171875 0.0625
0 0.30126953125 0.4306640625 0.1298828125 0.1328125
0 0.90087890625 0.1181640625 0.0595703125 0.05859375
0 0.7060546875 0.3544921875 0.041015625 0.041015625
0 0.74072265625 0.66064453125 0.3916015625 0.0830078125
0 0.12744140625 0.28173828125 0.0263671875 0.0263671875
0 0.05712890625 0.77587890625 0.0283203125 0.0302734375
0 0.88623046875 0.35107421875 0.0751953125 0.1630859375
0 0.78515625 0.11474609375 0.140625 0.1611328125
0 0.60400390625 0.52685546875 0.0439453125 0.0576171875
0 0.88427734375 0.46533203125 0.0283203125 0.0302734375
0 0.51513671875 0.77490234375 0.0302734375 0.0400390625
0 0.87109375 0.52001953125 0.0234375 0.0244140625
0 0.69677734375 0.439453125 0.0615234375 0.0625
0 0.32763671875 0.5888671875 0.1630859375 0.142578125
0 0.45361328125 0.41455078125 0.1240234375 0.0634765625
0 0.17578125 0.09033203125 0.0703125 0.0205078125
0 0.0869140625 0.37841796875 0.060546875 0.0595703125
0 0.96240234375 0.59033203125 0.0458984375 0.1318359375
0 0.265625 0.93359375 0.080078125 0.08203125
0 0.90185546875 0.18896484375 0.0615234375 0.0458984375
0 0.74560546875 0.28076171875 0.0537109375 0.0517578125
0 0.287109375 0.8232421875 0.041015625 0.03515625
0 0.60205078125 0.380859375 0.0732421875 0.06640625
0 0.76904296875 0.79833984375 0.0419921875 0.0419921875
0 0.87353515625 0.72412109375 0.0166015625 0.0146484375
0 0.96435546875 0.173828125 0.0400390625 0.03125
0 0.353515625 0.95849609375 0.044921875 0.0478515625