0 0.337890625 0.39794921875 0.205078125 0.7783203125
0 0.0966796875 0.77099609375 0.138671875 0.4091796875
0 0.70361328125 0.47119140625 0.0400390625 0.0439453125
0 0.79541015625 0.59716796875 0.2060546875 0.0439453125
0 0.95361328125 0.265625 0.0771484375 0.078125
0 0.15087890625 0.3359375 0.0341796875 0.078125
0 0.48974609375 0.81103515625 0.0712890625 0.0712890625
0 0.70263671875 0.68603515625 0.1181640625 0.0361328125
0 0.18408203125 0.138671875 0.0869140625 0.240234375
0 0.33740234375 0.81884765625 0.1162109375 0.0419921875
0 0.9501953125 0.71630859375 0.0234375 0.0283203125
0 0.548828125 0.37060546875 0.12890625 0.6064453125
0 0.92431640625 0.4716796875 0.1435546875 0.125
0 0.6943359375 0.85205078125 0.044921875 0.0439453125
0 0.55224609375 0.7783203125 0.0126953125 0.01171875
0 0.7900390625 0.162109375 0.208984375 0.208984375
0 0.2119140625 0.53857421875 0.029296875 0.0205078125
0 0.45849609375 0.93017578125 0.2548828125 0.1376953125
0 0.08935546875 0.509765625 0.0830078125 0.083984375
0 0.748046875 0.751953125 0.1796875 0.056640625
0 0.90576171875 0.8671875 0.0322265625 0.03125
0 0.95947265625 0.11474609375 0.0419921875 0.0419921875
0 0.81201171875 0.43408203125 0.0400390625 0.0400390625
0 0.6533203125 0.076171875 0.025390625 0.021484375
0 0.21337890625 0.283203125 0.0380859375 0.041015625
0 0.50048828125 0.75439453125 0.0263671875 0.0341796875
0 0.8935546875 0.91162109375 0.07421875 0.0302734375
0 0.890625 0.97802734375 0.072265625 0.0380859375
0 0.703125 0.34912109375 0.140625 0.1435546875
0 0.70166015625 0.80615234375 0.0556640625 0.0419921875
0 0.63916015625 0.9443359375 0.0263671875 0.03125
0 0.20166015625 0.7275390625 0.0595703125 0.1796875
0 0.03369140625 0.2626953125 0.0400390625 0.04296875
0 0.787109375 0.49462890625 0.05859375 0.0576171875
0 0.07666015625 0.04541015625 0.0458984375 0.0400390625
0 0.8232421875 0.0341796875 0.0390625 0.03515625
0 0.099609375 0.3974609375 0.056640625 0.068359375
0 0.7841796875 0.9560546875 0.03515625 0.046875
0 0.0888671875 0.1611328125 0.083984375 0.07421875
0 0.271484375 0.8740234375 0.037109375 0.0390625
0 0.16650390625 0.52880859375 0.0419921875 0.0322265625
0 0.58984375 0.787109375 0.05859375 0.134765625
0 0.66162109375 0.58203125 0.0263671875 0.02734375
0 0.7216796875 0.9130859375 0.037109375 0.0390625
0 0.87158203125 0.70068359375 0.0205078125 0.0205078125