0 0.8291015625 0.85986328125 0.15625 0.0537109375
0 0.53857421875 0.08935546875 0.0556640625 0.0576171875
0 0.53955078125 0.888671875 0.0556640625 0.05859375
0 0.63671875 0.5234375 0.287109375 0.287109375
0 0.81884765625 0.154296875 0.0146484375 0.013671875
0 0.08154296875 0.0712890625 0.0224609375 0.01953125
0 0.2109375 0.1337890625 0.03125 0.0234375
0 0.8271484375 0.57177734375 0.03515625 0.0458984375
0 0.1318359375 0.931640625 0.033203125 0.03515625
0 0.0224609375 0.525390625 0.017578125 0.015625
0 0.30078125 0.1376953125 0.064453125 0.068359375
0 0.72412109375 0.9580078125 0.0634765625 0.0625
0 0.31884765625 0.57275390625 0.1904296875 0.6826171875
0 0.82421875 0.458984375 0.03515625 0.03515625
0 0.55712890625 0.8076171875 0.0419921875 0.044921875
0 0.71142578125 0.19580078125 0.1845703125 0.1845703125
0 0.0478515625 0.3173828125 0.0625 0.181640625
0 0.86181640625 0.68212890625 0.1474609375 0.0791015625
0 0.47265625 0.79931640625 0.015625 0.0185546875
0 0.1162109375 0.57666015625 0.078125 0.2470703125
0 0.90673828125 0.173828125 0.0986328125 0.337890625
0 0.541015625 0.20947265625 0.14453125 0.0751953125
0 0.18701171875 0.5537109375 0.0419921875 0.05078125
0 0.31005859375 0.939453125 0.0869140625 0.03515625
0 0.13330078125 0.2060546875 0.0712890625 0.064453125
0 0.11962890625 0.35986328125 0.0654296875 0.0712890625
0 0.56884765625 0.34130859375 0.2919921875 0.0576171875
0 0.94970703125 0.9052734375 0.0595703125 0.078125
0 0.18359375 0.9189453125 0.03125 0.03125
0 0.44677734375 0.705078125 0.0517578125 0.119140625
0 0.12109375 0.79248046875 0.0234375 0.0283203125
0 0.2177734375 0.04296875 0.07421875 0.02734375
0 0.0576171875 0.89111328125 0.08203125 0.0927734375
0 0.69384765625 0.8076171875 0.0908203125 0.21875
0 0.09228515625 0.13818359375 0.0654296875 0.0185546875
0 0.80810546875 0.373046875 0.0283203125 0.02734375
0 0.4541015625 0.26171875 0.021484375 0.015625
0 0.95361328125 0.76220703125 0.0732421875 0.0732421875
0 0.93212890625 0.5712890625 0.1240234375 0.126953125
0 0.7939453125 0.75244140625 0.046875 0.0458984375
0 0.6640625 0.07080078125 0.04296875 0.0439453125
0 0.73193359375 0.06982421875 0.0693359375 0.0517578125
0 0.39208984375 0.1689453125 0.1044921875 0.091796875
0 0.94580078125 0.45166015625 0.0712890625 0.0732421875
0 0.1259765625 0.28271484375 0.08984375 0.0791015625
0 0.7138671875 0.6806640625 0.0234375 0.0234375