0 0.93017578125 0.1298828125 0.0517578125 0.0625
0 0.97705078125 0.2216796875 0.0302734375 0.03125
0 0.20068359375 0.14990234375 0.1630859375 0.1435546875
0 0.15283203125 0.544921875 0.0283203125 0.02734375
0 0.39990234375 0.740234375 0.6806640625 0.263671875
0 0.41796875 0.5361328125 0.01953125 0.0234375
0 0.89794921875 0.70263671875 0.1083984375 0.3701171875
0 0.60498046875 0.1396484375 0.3017578125 0.05859375
0 0.791015625 0.201171875 0.060546875 0.181640625
0 0.080078125 0.9755859375 0.033203125 0.03515625
0 0.0458984375 0.10595703125 0.021484375 0.0166015625
0 0.56005859375 0.4228515625 0.3427734375 0.1328125
0 0.3349609375 0.45556640625 0.04296875 0.0576171875
0 0.35546875 0.119140625 0.099609375 0.228515625
0 0.13720703125 0.35400390625 0.2587890625 0.2587890625
0 0.83154296875 0.3994140625 0.0712890625 0.20703125
0 0.35498046875 0.39404296875 0.0576171875 0.0419921875
0 0.7998046875 0.8505859375 0.05859375 0.060546875
0 0.083984375 0.02783203125 0.0625 0.0185546875
0 0.919921875 0.35546875 0.025390625 0.0234375
0 0.2880859375 0.5791015625 0.021484375 0.0234375
0 0.8056640625 0.037109375 0.025390625 0.017578125
0 0.4658203125 0.2939453125 0.015625 0.01953125
0 0.892578125 0.0576171875 0.091796875 0.046875
0 0.58984375 0.2509765625 0.10546875 0.12109375
0 0.68994140625 0.2373046875 0.0869140625 0.0859375
0 0.4033203125 0.28662109375 0.05859375 0.0615234375
0 0.0302734375 0.79638671875 0.0390625 0.0361328125
0 0.8779296875 0.1689453125 0.04296875 0.09375
0 0.796875 0.654296875 0.076171875 0.078125
0 0.966796875 0.353515625 0.029296875 0.029296875
0 0.61669921875 0.0341796875 0.1298828125 0.046875
0 0.3193359375 0.3154296875 0.08203125 0.083984375
0 0.736328125 0.94677734375 0.03515625 0.0302734375
0 0.029296875 0.712890625 0.044921875 0.048828125
0 0.61328125 0.55029296875 0.20703125 0.1142578125
0 0.50146484375 0.19873046875 0.0283203125 0.0244140625
0 0.416015625 0.9111328125 0.021484375 0.021484375
0 0.359375 0.96533203125 0.17578125 0.0556640625
0 0.9501953125 0.9541015625 0.05078125 0.05078125
0 0.099609375 0.57958984375 0.044921875 0.0439453125
0 0.4296875 0.58447265625 0.07421875 0.0302734375
0 0.8447265625 0.24365234375 0.041015625 0.0537109375
0 0.958984375 0.0771484375 0.02734375 0.02734375