0 0.96875 0.76025390625 0.0390625 0.0419921875
0 0.8427734375 0.07080078125 0.099609375 0.0341796875
0 0.47607421875 0.15283203125 0.3896484375 0.1513671875
0 0.32861328125 0.77783203125 0.0380859375 0.0341796875
0 0.7236328125 0.4130859375 0.09375 0.08203125
0 0.7314453125 0.6962890625 0.3671875 0.220703125
0 0.40869140625 0.39599609375 0.3759765625 0.0732421875
0 0.0322265625 0.80859375 0.037109375 0.037109375
0 0.7939453125 0.5400390625 0.03125 0.0234375
0 0.9228515625 0.44189453125 0.037109375 0.0283203125
0 0.95263671875 0.58154296875 0.0732421875 0.2021484375
0 0.11669921875 0.5263671875 0.1298828125 0.609375
0 0.10302734375 0.92529296875 0.1044921875 0.1064453125
0 0.861328125 0.24853515625 0.0390625 0.0419921875
0 0.4267578125 0.25732421875 0.021484375 0.0263671875
0 0.41552734375 0.7080078125 0.1044921875 0.33203125
0 0.08447265625 0.0615234375 0.1005859375 0.115234375
0 0.1826171875 0.10595703125 0.087890625 0.1005859375
0 0.58837890625 0.576171875 0.0166015625 0.01171875
0 0.50341796875 0.8046875 0.0673828125 0.068359375
0 0.86669921875 0.33203125 0.0791015625 0.080078125
0 0.33935546875 0.70068359375 0.0341796875 0.0361328125
0 0.3125 0.3173828125 0.107421875 0.033203125
0 0.0625 0.18701171875 0.099609375 0.0517578125
0 0.31982421875 0.50732421875 0.0595703125 0.0634765625
0 0.41748046875 0.92578125 0.0615234375 0.080078125
0 0.8984375 0.14599609375 0.0546875 0.0673828125
0 0.5341796875 0.93505859375 0.103515625 0.0908203125
0 0.251953125 0.75537109375 0.025390625 0.0302734375
0 0.7587890625 0.279296875 0.04296875 0.037109375
0 0.2666015625 0.826171875 0.0625 0.0234375
0 0.75 0.9423828125 0.03515625 0.03515625
0 0.248046875 0.552734375 0.07421875 0.16015625
0 0.97216796875 0.0361328125 0.0380859375 0.033203125
0 0.90869140625 0.890625 0.1240234375 0.068359375
0 0.77734375 0.1708984375 0.11328125 0.046875
0 0.9599609375 0.1650390625 0.0546875 0.130859375
0 0.2353515625 0.6904296875 0.06640625 0.072265625
0 0.50439453125 0.53125 0.0693359375 0.068359375
0 0.39453125 0.056640625 0.037109375 0.037109375
0 0.65185546875 0.36083984375 0.0380859375 0.0380859375
0 0.7099609375 0.3056640625 0.041015625 0.04296875
0 0.54150390625 0.3193359375 0.0654296875 0.064453125
0 0.63037109375 0.2666015625 0.0419921875 0.041015625
0 0.45751953125 0.2919921875 0.0224609375 0.029296875
0 0.7822265625 0.2109375 0.013671875 0.01171875