0 0.5234375 0.48291015625 0.11328125 0.0361328125
0 0.45654296875 0.740234375 0.3310546875 0.0703125
0 0.333984375 0.85888671875 0.115234375 0.0478515625
0 0.0703125 0.93017578125 0.041015625 0.0888671875
0 0.298828125 0.31787109375 0.072265625 0.0732421875
0 0.8427734375 0.234375 0.162109375 0.142578125
0 0.1240234375 0.48779296875 0.21484375 0.7666015625
0 0.7724609375 0.076171875 0.099609375 0.037109375
0 0.73193359375 0.56689453125 0.0224609375 0.0224609375
0 0.3232421875 0.5048828125 0.13671875 0.119140625
0 0.7626953125 0.1337890625 0.03125 0.03125
0 0.64794921875 0.64208984375 0.0654296875 0.0205078125
0 0.75830078125 0.6748046875 0.0263671875 0.02734375
0 0.07763671875 0.05078125 0.0146484375 0.013671875
0 0.96044921875 0.4609375 0.0615234375 0.06640625
0 0.7275390625 0.95556640625 0.037109375 0.0322265625
0 0.8623046875 0.47509765625 0.068359375 0.0673828125
0 0.49951171875 0.17138671875 0.3564453125 0.2099609375
0 0.89306640625 0.88916015625 0.1435546875 0.1630859375
0 0.65673828125 0.6748046875 0.0341796875 0.02734375
0 0.4580078125 0.5888671875 0.126953125 0.14453125
0 0.56396484375 0.89453125 0.0244140625 0.025390625
0 0.28369140625 0.9287109375 0.0458984375 0.046875
0 0.880859375 0.0927734375 0.029296875 0.029296875
0 0.5 0.34130859375 0.318359375 0.1181640625
0 0.83349609375 0.66552734375 0.0673828125 0.0712890625
0 0.49560546875 0.87939453125 0.0576171875 0.0693359375
0 0.72265625 0.728515625 0.029296875 0.03125
0 0.31201171875 0.5712890625 0.0146484375 0.009765625
0 0.119140625 0.06689453125 0.0546875 0.0537109375
0 0.67138671875 0.81982421875 0.0224609375 0.0283203125
0 0.67626953125 0.755859375 0.0146484375 0.017578125
0 0.6142578125 0.80126953125 0.03515625 0.0458984375
0 0.8056640625 0.404296875 0.017578125 0.01953125
0 0.50439453125 0.82861328125 0.0302734375 0.0263671875
0 0.9140625 0.5712890625 0.068359375 0.068359375
0 0.42041015625 0.951171875 0.0771484375 0.0703125
0 0.80859375 0.5458984375 0.0234375 0.03125
0 0.69091796875 0.51171875 0.1298828125 0.06640625
0 0.1962890625 0.9443359375 0.07421875 0.076171875
0 0.876953125 0.74755859375 0.046875 0.0458984375
0 0.263671875 0.17822265625 0.041015625 0.1142578125
0 0.9814453125 0.69384765625 0.033203125 0.0244140625