0 0.36181640625 0.26611328125 0.1455078125 0.1669921875
0 0.310546875 0.63818359375 0.533203125 0.2822265625
0 0.8466796875 0.189453125 0.09765625 0.0859375
0 0.228515625 0.09912109375 0.03515625 0.0361328125
0 0.8916015625 0.06201171875 0.021484375 0.0224609375
0 0.55517578125 0.12060546875 0.1337890625 0.0419921875
0 0.96337890625 0.58154296875 0.0615234375 0.0556640625
0 0.89892578125 0.72900390625 0.0205078125 0.0185546875
0 0.66455078125 0.44384765625 0.0380859375 0.0380859375
0 0.7607421875 0.61181640625 0.017578125 0.0224609375
0 0.96484375 0.3828125 0.0234375 0.0234375
0 0.62744140625 0.8056640625 0.0849609375 0.083984375
0 0.2734375 0.14990234375 0.044921875 0.0380859375
0 0.6875 0.896484375 0.033203125 0.03515625
0 0.08544921875 0.94970703125 0.0380859375 0.0869140625
0 0.599609375 0.9140625 0.044921875 0.048828125
0 0.3115234375 0.9248046875 0.08203125 0.083984375
0 0.4130859375 0.40234375 0.064453125 0.048828125
0 0.85400390625 0.46044921875 0.1376953125 0.1396484375
0 0.6318359375 0.6337890625 0.052734375 0.0546875
0 0.23291015625 0.82177734375 0.0966796875 0.0341796875
0 0.5224609375 0.25732421875 0.044921875 0.0478515625
0 0.66796875 0.2314453125 0.05859375 0.05859375
0 0.0615234375 0.2255859375 0.111328125 0.357421875
0 0.76123046875 0.06201171875 0.1044921875 0.0908203125
0 0.794921875 0.123046875 0.068359375 0.02734375
0 0.7119140625 0.658203125 0.048828125 0.1171875
0 0.95361328125 0.26318359375 0.0400390625 0.0517578125
0 0.74951171875 0.384765625 0.0634765625 0.083984375
0 0.33251953125 0.1435546875 0.0576171875 0.0703125
0 0.88525390625 0.61376953125 0.0810546875 0.0244140625
0 0.1650390625 0.41064453125 0.0390625 0.0302734375
0 0.49072265625 0.90234375 0.0361328125 0.03515625
0 0.10400390625 0.81298828125 0.0283203125 0.0244140625
0 0.86962890625 0.8720703125 0.1435546875 0.07421875
0 0.21142578125 0.43408203125 0.0263671875 0.0263671875
0 0.57080078125 0.45751953125 0.0712890625 0.0693359375
0 0.90625 0.55322265625 0.015625 0.0107421875
0 0.75146484375 0.232421875 0.0654296875 0.1796875
0 0.94140625 0.822265625 0.017578125 0.017578125
0 0.27880859375 0.41162109375 0.0830078125 0.0947265625
0 0.58740234375 0.2900390625 0.0732421875 0.232421875
0 0.8916015625 0.64306640625 0.015625 0.0185546875