0 0.9833984375 0.81640625 0.025390625 0.02734375
0 0.4990234375 0.3662109375 0.203125 0.203125
0 0.83154296875 0.20263671875 0.2138671875 0.2138671875
0 0.103515625 0.501953125 0.138671875 0.6484375
0 0.51171875 0.58984375 0.0234375 0.01953125
0 0.07177734375 0.1240234375 0.0498046875 0.052734375
0 0.76708984375 0.94775390625 0.0400390625 0.0400390625
0 0.32763671875 0.16943359375 0.1748046875 0.0556640625
0 0.681640625 0.66357421875 0.02734375 0.0283203125
0 0.9306640625 0.45654296875 0.064453125 0.0693359375
0 0.0859375 0.87109375 0.115234375 0.03515625
0 0.79052734375 0.6640625 0.1044921875 0.322265625
0 0.7041015625 0.8291015625 0.033203125 0.025390625
0 0.55078125 0.8359375 0.025390625 0.025390625
0 0.9541015625 0.87060546875 0.02734375 0.0341796875
0 0.1884765625 0.0615234375 0.052734375 0.056640625
0 0.08349609375 0.0517578125 0.0537109375 0.0390625
0 0.35302734375 0.685546875 0.1533203125 0.17578125
0 0.5361328125 0.9521484375 0.392578125 0.083984375
0 0.23779296875 0.67041015625 0.0576171875 0.0576171875
0 0.21142578125 0.55419921875 0.0458984375 0.0458984375
0 0.26416015625 0.34423828125 0.1357421875 0.1181640625
0 0.68701171875 0.04443359375 0.1083984375 0.0400390625
0 0.97705078125 0.60986328125 0.0283203125 0.0205078125
0 0.68212890625 0.19287109375 0.0478515625 0.1318359375
0 0.79931640625 0.341796875 0.0400390625 0.0390625
0 0.5634765625 0.6787109375 0.05859375 0.0234375
0 0.26513671875 0.84765625 0.0888671875 0.087890625
0 0.14013671875 0.05615234375 0.0341796875 0.0419921875
0 0.48779296875 0.7685546875 0.0771484375 0.078125
0 0.23828125 0.23974609375 0.029296875 0.0341796875
0 0.89013671875 0.89697265625 0.0615234375 0.1943359375
0 0.59228515625 0.5126953125 0.0693359375 0.0625
0 0.3251953125 0.498046875 0.1328125 0.134765625
0 0.416015625 0.84716796875 0.056640625 0.0576171875
0 0.2392578125 0.47412109375 0.03125 0.0419921875
0 0.1142578125 0.94287109375 0.044921875 0.0576171875
0 0.68896484375 0.47265625 0.0732421875 0.083984375
0 0.7744140625 0.91162109375 0.021484375 0.0185546875
0 0.294921875 0.9501953125 0.048828125 0.05078125
0 0.794921875 0.4609375 0.119140625 0.0625
0 0.51953125 0.04150390625 0.0390625 0.0380859375
0 0.5380859375 0.14697265625 0.16796875 0.1474609375
0 0.9169921875 0.71484375 0.05078125 0.111328125
0 0.8603515625 0.66943359375 0.025390625 0.0224609375