0 0.2294921875 0.10400390625 0.0546875 0.0576171875
0 0.63720703125 0.12744140625 0.0244140625 0.0224609375
0 0.33251953125 0.5703125 0.1318359375 0.115234375
0 0.47412109375 0.31884765625 0.5107421875 0.2705078125
0 0.30224609375 0.15771484375 0.1142578125 0.0458984375
0 0.26171875 0.0537109375 0.021484375 0.021484375
0 0.65576171875 0.8134765625 0.0537109375 0.0546875
0 0.7734375 0.615234375 0.041015625 0.04296875
0 0.7939453125 0.830078125 0.09765625 0.234375
0 0.8564453125 0.22265625 0.056640625 0.05859375
0 0.7255859375 0.6787109375 0.173828125 0.0546875
0 0.2822265625 0.7216796875 0.296875 0.091796875
0 0.19140625 0.90869140625 0.1328125 0.1357421875
0 0.0302734375 0.53662109375 0.01953125 0.0146484375
0 0.466796875 0.89111328125 0.076171875 0.2099609375
0 0.13623046875 0.26806640625 0.0595703125 0.0634765625
0 0.22900390625 0.15087890625 0.0224609375 0.0224609375
0 0.68603515625 0.95068359375 0.0283203125 0.0244140625
0 0.7021484375 0.53857421875 0.0234375 0.0283203125
0 0.15185546875 0.07763671875 0.0615234375 0.0556640625
0 0.83740234375 0.62109375 0.0478515625 0.05078125
0 0.92626953125 0.318359375 0.0380859375 0.037109375
0 0.9619140625 0.26904296875 0.046875 0.0458984375
0 0.88330078125 0.83056640625 0.0693359375 0.0712890625
0 0.3671875 0.9609375 0.08984375 0.02734375
0 0.59619140625 0.876953125 0.1357421875 0.0703125
0 0.83349609375 0.10205078125 0.1904296875 0.1025390625
0 0.640625 0.0810546875 0.044921875 0.05859375
0 0.78515625 0.34912109375 0.025390625 0.0322265625
0 0.904296875 0.7392578125 0.033203125 0.03515625
0 0.78271484375 0.46630859375 0.0341796875 0.0341796875
0 0.16650390625 0.4912109375 0.0537109375 0.052734375
0 0.91552734375 0.6142578125 0.0810546875 0.091796875
0 0.931640625 0.51513671875 0.04296875 0.0556640625
0 0.072265625 0.67578125 0.033203125 0.033203125
0 0.52001953125 0.72021484375 0.1064453125 0.0400390625
0 0.9775390625 0.8896484375 0.03125 0.02734375
0 0.12158203125 0.21044921875 0.0244140625 0.0166015625
0 0.939453125 0.41455078125 0.11328125 0.1298828125
0 0.4560546875 0.53955078125 0.06640625 0.1435546875
0 0.61328125 0.6357421875 0.046875 0.03515625
0 0.044921875 0.1240234375 0.060546875 0.07421875