0 0.86572265625 0.60986328125 0.1669921875 0.5380859375
0 0.6318359375 0.19873046875 0.6875 0.2548828125
0 0.5810546875 0.8408203125 0.0859375 0.20703125
0 0.17626953125 0.55615234375 0.1943359375 0.1044921875
0 0.50390625 0.46630859375 0.322265625 0.1904296875
0 0.67822265625 0.83349609375 0.0966796875 0.0400390625
0 0.11279296875 0.142578125 0.0517578125 0.0546875
0 0.05908203125 0.9423828125 0.0810546875 0.080078125
0 0.3037109375 0.859375 0.052734375 0.052734375
0 0.14453125 0.373046875 0.201171875 0.201171875
0 0.67822265625 0.52685546875 0.0146484375 0.0185546875
0 0.4697265625 0.94873046875 0.029296875 0.0224609375
0 0.41943359375 0.67529296875 0.1884765625 0.1650390625
0 0.40185546875 0.9208984375 0.0302734375 0.033203125
0 0.7255859375 0.6005859375 0.072265625 0.3125
0 0.77685546875 0.041015625 0.0419921875 0.044921875
0 0.18896484375 0.85546875 0.0556640625 0.0546875
0 0.2431640625 0.05322265625 0.06640625 0.0673828125
0 0.1650390625 0.07763671875 0.03515625 0.0361328125
0 0.376953125 0.7890625 0.16015625 0.0546875
0 0.4287109375 0.88671875 0.056640625 0.017578125
0 0.30419921875 0.0146484375 0.0302734375 0.021484375
0 0.07861328125 0.76904296875 0.1572265625 0.1376953125
0 0.46875 0.03662109375 0.232421875 0.0498046875
0 0.30029296875 0.92626953125 0.0283203125 0.0283203125
0 0.86279296875 0.97509765625 0.0283203125 0.0302734375
0 0.251953125 0.857421875 0.02734375 0.025390625
0 0.42919921875 0.97802734375 0.0400390625 0.0341796875
0 0.1474609375 0.958984375 0.0625 0.076171875
0 0.10791015625 0.0732421875 0.0322265625 0.04296875
0 0.6240234375 0.615234375 0.041015625 0.037109375
0 0.59423828125 0.6884765625 0.0810546875 0.08203125
0 0.08056640625 0.642578125 0.1103515625 0.056640625
0 0.93505859375 0.9375 0.0986328125 0.03515625
0 0.23193359375 0.14794921875 0.0380859375 0.0498046875
0 0.017578125 0.4189453125 0.029296875 0.03125
0 0.70947265625 0.0419921875 0.0576171875 0.056640625
0 0.01904296875 0.58935546875 0.0341796875 0.0341796875
0 0.19580078125 0.666015625 0.0478515625 0.103515625
0 0.30908203125 0.42919921875 0.0576171875 0.1669921875
0 0.66259765625 0.77978515625 0.0380859375 0.0380859375
0 0.6240234375 0.0419921875 0.025390625 0.029296875
0 0.2802734375 0.66357421875 0.072265625 0.0537109375
0 0.19775390625 0.216796875 0.0322265625 0.02734375
0 0.2216796875 0.93408203125 0.072265625 0.0830078125
0 0.66650390625 0.93017578125 0.0400390625 0.0419921875