0 0.310546875 0.71533203125 0.0703125 0.0634765625
0 0.17724609375 0.09326171875 0.3486328125 0.1083984375
0 0.49462890625 0.51025390625 0.0283203125 0.0244140625
0 0.625 0.89501953125 0.03515625 0.0810546875
0 0.78076171875 0.83544921875 0.0791015625 0.0693359375
0 0.3671875 0.888671875 0.01953125 0.01953125
0 0.677734375 0.552734375 0.0546875 0.05859375
0 0.49755859375 0.96337890625 0.0322265625 0.0283203125
0 0.30419921875 0.48193359375 0.0966796875 0.2900390625
0 0.16845703125 0.24267578125 0.0380859375 0.0380859375
0 0.953125 0.28466796875 0.072265625 0.0712890625
0 0.76513671875 0.68701171875 0.1240234375 0.1259765625
0 0.6767578125 0.13330078125 0.435546875 0.2626953125
0 0.142578125 0.8232421875 0.2578125 0.2578125
0 0.90771484375 0.68017578125 0.1572265625 0.5361328125
0 0.57958984375 0.7255859375 0.0888671875 0.02734375
0 0.43505859375 0.1142578125 0.0419921875 0.044921875
0 0.34765625 0.296875 0.02734375 0.02734375
0 0.42236328125 0.6279296875 0.1376953125 0.140625
0 0.82958984375 0.33154296875 0.0537109375 0.0556640625
0 0.6015625 0.34130859375 0.33203125 0.0654296875
0 0.0810546875 0.37060546875 0.025390625 0.0322265625
0 0.37060546875 0.73876953125 0.0361328125 0.0380859375
0 0.2353515625 0.1865234375 0.09375 0.048828125
0 0.51953125 0.87744140625 0.115234375 0.1318359375
0 0.03759765625 0.2041015625 0.0576171875 0.0234375
0 0.79296875 0.51904296875 0.037109375 0.0361328125
0 0.23046875 0.5625 0.025390625 0.0234375
0 0.607421875 0.44384765625 0.03125 0.0224609375
0 0.77001953125 0.94775390625 0.0498046875 0.0517578125
0 0.15234375 0.296875 0.12109375 0.04296875
0 0.04541015625 0.9765625 0.0361328125 0.044921875
0 0.43798828125 0.158203125 0.0205078125 0.025390625
0 0.18212890625 0.65869140625 0.1201171875 0.0380859375
0 0.32421875 0.232421875 0.060546875 0.044921875
0 0.0986328125 0.54443359375 0.1640625 0.1865234375
0 0.958984375 0.12744140625 0.08203125 0.0810546875
0 0.580078125 0.642578125 0.0703125 0.0703125
0 0.04443359375 0.66796875 0.0322265625 0.04296875
0 0.69482421875 0.880859375 0.0693359375 0.16015625
0 0.734375 0.46142578125 0.037109375 0.0283203125
0 0.6591796875 0.72802734375 0.021484375 0.0224609375
0 0.41845703125 0.76220703125 0.0224609375 0.0263671875
0 0.560546875 0.56982421875 0.072265625 0.0732421875