0 0.06201171875 0.02099609375 0.0224609375 0.0263671875
0 0.1728515625 0.78857421875 0.072265625 0.2099609375
0 0.1279296875 0.5185546875 0.03125 0.033203125
0 0.72216796875 0.6455078125 0.4423828125 0.13671875
0 0.68017578125 0.27978515625 0.1103515625 0.1259765625
0 0.3583984375 0.20849609375 0.041015625 0.0400390625
0 0.24951171875 0.5751953125 0.0302734375 0.033203125
0 0.26416015625 0.115234375 0.0595703125 0.05859375
0 0.83251953125 0.74755859375 0.0439453125 0.0458984375
0 0.40869140625 0.69677734375 0.1611328125 0.5751953125
0 0.86328125 0.34326171875 0.076171875 0.2236328125
0 0.21923828125 0.18798828125 0.0595703125 0.0732421875
0 0.28466796875 0.67822265625 0.0654296875 0.1494140625
0 0.92333984375 0.13232421875 0.0224609375 0.0283203125
0 0.939453125 0.875 0.029296875 0.03125
0 0.0595703125 0.7490234375 0.107421875 0.33984375
0 0.6591796875 0.80712890625 0.041015625 0.0361328125
0 0.58984375 0.2763671875 0.025390625 0.0234375
0 0.83349609375 0.54150390625 0.0263671875 0.0341796875
0 0.4296875 0.1162109375 0.171875 0.05859375
0 0.1162109375 0.24560546875 0.12890625 0.4130859375
0 0.6640625 0.1533203125 0.060546875 0.017578125
0 0.66357421875 0.46630859375 0.1767578125 0.1552734375
0 0.5517578125 0.8427734375 0.09765625 0.234375
0 0.95654296875 0.75634765625 0.0634765625 0.0224609375
0 0.6787109375 0.90869140625 0.1015625 0.0888671875
0 0.82763671875 0.03173828125 0.0791015625 0.0322265625
0 0.4677734375 0.31689453125 0.021484375 0.0185546875
0 0.7490234375 0.7900390625 0.109375 0.125
0 0.20654296875 0.10205078125 0.0439453125 0.0439453125
0 0.26171875 0.498046875 0.09375 0.091796875
0 0.35888671875 0.34912109375 0.0322265625 0.0322265625
0 0.236328125 0.36474609375 0.052734375 0.0478515625
0 0.88623046875 0.0146484375 0.0302734375 0.0234375
0 0.51611328125 0.1767578125 0.0302734375 0.033203125
0 0.75244140625 0.1015625 0.0458984375 0.060546875
0 0.88720703125 0.857421875 0.0732421875 0.07421875
0 0.90869140625 0.93701171875 0.1240234375 0.0634765625
0 0.0302734375 0.279296875 0.0390625 0.041015625
0 0.4033203125 0.0341796875 0.3046875 0.064453125
0 0.46923828125 0.25341796875 0.0341796875 0.0341796875
0 0.03271484375 0.142578125 0.0224609375 0.015625
0 0.798828125 0.17041015625 0.1328125 0.0732421875
0 0.4169921875 0.21484375 0.025390625 0.025390625
0 0.021484375 0.1103515625 0.0390625 0.0390625
0 0.296875 0.28125 0.0390625 0.029296875