0 0.2705078125 0.31982421875 0.41015625 0.1591796875
0 0.966796875 0.697265625 0.0234375 0.025390625
0 0.55810546875 0.85009765625 0.4951171875 0.2626953125
0 0.58740234375 0.14990234375 0.0322265625 0.0341796875
0 0.13818359375 0.01904296875 0.0322265625 0.0341796875
0 0.4873046875 0.5830078125 0.041015625 0.037109375
0 0.78271484375 0.07763671875 0.0224609375 0.0166015625
0 0.93603515625 0.2177734375 0.0439453125 0.033203125
0 0.3330078125 0.6162109375 0.029296875 0.029296875
0 0.31396484375 0.1396484375 0.1005859375 0.115234375
0 0.19677734375 0.57861328125 0.1826171875 0.1826171875
0 0.2158203125 0.45751953125 0.037109375 0.0361328125
0 0.80810546875 0.16796875 0.0634765625 0.068359375
0 0.6337890625 0.5634765625 0.232421875 0.232421875
0 0.77880859375 0.033203125 0.0283203125 0.02734375
0 0.92236328125 0.78125 0.1513671875 0.1328125
0 0.80419921875 0.4501953125 0.0771484375 0.17578125
0 0.86865234375 0.521484375 0.0322265625 0.02734375
0 0.06298828125 0.7958984375 0.1123046875 0.115234375
0 0.443359375 0.04931640625 0.060546875 0.0615234375
0 0.81982421875 0.06591796875 0.0322265625 0.0322265625
0 0.93603515625 0.3662109375 0.0849609375 0.25390625
0 0.68359375 0.18603515625 0.083984375 0.2021484375
0 0.185546875 0.818359375 0.0390625 0.05078125
0 0.189453125 0.08349609375 0.0390625 0.0478515625
0 0.88232421875 0.13525390625 0.0615234375 0.1708984375
0 0.46484375 0.1669921875 0.0703125 0.0703125
0 0.69384765625 0.38671875 0.1357421875 0.119140625
0 0.97119140625 0.9140625 0.0224609375 0.015625
0 0.39990234375 0.4853515625 0.0576171875 0.076171875
0 0.267578125 0.8154296875 0.037109375 0.0390625
0 0.3291015625 0.4580078125 0.04296875 0.037109375
0 0.77880859375 0.33837890625 0.0224609375 0.0283203125
0 0.9013671875 0.92236328125 0.1015625 0.1162109375
0 0.92578125 0.65087890625 0.08203125 0.0302734375
0 0.953125 0.18310546875 0.03125 0.0283203125
0 0.22998046875 0.68896484375 0.0224609375 0.0263671875
0 0.13134765625 0.93603515625 0.1123046875 0.1142578125
0 0.07177734375 0.060546875 0.0986328125 0.09765625
0 0.57861328125 0.25 0.0556640625 0.05859375
0 0.14599609375 0.15380859375 0.1884765625 0.0595703125
0 0.42626953125 0.6484375 0.1298828125 0.06640625
0 0.56591796875 0.3955078125 0.0986328125 0.041015625
0 0.06640625 0.7021484375 0.04296875 0.04296875
0 0.61279296875 0.6953125 0.0517578125 0.015625