0 0.7314453125 0.44189453125 0.140625 0.1611328125
0 0.60009765625 0.8193359375 0.6669921875 0.353515625
0 0.93896484375 0.134765625 0.0302734375 0.02734375
0 0.04638671875 0.556640625 0.0654296875 0.0859375
0 0.84912109375 0.298828125 0.0791015625 0.078125
0 0.17578125 0.61279296875 0.095703125 0.3017578125
0 0.59375 0.47021484375 0.052734375 0.0537109375
0 0.26220703125 0.37353515625 0.0615234375 0.0556640625
0 0.3642578125 0.2744140625 0.1015625 0.478515625
0 0.20947265625 0.0166015625 0.0869140625 0.03125
0 0.06884765625 0.2275390625 0.1162109375 0.359375
0 0.640625 0.537109375 0.029296875 0.029296875
0 0.28369140625 0.09130859375 0.0478515625 0.0498046875
0 0.78515625 0.1318359375 0.23828125 0.12890625
0 0.2109375 0.287109375 0.029296875 0.03125
0 0.57666015625 0.37451171875 0.0185546875 0.0126953125
0 0.4736328125 0.59521484375 0.126953125 0.0654296875
0 0.57666015625 0.26953125 0.0673828125 0.162109375
0 0.79736328125 0.56982421875 0.0341796875 0.0419921875
0 0.49365234375 0.48095703125 0.1123046875 0.1142578125
0 0.033203125 0.642578125 0.041015625 0.041015625
0 0.05419921875 0.46826171875 0.0419921875 0.0439453125
0 0.79248046875 0.0234375 0.0263671875 0.02734375
0 0.10791015625 0.7666015625 0.0302734375 0.0234375
0 0.5859375 0.58984375 0.046875 0.048828125
0 0.17431640625 0.849609375 0.1533203125 0.134765625
0 0.751953125 0.6162109375 0.19921875 0.0390625
0 0.47265625 0.1044921875 0.03125 0.033203125
0 0.95947265625 0.216796875 0.0322265625 0.02734375
0 0.318359375 0.568359375 0.142578125 0.044921875
0 0.869140625 0.49267578125 0.025390625 0.0302734375
0 0.18408203125 0.3623046875 0.0654296875 0.064453125
0 0.14306640625 0.04541015625 0.0302734375 0.0380859375
0 0.04638671875 0.890625 0.0712890625 0.08203125
0 0.6181640625 0.408203125 0.0234375 0.0234375
0 0.26953125 0.22802734375 0.072265625 0.2099609375
0 0.89794921875 0.4169921875 0.0302734375 0.029296875
0 0.47802734375 0.3203125 0.1142578125 0.1171875
0 0.2109375 0.10986328125 0.0234375 0.0302734375
0 0.16162109375 0.10693359375 0.0517578125 0.0146484375
0 0.1669921875 0.267578125 0.05078125 0.109375
0 0.88232421875 0.6337890625 0.0185546875 0.015625
0 0.20068359375 0.94287109375 0.0400390625 0.0400390625
0 0.91650390625 0.03759765625 0.1103515625 0.0439453125
0 0.30712890625 0.61669921875 0.0419921875 0.0302734375
0 0.5595703125 0.12255859375 0.138671875 0.1220703125