0 0.6484375 0.96923828125 0.0546875 0.0556640625
0 0.75 0.4892578125 0.025390625 0.021484375
0 0.935546875 0.0673828125 0.033203125 0.033203125
0 0.951171875 0.40185546875 0.072265625 0.2236328125
0 0.375 0.01953125 0.03515625 0.02734375
0 0.76708984375 0.6337890625 0.0458984375 0.048828125
0 0.8271484375 0.2734375 0.173828125 0.173828125
0 0.53369140625 0.55078125 0.0712890625 0.064453125
0 0.90478515625 0.1337890625 0.0341796875 0.041015625
0 0.4931640625 0.3671875 0.048828125 0.111328125
0 0.69482421875 0.83203125 0.0634765625 0.068359375
0 0.4326171875 0.65869140625 0.095703125 0.0947265625
0 0.50341796875 0.9560546875 0.0380859375 0.05078125
0 0.29931640625 0.07177734375 0.0419921875 0.0439453125
0 0.7236328125 0.10595703125 0.0703125 0.0361328125
0 0.32763671875 0.72509765625 0.0673828125 0.1552734375
0 0.41259765625 0.03759765625 0.0341796875 0.0341796875
0 0.64599609375 0.64013671875 0.1142578125 0.1162109375
0 0.796875 0.4892578125 0.033203125 0.033203125
0 0.6796875 0.33935546875 0.037109375 0.0322265625
0 0.30615234375 0.34375 0.1376953125 0.4921875
0 0.5498046875 0.11669921875 0.029296875 0.0205078125
0 0.24658203125 0.86669921875 0.4521484375 0.0966796875
0 0.85693359375 0.123046875 0.0341796875 0.025390625
0 0.11669921875 0.4326171875 0.1611328125 0.18359375
0 0.7294921875 0.74755859375 0.068359375 0.0673828125
0 0.98193359375 0.13720703125 0.0263671875 0.0341796875
0 0.56591796875 0.8642578125 0.0283203125 0.029296875
0 0.50634765625 0.25537109375 0.0966796875 0.0849609375
0 0.87890625 0.6337890625 0.15625 0.083984375
0 0.4150390625 0.189453125 0.04296875 0.04296875
0 0.08447265625 0.662109375 0.0595703125 0.173828125
0 0.083984375 0.2255859375 0.083984375 0.03515625
0 0.20849609375 0.1533203125 0.0224609375 0.02734375
0 0.55029296875 0.80615234375 0.1220703125 0.0439453125
0 0.1904296875 0.677734375 0.13671875 0.046875
0 0.271484375 0.78125 0.041015625 0.041015625
0 0.82421875 0.744140625 0.0390625 0.041015625
0 0.79638671875 0.02978515625 0.0185546875 0.0166015625
0 0.86181640625 0.876953125 0.1083984375 0.125
0 0.560546875 0.03564453125 0.111328125 0.0341796875
0 0.9248046875 0.71630859375 0.0625 0.0634765625
0 0.4677734375 0.5341796875 0.029296875 0.03125
0 0.6328125 0.48779296875 0.11328125 0.0986328125
0 0.94921875 0.892578125 0.013671875 0.015625