0 0.64453125 0.5556640625 0.0234375 0.0234375
0 0.78564453125 0.85302734375 0.3935546875 0.1220703125
0 0.3857421875 0.20458984375 0.712890625 0.3701171875
0 0.96533203125 0.376953125 0.0185546875 0.01953125
0 0.1005859375 0.615234375 0.119140625 0.12109375
0 0.47509765625 0.8759765625 0.0986328125 0.05078125
0 0.52783203125 0.509765625 0.0615234375 0.060546875
0 0.95263671875 0.9365234375 0.0224609375 0.015625
0 0.876953125 0.3515625 0.12109375 0.048828125
0 0.3515625 0.66748046875 0.125 0.3974609375
0 0.17529296875 0.74169921875 0.0556640625 0.0166015625
0 0.6513671875 0.6748046875 0.03515625 0.04296875
0 0.2041015625 0.9677734375 0.046875 0.048828125
0 0.7978515625 0.07861328125 0.0703125 0.1533203125
0 0.4501953125 0.73974609375 0.0234375 0.0185546875
0 0.76123046875 0.6181640625 0.0634765625 0.068359375
0 0.427734375 0.59765625 0.01953125 0.01953125
0 0.919921875 0.16357421875 0.03515625 0.0361328125
0 0.48876953125 0.56494140625 0.0322265625 0.0283203125
0 0.11865234375 0.798828125 0.1025390625 0.08984375
0 0.2001953125 0.474609375 0.173828125 0.09375
0 0.033203125 0.88525390625 0.052734375 0.0693359375
0 0.70068359375 0.63330078125 0.0224609375 0.0224609375
0 0.7783203125 0.45654296875 0.244140625 0.0478515625
0 0.216796875 0.70166015625 0.08984375 0.0283203125
0 0.89208984375 0.61328125 0.0419921875 0.041015625
0 0.43505859375 0.62841796875 0.0244140625 0.0283203125
0 0.94140625 0.2822265625 0.099609375 0.037109375
0 0.94580078125 0.53515625 0.0634765625 0.185546875
0 0.12060546875 0.8837890625 0.0654296875 0.048828125
0 0.3974609375 0.9384765625 0.078125 0.0703125
0 0.9072265625 0.03759765625 0.068359375 0.0693359375
0 0.63720703125 0.52734375 0.0244140625 0.021484375
0 0.9169921875 0.94677734375 0.04296875 0.0419921875
0 0.2265625 0.9248046875 0.025390625 0.03125
0 0.79345703125 0.7509765625 0.0185546875 0.015625
0 0.56298828125 0.61328125 0.1142578125 0.1171875
0 0.8359375 0.2607421875 0.0546875 0.0546875
0 0.13037109375 0.95703125 0.0224609375 0.029296875
0 0.87646484375 0.7197265625 0.0517578125 0.0546875
0 0.65966796875 0.60791015625 0.0341796875 0.0361328125