0 0.52587890625 0.8349609375 0.0185546875 0.017578125
0 0.8408203125 0.52685546875 0.02734375 0.0185546875
0 0.310546875 0.50390625 0.126953125 0.111328125
0 0.12939453125 0.45703125 0.0908203125 0.046875
0 0.74072265625 0.34912109375 0.3310546875 0.3310546875
0 0.55224609375 0.79296875 0.0908203125 0.033203125
0 0.18896484375 0.11376953125 0.0185546875 0.0224609375
0 0.88818359375 0.734375 0.2138671875 0.044921875
0 0.40283203125 0.69580078125 0.0498046875 0.1201171875
0 0.673828125 0.56982421875 0.0390625 0.0419921875
0 0.908203125 0.8427734375 0.01953125 0.025390625
0 0.466796875 0.458984375 0.02734375 0.02734375
0 0.87255859375 0.083984375 0.0419921875 0.044921875
0 0.77783203125 0.88134765625 0.0341796875 0.0341796875
0 0.24853515625 0.80419921875 0.0380859375 0.0380859375
0 0.19140625 0.2158203125 0.134765625 0.04296875
0 0.3740234375 0.064453125 0.044921875 0.033203125
0 0.08544921875 0.86376953125 0.0673828125 0.0654296875
0 0.3994140625 0.32568359375 0.1171875 0.1201171875
0 0.314453125 0.70703125 0.091796875 0.275390625
0 0.72412109375 0.81494140625 0.0537109375 0.0556640625
0 0.42626953125 0.2109375 0.0615234375 0.07421875
0 0.28515625 0.0771484375 0.09375 0.107421875
0 0.056640625 0.2119140625 0.095703125 0.09765625
0 0.130859375 0.603515625 0.083984375 0.07421875
0 0.51708984375 0.236328125 0.1064453125 0.330078125
0 0.9326171875 0.2158203125 0.03515625 0.02734375
0 0.376953125 0.9248046875 0.478515625 0.1484375
0 0.94921875 0.5419921875 0.037109375 0.037109375
0 0.60595703125 0.6455078125 0.0791015625 0.1796875
0 0.3251953125 0.2080078125 0.021484375 0.0234375
0 0.935546875 0.5908203125 0.025390625 0.021484375
0 0.0869140625 0.3251953125 0.064453125 0.06640625
0 0.72216796875 0.1162109375 0.0400390625 0.04296875
0 0.0419921875 0.63720703125 0.064453125 0.0634765625
0 0.59326171875 0.14892578125 0.0400390625 0.0341796875
0 0.8037109375 0.63623046875 0.138671875 0.0751953125
0 0.107421875 0.75439453125 0.1015625 0.1162109375
0 0.40380859375 0.494140625 0.0576171875 0.0234375
0 0.638671875 0.162109375 0.041015625 0.041015625
0 0.79296875 0.9140625 0.068359375 0.01953125
0 0.28662109375 0.28857421875 0.0478515625 0.1396484375
0 0.6748046875 0.0908203125 0.052734375 0.0703125
0 0.56591796875 0.75439453125 0.0263671875 0.0341796875
0 0.537109375 0.0390625 0.046875 0.048828125
0 0.0576171875 0.1181640625 0.076171875 0.068359375