0 0.25048828125 0.5341796875 0.1357421875 0.119140625
0 0.6279296875 0.4677734375 0.267578125 0.267578125
0 0.03271484375 0.2470703125 0.0439453125 0.056640625
0 0.60498046875 0.94580078125 0.0341796875 0.0283203125
0 0.80908203125 0.29736328125 0.0927734375 0.0283203125
0 0.28125 0.8359375 0.111328125 0.03515625
0 0.42578125 0.150390625 0.482421875 0.158203125
0 0.96240234375 0.91064453125 0.0302734375 0.0322265625
0 0.375 0.7197265625 0.0625 0.171875
0 0.2705078125 0.966796875 0.0390625 0.029296875
0 0.888671875 0.14501953125 0.115234375 0.1005859375
0 0.38525390625 0.9140625 0.0302734375 0.0234375
0 0.81005859375 0.46826171875 0.0341796875 0.0419921875
0 0.8779296875 0.68896484375 0.06640625 0.0341796875
0 0.78662109375 0.796875 0.0556640625 0.068359375
0 0.37646484375 0.880859375 0.0341796875 0.029296875
0 0.72412109375 0.07763671875 0.0380859375 0.0498046875
0 0.212890625 0.31298828125 0.16796875 0.0908203125
0 0.25 0.8720703125 0.013671875 0.01171875
0 0.1337890625 0.90869140625 0.05859375 0.0595703125
0 0.259765625 0.412109375 0.0703125 0.080078125
0 0.05810546875 0.0751953125 0.0537109375 0.052734375
0 0.9453125 0.5146484375 0.0625 0.056640625
0 0.666015625 0.837890625 0.0234375 0.0234375
0 0.12255859375 0.5146484375 0.0341796875 0.03515625
0 0.22314453125 0.75244140625 0.0634765625 0.0673828125
0 0.5712890625 0.85107421875 0.060546875 0.0634765625
0 0.51318359375 0.955078125 0.0712890625 0.025390625
0 0.73779296875 0.216796875 0.0908203125 0.091796875
0 0.634765625 0.70068359375 0.087890625 0.0869140625
0 0.49658203125 0.2978515625 0.0263671875 0.02734375
0 0.39208984375 0.43603515625 0.1376953125 0.1572265625
0 0.09912109375 0.18408203125 0.0615234375 0.0615234375
0 0.43994140625 0.912109375 0.0673828125 0.15625
0 0.9111328125 0.03759765625 0.06640625 0.0654296875
0 0.8037109375 0.7109375 0.041015625 0.041015625
0 0.7138671875 0.92333984375 0.021484375 0.0146484375
0 0.099609375 0.66357421875 0.064453125 0.2041015625
0 0.45556640625 0.54638671875 0.0341796875 0.0341796875
0 0.4375 0.80126953125 0.021484375 0.0224609375
0 0.8701171875 0.39599609375 0.052734375 0.1201171875
0 0.08349609375 0.4453125 0.0927734375 0.09375
0 0.1484375 0.3701171875 0.017578125 0.021484375
0 0.42724609375 0.3330078125 0.0927734375 0.037109375