0 0.39111328125 0.67431640625 0.2841796875 0.6376953125
0 0.53857421875 0.0537109375 0.0400390625 0.04296875
0 0.66064453125 0.490234375 0.0498046875 0.06640625
0 0.11083984375 0.69189453125 0.1708984375 0.6103515625
0 0.767578125 0.958984375 0.015625 0.01171875
0 0.646484375 0.60546875 0.09375 0.02734375
0 0.8837890625 0.11962890625 0.0390625 0.0517578125
0 0.9833984375 0.119140625 0.029296875 0.025390625
0 0.63720703125 0.359375 0.1005859375 0.041015625
0 0.80322265625 0.54296875 0.0654296875 0.189453125
0 0.57958984375 0.05419921875 0.0283203125 0.0283203125
0 0.8740234375 0.46923828125 0.033203125 0.0341796875
0 0.8701171875 0.35986328125 0.099609375 0.0869140625
0 0.27734375 0.033203125 0.09375 0.029296875
0 0.91357421875 0.55810546875 0.0322265625 0.0400390625
0 0.91162109375 0.79345703125 0.0654296875 0.2060546875
0 0.19384765625 0.21728515625 0.1708984375 0.1494140625
0 0.5625 0.85986328125 0.0546875 0.0595703125
0 0.80908203125 0.0869140625 0.0908203125 0.103515625
0 0.9111328125 0.4765625 0.029296875 0.025390625
0 0.498046875 0.150390625 0.0703125 0.072265625
0 0.751953125 0.27197265625 0.091796875 0.0927734375
0 0.1005859375 0.056640625 0.083984375 0.076171875
0 0.72119140625 0.14013671875 0.0517578125 0.0517578125
0 0.81005859375 0.859375 0.0166015625 0.01953125
0 0.10546875 0.341796875 0.052734375 0.0546875
0 0.94873046875 0.61083984375 0.0361328125 0.0380859375
0 0.04248046875 0.2158203125 0.0283203125 0.021484375
0 0.736328125 0.82080078125 0.056640625 0.1376953125
0 0.43505859375 0.0703125 0.0654296875 0.06640625
0 0.62109375 0.1474609375 0.05078125 0.048828125
0 0.9375 0.95361328125 0.091796875 0.0478515625
0 0.33203125 0.16357421875 0.068359375 0.0673828125
0 0.9560546875 0.3017578125 0.052734375 0.0390625
0 0.49560546875 0.251953125 0.2255859375 0.125
0 0.208984375 0.02880859375 0.013671875 0.0126953125
0 0.56591796875 0.48779296875 0.0322265625 0.0322265625
0 0.5712890625 0.79296875 0.037109375 0.044921875
0 0.66015625 0.57763671875 0.060546875 0.0224609375
0 0.62255859375 0.90771484375 0.0302734375 0.0302734375
0 0.82421875 0.203125 0.048828125 0.048828125
0 0.21923828125 0.49853515625 0.0400390625 0.0869140625
0 0.57275390625 0.412109375 0.0341796875 0.037109375