0 0.95849609375 0.58740234375 0.0478515625 0.1025390625
0 0.4267578125 0.96044921875 0.06640625 0.0654296875
0 0.67236328125 0.72705078125 0.0244140625 0.0263671875
0 0.1220703125 0.81640625 0.154296875 0.154296875
0 0.33837890625 0.27001953125 0.3095703125 0.0654296875
0 0.12451171875 0.48583984375 0.0185546875 0.0126953125
0 0.38232421875 0.61474609375 0.0576171875 0.0556640625
0 0.5439453125 0.39208984375 0.052734375 0.0537109375
0 0.2275390625 0.7099609375 0.03515625 0.037109375
0 0.30322265625 0.48681640625 0.1884765625 0.1650390625
0 0.400390625 0.81005859375 0.107421875 0.1220703125
0 0.76171875 0.5576171875 0.298828125 0.298828125
0 0.11474609375 0.1669921875 0.0576171875 0.060546875
0 0.65869140625 0.064453125 0.0419921875 0.044921875
0 0.46875 0.02978515625 0.11328125 0.0400390625
0 0.73583984375 0.91552734375 0.5029296875 0.1650390625
0 0.9248046875 0.1865234375 0.083984375 0.076171875
0 0.1357421875 0.38232421875 0.0234375 0.0283203125
0 0.76806640625 0.26025390625 0.1982421875 0.1103515625
0 0.9306640625 0.685546875 0.033203125 0.033203125
0 0.5751953125 0.7041015625 0.05078125 0.05078125
0 0.0654296875 0.4091796875 0.021484375 0.02734375
0 0.09521484375 0.22607421875 0.1005859375 0.0517578125
0 0.1083984375 0.33154296875 0.072265625 0.0712890625
0 0.50048828125 0.80078125 0.0419921875 0.0546875
0 0.216796875 0.15966796875 0.044921875 0.0595703125
0 0.6318359375 0.7275390625 0.03515625 0.02734375
0 0.13671875 0.5244140625 0.052734375 0.0546875
0 0.654296875 0.306640625 0.02734375 0.0234375
0 0.74462890625 0.79345703125 0.0322265625 0.0322265625
0 0.533203125 0.22509765625 0.072265625 0.1650390625
0 0.32470703125 0.19287109375 0.1044921875 0.0302734375
0 0.4296875 0.10791015625 0.11328125 0.0458984375
0 0.10302734375 0.38818359375 0.0146484375 0.0126953125
0 0.26220703125 0.95751953125 0.0537109375 0.0400390625
0 0.9404296875 0.0673828125 0.03125 0.02734375
0 0.439453125 0.41064453125 0.068359375 0.1982421875
0 0.173828125 0.63232421875 0.037109375 0.0439453125
0 0.77294921875 0.09033203125 0.1455078125 0.0498046875
0 0.22509765625 0.79150390625 0.0341796875 0.0341796875
0 0.50732421875 0.654296875 0.0458984375 0.048828125
0 0.810546875 0.361328125 0.0625 0.064453125