0 0.822265625 0.58056640625 0.10546875 0.4560546875
0 0.33154296875 0.185546875 0.4833984375 0.255859375
0 0.23779296875 0.70556640625 0.0830078125 0.2001953125
0 0.68310546875 0.69873046875 0.1552734375 0.1767578125
0 0.9287109375 0.9248046875 0.044921875 0.044921875
0 0.64013671875 0.21533203125 0.1162109375 0.1181640625
0 0.43212890625 0.60302734375 0.1962890625 0.1962890625
0 0.76318359375 0.20751953125 0.0302734375 0.0322265625
0 0.3251953125 0.861328125 0.0234375 0.025390625
0 0.0849609375 0.73974609375 0.1328125 0.4755859375
0 0.404296875 0.9599609375 0.3515625 0.068359375
0 0.921875 0.67626953125 0.068359375 0.2177734375
0 0.9443359375 0.05712890625 0.078125 0.0244140625
0 0.4521484375 0.40576171875 0.439453125 0.1435546875
0 0.8603515625 0.10546875 0.052734375 0.064453125
0 0.2978515625 0.5849609375 0.029296875 0.03125
0 0.8115234375 0.046875 0.041015625 0.037109375
0 0.49609375 0.75830078125 0.015625 0.0107421875
0 0.41845703125 0.8701171875 0.0380859375 0.029296875
0 0.0419921875 0.1474609375 0.083984375 0.181640625
0 0.37451171875 0.7587890625 0.0634765625 0.0625
0 0.458984375 0.80419921875 0.08984375 0.0791015625
0 0.14599609375 0.36865234375 0.0380859375 0.0380859375
0 0.69970703125 0.8681640625 0.2119140625 0.1171875
0 0.4580078125 0.03076171875 0.08984375 0.0302734375
0 0.61572265625 0.53662109375 0.0966796875 0.1103515625
0 0.71240234375 0.36572265625 0.0673828125 0.0673828125
0 0.72021484375 0.076171875 0.0244140625 0.021484375
0 0.71484375 0.15673828125 0.029296875 0.0380859375
0 0.91015625 0.24658203125 0.0390625 0.0380859375
0 0.9306640625 0.4609375 0.021484375 0.025390625
0 0.94287109375 0.8740234375 0.1083984375 0.044921875
0 0.55517578125 0.751953125 0.0986328125 0.05078125
0 0.60888671875 0.13720703125 0.0224609375 0.0205078125
0 0.63818359375 0.09619140625 0.0537109375 0.0400390625
0 0.04638671875 0.4248046875 0.0458984375 0.060546875
0 0.54052734375 0.82568359375 0.0673828125 0.0244140625
0 0.16015625 0.43896484375 0.078125 0.0771484375
0 0.9609375 0.15283203125 0.068359375 0.0693359375
0 0.75537109375 0.26171875 0.0849609375 0.07421875
0 0.68115234375 0.97314453125 0.0361328125 0.0361328125
0 0.642578125 0.9892578125 0.015625 0.01953125
0 0.197265625 0.87451171875 0.04296875 0.1181640625
0 0.9365234375 0.3515625 0.052734375 0.0546875
0 0.294921875 0.9091796875 0.029296875 0.025390625
0 0.201171875 0.5810546875 0.044921875 0.046875
0 0.72119140625 0.55859375 0.0537109375 0.05859375