0 0.73681640625 0.74365234375 0.0205078125 0.0205078125
0 0.73388671875 0.83349609375 0.0888671875 0.0869140625
0 0.837890625 0.654296875 0.0546875 0.056640625
0 0.2880859375 0.60888671875 0.091796875 0.2197265625
0 0.3115234375 0.29833984375 0.041015625 0.0537109375
0 0.50048828125 0.53955078125 0.0263671875 0.0205078125
0 0.71826171875 0.58935546875 0.0458984375 0.0341796875
0 0.798828125 0.27587890625 0.041015625 0.0439453125
0 0.3623046875 0.0869140625 0.064453125 0.068359375
0 0.7626953125 0.19287109375 0.140625 0.0771484375
0 0.8955078125 0.232421875 0.041015625 0.04296875
0 0.7705078125 0.50048828125 0.1484375 0.1298828125
0 0.16015625 0.5703125 0.13671875 0.40234375
0 0.453125 0.45556640625 0.041015625 0.0400390625
0 0.5537109375 0.68115234375 0.076171875 0.0771484375
0 0.53662109375 0.18896484375 0.1376953125 0.0712890625
0 0.79638671875 0.39013671875 0.0537109375 0.0693359375
0 0.72802734375 0.6181640625 0.0166015625 0.01171875
0 0.29052734375 0.23583984375 0.0263671875 0.0224609375
0 0.04443359375 0.59619140625 0.0244140625 0.0263671875
0 0.759765625 0.67529296875 0.0234375 0.0205078125
0 0.83349609375 0.95068359375 0.1123046875 0.0419921875
0 0.2421875 0.85107421875 0.068359375 0.1552734375
0 0.65185546875 0.638671875 0.0654296875 0.189453125
0 0.4609375 0.30224609375 0.146484375 0.0498046875
0 0.1240234375 0.0419921875 0.0625 0.056640625
0 0.45703125 0.7890625 0.080078125 0.375
0 0.5810546875 0.0732421875 0.341796875 0.10546875
0 0.185546875 0.08642578125 0.044921875 0.0537109375
0 0.697265625 0.28125 0.01953125 0.01953125
0 0.73681640625 0.912109375 0.0498046875 0.048828125
0 0.62841796875 0.3896484375 0.0927734375 0.27734375
0 0.8876953125 0.1181640625 0.068359375 0.068359375
0 0.10302734375 0.0947265625 0.0244140625 0.021484375
0 0.21484375 0.1630859375 0.048828125 0.052734375
0 0.9033203125 0.560546875 0.0703125 0.080078125
0 0.0869140625 0.89453125 0.119140625 0.12109375
0 0.8974609375 0.7978515625 0.18359375 0.16015625
0 0.89697265625 0.35595703125 0.0869140625 0.0361328125
0 0.80224609375 0.59814453125 0.1103515625 0.0322265625
0 0.59716796875 0.92041015625 0.1337890625 0.1357421875
0 0.29150390625 0.07861328125 0.0263671875 0.0263671875
0 0.41650390625 0.14599609375 0.0126953125 0.0146484375
0 0.33544921875 0.9365234375 0.0908203125 0.103515625
0 0.02392578125 0.79443359375 0.0244140625 0.0302734375