0 0.2646484375 0.33203125 0.029296875 0.03125
0 0.83642578125 0.623046875 0.0537109375 0.125
0 0.693359375 0.10791015625 0.025390625 0.0224609375
0 0.5986328125 0.84765625 0.017578125 0.017578125
0 0.40966796875 0.07421875 0.1474609375 0.12890625
0 0.43017578125 0.296875 0.0576171875 0.0234375
0 0.37890625 0.64208984375 0.67578125 0.3583984375
0 0.779296875 0.2822265625 0.310546875 0.310546875
0 0.25244140625 0.9140625 0.3681640625 0.142578125
0 0.830078125 0.02978515625 0.037109375 0.0361328125
0 0.34033203125 0.18994140625 0.4345703125 0.0927734375
0 0.95947265625 0.69189453125 0.0615234375 0.1416015625
0 0.72412109375 0.96826171875 0.0908203125 0.0263671875
0 0.86083984375 0.95361328125 0.0537109375 0.0537109375
0 0.8837890625 0.91162109375 0.025390625 0.0244140625
0 0.0712890625 0.130859375 0.025390625 0.017578125
0 0.138671875 0.3564453125 0.119140625 0.12109375
0 0.8984375 0.759765625 0.0390625 0.046875
0 0.9560546875 0.87158203125 0.0625 0.0634765625
0 0.65478515625 0.95947265625 0.0322265625 0.0419921875
0 0.04931640625 0.05029296875 0.0166015625 0.0146484375
0 0.263671875 0.27978515625 0.02734375 0.0205078125
0 0.8671875 0.06103515625 0.03125 0.0322265625
0 0.51611328125 0.408203125 0.0712890625 0.052734375
0 0.92578125 0.5654296875 0.10546875 0.0546875
0 0.3115234375 0.33203125 0.0390625 0.03515625
0 0.9365234375 0.4853515625 0.033203125 0.033203125
0 0.82177734375 0.78955078125 0.0615234375 0.0654296875
0 0.49169921875 0.8955078125 0.0263671875 0.033203125
0 0.77392578125 0.63134765625 0.0595703125 0.1865234375
0 0.25390625 0.443359375 0.03515625 0.03515625
0 0.02880859375 0.84375 0.0146484375 0.017578125
0 0.6865234375 0.8896484375 0.072265625 0.07421875
0 0.6708984375 0.0302734375 0.130859375 0.048828125
0 0.0224609375 0.98193359375 0.017578125 0.0185546875
0 0.6044921875 0.10400390625 0.126953125 0.0400390625
0 0.0732421875 0.1787109375 0.044921875 0.046875
0 0.2138671875 0.044921875 0.0546875 0.05859375
0 0.9755859375 0.07470703125 0.048828125 0.1416015625
0 0.49169921875 0.29638671875 0.0283203125 0.0244140625
0 0.04541015625 0.33349609375 0.0380859375 0.0498046875
0 0.12109375 0.06201171875 0.0625 0.0615234375