0 0.29296875 0.6240234375 0.2578125 0.142578125
0 0.12353515625 0.875 0.0205078125 0.025390625
0 0.8671875 0.6689453125 0.021484375 0.0234375
0 0.55908203125 0.3466796875 0.0791015625 0.21875
0 0.38037109375 0.05224609375 0.0458984375 0.0341796875
0 0.1689453125 0.1015625 0.033203125 0.041015625
0 0.341796875 0.51171875 0.033203125 0.041015625
0 0.509765625 0.607421875 0.029296875 0.029296875
0 0.52978515625 0.11328125 0.1494140625 0.130859375
0 0.1220703125 0.4560546875 0.037109375 0.048828125
0 0.2734375 0.3349609375 0.0625 0.0625
0 0.83203125 0.2412109375 0.2578125 0.2578125
0 0.42626953125 0.23974609375 0.0419921875 0.0419921875
0 0.64208984375 0.3828125 0.0712890625 0.154296875
0 0.07666015625 0.89599609375 0.0673828125 0.1611328125
0 0.1552734375 0.8828125 0.03515625 0.03515625
0 0.3701171875 0.404296875 0.208984375 0.041015625
0 0.42919921875 0.87744140625 0.2841796875 0.0927734375
0 0.224609375 0.79541015625 0.078125 0.0771484375
0 0.56494140625 0.779296875 0.1767578125 0.060546875
0 0.7705078125 0.76318359375 0.11328125 0.3603515625
0 0.76171875 0.04736328125 0.03515625 0.0380859375
0 0.74755859375 0.98486328125 0.0146484375 0.0107421875
0 0.28466796875 0.212890625 0.0380859375 0.037109375
0 0.8359375 0.0771484375 0.052734375 0.0546875
0 0.130859375 0.63720703125 0.0234375 0.0205078125
0 0.0986328125 0.556640625 0.0625 0.06640625
0 0.416015625 0.32080078125 0.03515625 0.0263671875
0 0.64697265625 0.9208984375 0.1025390625 0.029296875
0 0.5556640625 0.5625 0.0390625 0.0390625
0 0.1025390625 0.23095703125 0.177734375 0.1552734375
0 0.890625 0.7548828125 0.123046875 0.140625
0 0.8447265625 0.474609375 0.119140625 0.04296875
0 0.8447265625 0.85595703125 0.02734375 0.0244140625
0 0.10546875 0.697265625 0.06640625 0.02734375
0 0.93505859375 0.6083984375 0.1083984375 0.125
0 0.19384765625 0.40234375 0.0556640625 0.0546875
0 0.60595703125 0.9736328125 0.0302734375 0.03125
0 0.919921875 0.8544921875 0.087890625 0.044921875
0 0.291015625 0.0869140625 0.099609375 0.1015625
0 0.388671875 0.15478515625 0.068359375 0.0693359375
0 0.65234375 0.02685546875 0.02734375 0.0244140625
0 0.03125 0.68798828125 0.0234375 0.0244140625
0 0.67578125 0.50146484375 0.072265625 0.0654296875
0 0.54345703125 0.60009765625 0.0244140625 0.0322265625