0 0.1533203125 0.27685546875 0.068359375 0.2021484375
0 0.72607421875 0.939453125 0.0244140625 0.03125
0 0.71044921875 0.7197265625 0.5537109375 0.205078125
0 0.67529296875 0.09765625 0.0654296875 0.06640625
0 0.33544921875 0.19384765625 0.1337890625 0.0693359375
0 0.30224609375 0.70703125 0.1005859375 0.232421875
0 0.43505859375 0.26123046875 0.0556640625 0.0419921875
0 0.5869140625 0.2900390625 0.021484375 0.025390625
0 0.08203125 0.9765625 0.029296875 0.0390625
0 0.146484375 0.46484375 0.0625 0.06640625
0 0.49462890625 0.451171875 0.1142578125 0.130859375
0 0.212890625 0.8125 0.05859375 0.1328125
0 0.8994140625 0.12109375 0.08984375 0.091796875
0 0.78662109375 0.32666015625 0.3173828125 0.3173828125
0 0.041015625 0.20703125 0.080078125 0.0234375
0 0.8251953125 0.55517578125 0.04296875 0.0419921875
0 0.69921875 0.55810546875 0.08984375 0.0322265625
0 0.36083984375 0.25537109375 0.0283203125 0.0341796875
0 0.22412109375 0.072265625 0.1923828125 0.103515625
0 0.76904296875 0.90966796875 0.0263671875 0.0283203125
0 0.5517578125 0.92578125 0.08984375 0.078125
0 0.60205078125 0.11962890625 0.0791015625 0.0771484375
0 0.07080078125 0.5986328125 0.0380859375 0.041015625
0 0.36572265625 0.6884765625 0.0224609375 0.01953125
0 0.962890625 0.048828125 0.056640625 0.05078125
0 0.3828125 0.7197265625 0.03515625 0.03515625
0 0.40478515625 0.48095703125 0.0322265625 0.0244140625
0 0.01904296875 0.2421875 0.0244140625 0.017578125
0 0.93408203125 0.93359375 0.0400390625 0.041015625
0 0.79052734375 0.0947265625 0.1162109375 0.1328125
0 0.40673828125 0.63232421875 0.0302734375 0.0380859375
0 0.02734375 0.9404296875 0.037109375 0.037109375
0 0.51025390625 0.54052734375 0.0400390625 0.0400390625
0 0.25244140625 0.33740234375 0.0322265625 0.0341796875
0 0.095703125 0.7578125 0.064453125 0.205078125
0 0.0693359375 0.50537109375 0.0625 0.0634765625
0 0.20556640625 0.59228515625 0.0205078125 0.0185546875
0 0.4013671875 0.81005859375 0.041015625 0.0400390625
0 0.44580078125 0.98193359375 0.0791015625 0.0322265625
0 0.46630859375 0.17138671875 0.0595703125 0.0595703125
0 0.70947265625 0.96923828125 0.0283203125 0.0244140625
0 0.341796875 0.3486328125 0.140625 0.123046875
0 0.59423828125 0.4521484375 0.0615234375 0.169921875
0 0.06298828125 0.10595703125 0.0439453125 0.0478515625
0 0.55517578125 0.0419921875 0.0927734375 0.03125