0 0.302734375 0.3564453125 0.025390625 0.025390625
0 0.28857421875 0.755859375 0.1767578125 0.154296875
0 0.388671875 0.43017578125 0.060546875 0.0615234375
0 0.87548828125 0.23583984375 0.0302734375 0.0400390625
0 0.72216796875 0.81689453125 0.2900390625 0.2900390625
0 0.5634765625 0.7919921875 0.021484375 0.021484375
0 0.8134765625 0.46923828125 0.046875 0.0498046875
0 0.767578125 0.35986328125 0.4453125 0.1650390625
0 0.25146484375 0.09765625 0.0439453125 0.10546875
0 0.1005859375 0.25927734375 0.041015625 0.0400390625
0 0.45166015625 0.7451171875 0.1181640625 0.404296875
0 0.0361328125 0.92578125 0.044921875 0.12890625
0 0.568359375 0.18310546875 0.27734375 0.0908203125
0 0.35791015625 0.0625 0.0322265625 0.02734375
0 0.14013671875 0.50537109375 0.1044921875 0.0302734375
0 0.15966796875 0.9169921875 0.1416015625 0.14453125
0 0.26953125 0.5234375 0.0390625 0.029296875
0 0.3671875 0.50830078125 0.021484375 0.0283203125
0 0.56494140625 0.09228515625 0.3623046875 0.0712890625
0 0.16162109375 0.40234375 0.1513671875 0.173828125
0 0.1220703125 0.5771484375 0.140625 0.072265625
0 0.29443359375 0.47607421875 0.0263671875 0.0185546875
0 0.19873046875 0.25439453125 0.1513671875 0.0517578125
0 0.88916015625 0.1142578125 0.1103515625 0.041015625
0 0.95361328125 0.86865234375 0.0244140625 0.0263671875
0 0.14306640625 0.1337890625 0.1376953125 0.140625
0 0.5185546875 0.28271484375 0.037109375 0.0322265625
0 0.1474609375 0.7880859375 0.0625 0.076171875
0 0.80419921875 0.1669921875 0.0263671875 0.03125
0 0.85791015625 0.61572265625 0.0517578125 0.0537109375
0 0.35546875 0.64453125 0.02734375 0.025390625
0 0.3720703125 0.2470703125 0.0546875 0.056640625
0 0.94482421875 0.740234375 0.0947265625 0.0390625
0 0.041015625 0.1220703125 0.0625 0.13671875
0 0.7080078125 0.49560546875 0.076171875 0.0751953125
0 0.31201171875 0.30810546875 0.0615234375 0.0556640625
0 0.0439453125 0.0458984375 0.017578125 0.013671875
0 0.51171875 0.421875 0.0546875 0.0546875
0 0.90771484375 0.96435546875 0.0302734375 0.0380859375
0 0.87548828125 0.052734375 0.0537109375 0.052734375
0 0.23046875 0.57275390625 0.033203125 0.0361328125
0 0.6064453125 0.58837890625 0.05859375 0.0634765625
0 0.98486328125 0.24072265625 0.0302734375 0.0302734375