0 0.17724609375 0.0283203125 0.1416015625 0.044921875
0 0.90576171875 0.55517578125 0.0576171875 0.1376953125
0 0.763671875 0.39794921875 0.09765625 0.3017578125
0 0.0751953125 0.88818359375 0.02734375 0.0283203125
0 0.07275390625 0.783203125 0.0498046875 0.048828125
0 0.37158203125 0.22021484375 0.0302734375 0.0263671875
0 0.630859375 0.859375 0.060546875 0.0546875
0 0.533203125 0.20751953125 0.162109375 0.1416015625
0 0.4931640625 0.0556640625 0.03125 0.03125
0 0.4013671875 0.033203125 0.064453125 0.064453125
0 0.279296875 0.45458984375 0.06640625 0.0673828125
0 0.69921875 0.17578125 0.0546875 0.041015625
0 0.244140625 0.85693359375 0.134765625 0.1533203125
0 0.42138671875 0.5537109375 0.0419921875 0.041015625
0 0.17333984375 0.70751953125 0.0302734375 0.0302734375
0 0.66748046875 0.6083984375 0.0205078125 0.021484375
0 0.19970703125 0.30322265625 0.2197265625 0.2197265625
0 0.47021484375 0.494140625 0.0439453125 0.04296875
0 0.310546875 0.6103515625 0.150390625 0.171875
0 0.85400390625 0.3818359375 0.0458984375 0.0390625
0 0.50537109375 0.55078125 0.0263671875 0.033203125
0 0.34814453125 0.81005859375 0.0341796875 0.0361328125
0 0.5859375 0.51025390625 0.09375 0.4423828125
0 0.818359375 0.8076171875 0.271484375 0.271484375
0 0.962890625 0.3359375 0.017578125 0.021484375
0 0.11181640625 0.6640625 0.0810546875 0.0234375
0 0.416015625 0.62548828125 0.017578125 0.0126953125
0 0.9453125 0.4248046875 0.103515625 0.04296875
0 0.66796875 0.47509765625 0.0234375 0.0185546875
0 0.43212890625 0.9150390625 0.1767578125 0.154296875
0 0.537109375 0.8046875 0.109375 0.0390625
0 0.41015625 0.30859375 0.0546875 0.125
0 0.78271484375 0.04638671875 0.0263671875 0.0341796875
0 0.60107421875 0.9267578125 0.0498046875 0.05078125
0 0.224609375 0.17041015625 0.03515625 0.0380859375
0 0.90869140625 0.13232421875 0.1142578125 0.1162109375
0 0.6923828125 0.5185546875 0.017578125 0.015625
0 0.16162109375 0.51904296875 0.1396484375 0.0771484375
0 0.8408203125 0.294921875 0.0234375 0.025390625
0 0.48046875 0.7294921875 0.095703125 0.048828125
0 0.21728515625 0.09521484375 0.0498046875 0.0537109375
0 0.75732421875 0.61083984375 0.0556640625 0.0673828125
0 0.72021484375 0.0654296875 0.0419921875 0.123046875
0 0.1591796875 0.9619140625 0.03515625 0.046875
0 0.61572265625 0.09521484375 0.0341796875 0.0341796875