0 0.263671875 0.7255859375 0.029296875 0.029296875
0 0.72265625 0.3515625 0.126953125 0.12890625
0 0.75048828125 0.45458984375 0.0244140625 0.0244140625
0 0.13623046875 0.45263671875 0.0791015625 0.1708984375
0 0.2626953125 0.13671875 0.046875 0.056640625
0 0.67919921875 0.818359375 0.1044921875 0.3359375
0 0.19921875 0.67041015625 0.05078125 0.1162109375
0 0.51904296875 0.95166015625 0.0517578125 0.0537109375
0 0.7353515625 0.1875 0.09765625 0.111328125
0 0.44970703125 0.50927734375 0.3232421875 0.3232421875
0 0.86474609375 0.3955078125 0.0517578125 0.0546875
0 0.19677734375 0.2744140625 0.0439453125 0.12890625
0 0.37060546875 0.7841796875 0.0537109375 0.052734375
0 0.44775390625 0.79541015625 0.0283203125 0.0341796875
0 0.041015625 0.61962890625 0.01953125 0.0244140625
0 0.91650390625 0.8251953125 0.0419921875 0.033203125
0 0.3330078125 0.20166015625 0.07421875 0.0732421875
0 0.8076171875 0.09716796875 0.056640625 0.0595703125
0 0.955078125 0.927734375 0.044921875 0.048828125
0 0.88623046875 0.29150390625 0.0419921875 0.0419921875
0 0.841796875 0.484375 0.015625 0.013671875
0 0.45654296875 0.07470703125 0.2939453125 0.0908203125
0 0.49609375 0.86669921875 0.08203125 0.0712890625
0 0.10302734375 0.2607421875 0.0166015625 0.01171875
0 0.14892578125 0.06982421875 0.0634765625 0.0634765625
0 0.88134765625 0.775390625 0.0185546875 0.01953125
0 0.9482421875 0.51318359375 0.052734375 0.0693359375
0 0.23095703125 0.81005859375 0.1103515625 0.0458984375
0 0.55419921875 0.74462890625 0.0341796875 0.0341796875
0 0.681640625 0.6123046875 0.037109375 0.048828125
0 0.93603515625 0.29248046875 0.0185546875 0.0166015625
0 0.2890625 0.8544921875 0.201171875 0.0390625
0 0.82470703125 0.64013671875 0.1650390625 0.1650390625
0 0.09716796875 0.85986328125 0.1123046875 0.1279296875
0 0.37548828125 0.9345703125 0.0419921875 0.037109375
0 0.51220703125 0.21484375 0.1494140625 0.130859375
0 0.8720703125 0.21142578125 0.1171875 0.0595703125
0 0.40771484375 0.3291015625 0.0673828125 0.025390625
0 0.140625 0.96728515625 0.158203125 0.0537109375
0 0.84375 0.44140625 0.029296875 0.03125
0 0.8046875 0.888671875 0.109375 0.111328125
0 0.90576171875 0.8740234375 0.0205078125 0.017578125
0 0.47802734375 0.69775390625 0.0615234375 0.0458984375
0 0.75146484375 0.04150390625 0.0830078125 0.0244140625
0 0.10693359375 0.646484375 0.0576171875 0.056640625