0 0.85791015625 0.1708984375 0.0693359375 0.02734375
0 0.4755859375 0.67431640625 0.08203125 0.0810546875
0 0.18017578125 0.29638671875 0.2255859375 0.0439453125
0 0.6572265625 0.3896484375 0.201171875 0.201171875
0 0.32177734375 0.82470703125 0.0302734375 0.0263671875
0 0.9345703125 0.4619140625 0.064453125 0.177734375
0 0.11376953125 0.68505859375 0.0419921875 0.0419921875
0 0.80810546875 0.49560546875 0.0439453125 0.0458984375
0 0.84814453125 0.6220703125 0.1435546875 0.125
0 0.14208984375 0.48095703125 0.0126953125 0.0146484375
0 0.4716796875 0.3076171875 0.15625 0.501953125
0 0.21923828125 0.63671875 0.0224609375 0.02734375
0 0.03759765625 0.171875 0.0302734375 0.03125
0 0.92529296875 0.90966796875 0.0283203125 0.0341796875
0 0.33154296875 0.455078125 0.1181640625 0.134765625
0 0.76025390625 0.82470703125 0.1083984375 0.0947265625
0 0.4716796875 0.88720703125 0.068359375 0.1474609375
0 0.16357421875 0.58154296875 0.1806640625 0.0576171875
0 0.4755859375 0.77197265625 0.046875 0.0615234375
0 0.14599609375 0.86669921875 0.2216796875 0.2216796875
0 0.56103515625 0.837890625 0.0224609375 0.0234375
0 0.140625 0.38720703125 0.142578125 0.0791015625
0 0.78662109375 0.0869140625 0.3935546875 0.12890625
0 0.56201171875 0.92724609375 0.0224609375 0.0205078125
0 0.62353515625 0.60791015625 0.0576171875 0.0576171875
0 0.673828125 0.78125 0.03515625 0.03515625
0 0.82373046875 0.9794921875 0.0361328125 0.0390625
0 0.171875 0.166015625 0.107421875 0.109375
0 0.72314453125 0.19921875 0.0478515625 0.041015625
0 0.79638671875 0.9375 0.0439453125 0.04296875
0 0.65087890625 0.5341796875 0.0712890625 0.052734375
0 0.7353515625 0.54931640625 0.021484375 0.0166015625
0 0.19140625 0.0693359375 0.080078125 0.072265625
0 0.32080078125 0.73486328125 0.0400390625 0.0419921875
0 0.23974609375 0.37841796875 0.0478515625 0.1162109375
0 0.33154296875 0.06103515625 0.0986328125 0.1005859375
0 0.28759765625 0.62841796875 0.0283203125 0.0283203125
0 0.10986328125 0.03955078125 0.0556640625 0.0166015625
0 0.1123046875 0.45361328125 0.0390625 0.0498046875
0 0.01708984375 0.5361328125 0.0166015625 0.01171875
0 0.90771484375 0.7451171875 0.1318359375 0.048828125
0 0.28076171875 0.77392578125 0.0283203125 0.0283203125
0 0.79443359375 0.2119140625 0.0498046875 0.05078125
0 0.208984375 0.68505859375 0.1015625 0.0517578125
0 0.830078125 0.37060546875 0.142578125 0.1630859375
0 0.9462890625 0.17578125 0.0390625 0.041015625