0 0.9189453125 0.88916015625 0.03515625 0.0341796875
0 0.28759765625 0.48681640625 0.0283203125 0.0302734375
0 0.46533203125 0.4970703125 0.0869140625 0.029296875
0 0.53369140625 0.3505859375 0.1142578125 0.130859375
0 0.41796875 0.77685546875 0.830078125 0.4306640625
0 0.6943359375 0.18701171875 0.060546875 0.0791015625
0 0.7568359375 0.36767578125 0.048828125 0.0361328125
0 0.32861328125 0.21142578125 0.2646484375 0.2646484375
0 0.1435546875 0.48095703125 0.1953125 0.0380859375
0 0.22900390625 0.39306640625 0.0341796875 0.0341796875
0 0.39111328125 0.51904296875 0.0302734375 0.0322265625
0 0.35888671875 0.02685546875 0.0439453125 0.0439453125
0 0.6787109375 0.5029296875 0.08984375 0.046875
0 0.92041015625 0.345703125 0.0712890625 0.025390625
0 0.1044921875 0.3583984375 0.0859375 0.197265625
0 0.54541015625 0.5390625 0.0244140625 0.03125
0 0.6201171875 0.4287109375 0.013671875 0.017578125
0 0.91064453125 0.11279296875 0.0576171875 0.0595703125
0 0.10107421875 0.22265625 0.0693359375 0.068359375
0 0.90380859375 0.68310546875 0.1181640625 0.3486328125
0 0.14306640625 0.09521484375 0.0263671875 0.0322265625
0 0.5546875 0.1533203125 0.076171875 0.220703125
0 0.9189453125 0.2607421875 0.126953125 0.12890625
0 0.63818359375 0.34326171875 0.0185546875 0.0146484375
0 0.09326171875 0.13818359375 0.0341796875 0.0361328125
0 0.82568359375 0.42822265625 0.0498046875 0.0146484375
0 0.27783203125 0.39306640625 0.0341796875 0.0361328125
0 0.798828125 0.47998046875 0.0546875 0.0556640625
0 0.81787109375 0.23583984375 0.0654296875 0.0693359375
0 0.93310546875 0.03466796875 0.0302734375 0.0302734375
0 0.341796875 0.521484375 0.029296875 0.021484375
0 0.0634765625 0.05859375 0.0859375 0.078125
0 0.87890625 0.05859375 0.044921875 0.0390625
0 0.15576171875 0.14697265625 0.0419921875 0.0361328125
0 0.8193359375 0.13232421875 0.11328125 0.0458984375
0 0.92529296875 0.44580078125 0.0791015625 0.0693359375
0 0.62841796875 0.16455078125 0.0634765625 0.0615234375
0 0.9287109375 0.17529296875 0.03125 0.0380859375
0 0.7265625 0.2626953125 0.029296875 0.029296875
0 0.501953125 0.2001953125 0.017578125 0.015625