0 0.455078125 0.19189453125 0.048828125 0.0361328125
0 0.59375 0.31298828125 0.10546875 0.3603515625
0 0.63232421875 0.93359375 0.0595703125 0.072265625
0 0.72412109375 0.40283203125 0.0732421875 0.0654296875
0 0.18798828125 0.0927734375 0.0556640625 0.060546875
0 0.40673828125 0.88134765625 0.0263671875 0.0263671875
0 0.18212890625 0.5419921875 0.3564453125 0.828125
0 0.9384765625 0.3681640625 0.03515625 0.03515625
0 0.85595703125 0.38916015625 0.0302734375 0.0302734375
0 0.81103515625 0.63818359375 0.3134765625 0.3134765625
0 0.50927734375 0.5888671875 0.0693359375 0.0703125
0 0.8037109375 0.0947265625 0.15234375 0.173828125
0 0.572265625 0.77734375 0.1484375 0.169921875
0 0.080078125 0.072265625 0.01953125 0.0234375
0 0.9033203125 0.27880859375 0.15625 0.1376953125
0 0.87353515625 0.9375 0.0341796875 0.029296875
0 0.28564453125 0.06494140625 0.0595703125 0.0791015625
0 0.97021484375 0.83935546875 0.0576171875 0.0615234375
0 0.72314453125 0.82470703125 0.0419921875 0.0361328125
0 0.71875 0.255859375 0.130859375 0.068359375
0 0.39453125 0.75146484375 0.06640625 0.0673828125
0 0.3896484375 0.93359375 0.025390625 0.01953125
0 0.4111328125 0.47509765625 0.09375 0.4033203125
0 0.41455078125 0.05126953125 0.0283203125 0.0361328125
0 0.6845703125 0.1767578125 0.021484375 0.02734375
0 0.59716796875 0.65966796875 0.0537109375 0.0556640625
0 0.6455078125 0.05029296875 0.0390625 0.0419921875
0 0.8046875 0.94189453125 0.1015625 0.0888671875
0 0.568359375 0.03857421875 0.0703125 0.0693359375
0 0.0634765625 0.033203125 0.025390625 0.017578125
0 0.69482421875 0.31591796875 0.0361328125 0.0361328125
0 0.49853515625 0.31396484375 0.0517578125 0.1181640625
0 0.4560546875 0.83447265625 0.068359375 0.0673828125
0 0.583984375 0.88671875 0.03125 0.033203125
0 0.9248046875 0.16357421875 0.060546875 0.0595703125
0 0.54345703125 0.92919921875 0.1142578125 0.0458984375
0 0.52783203125 0.87744140625 0.0576171875 0.0166015625
0 0.10693359375 0.07080078125 0.0166015625 0.0146484375
0 0.56689453125 0.5166015625 0.0302734375 0.03125
0 0.74609375 0.87646484375 0.1015625 0.0361328125