0 0.7568359375 0.6337890625 0.095703125 0.3046875
0 0.40185546875 0.0458984375 0.3076171875 0.060546875
0 0.28515625 0.32958984375 0.26953125 0.1494140625
0 0.16259765625 0.068359375 0.0615234375 0.07421875
0 0.54443359375 0.60302734375 0.2001953125 0.2001953125
0 0.9384765625 0.18408203125 0.078125 0.0888671875
0 0.892578125 0.47314453125 0.0859375 0.0849609375
0 0.978515625 0.0693359375 0.0234375 0.0234375
0 0.462890625 0.4580078125 0.0390625 0.029296875
0 0.02392578125 0.4619140625 0.0283203125 0.025390625
0 0.35693359375 0.486328125 0.0517578125 0.05078125
0 0.97216796875 0.41796875 0.0283203125 0.037109375
0 0.86083984375 0.8876953125 0.0283203125 0.01953125
0 0.26171875 0.47119140625 0.126953125 0.0400390625
0 0.369140625 0.83447265625 0.634765625 0.2470703125
0 0.48193359375 0.1748046875 0.1591796875 0.138671875
0 0.83154296875 0.0986328125 0.0849609375 0.07421875
0 0.4404296875 0.43212890625 0.01953125 0.0205078125
0 0.8447265625 0.22900390625 0.02734375 0.0263671875
0 0.80126953125 0.37060546875 0.0361328125 0.0361328125
0 0.36279296875 0.1611328125 0.0322265625 0.033203125
0 0.52099609375 0.39697265625 0.0322265625 0.0341796875
0 0.0859375 0.40185546875 0.0390625 0.0341796875
0 0.64892578125 0.201171875 0.1259765625 0.064453125
0 0.27587890625 0.6650390625 0.0771484375 0.078125
0 0.857421875 0.41259765625 0.03515625 0.0302734375
0 0.1201171875 0.28369140625 0.052734375 0.0478515625
0 0.95361328125 0.59033203125 0.0439453125 0.1279296875
0 0.19970703125 0.14599609375 0.0283203125 0.0341796875
0 0.5537109375 0.478515625 0.037109375 0.0390625
0 0.77587890625 0.85595703125 0.1318359375 0.1337890625
0 0.69287109375 0.38134765625 0.0771484375 0.1865234375
0 0.05078125 0.55712890625 0.02734375 0.0322265625
0 0.95751953125 0.36962890625 0.0595703125 0.0439453125
0 0.9482421875 0.857421875 0.0546875 0.015625
0 0.09375 0.1845703125 0.095703125 0.109375
0 0.681640625 0.12109375 0.0234375 0.0234375
0 0.11083984375 0.36767578125 0.0751953125 0.0283203125
0 0.11767578125 0.552734375 0.0400390625 0.052734375
0 0.76806640625 0.96630859375 0.1162109375 0.0478515625
0 0.0673828125 0.68310546875 0.05078125 0.0537109375
0 0.904296875 0.31298828125 0.05859375 0.0595703125
0 0.08740234375 0.03271484375 0.0400390625 0.0419921875
0 0.13037109375 0.466796875 0.0419921875 0.095703125
0 0.9580078125 0.1162109375 0.037109375 0.037109375