0 0.20556640625 0.33984375 0.0537109375 0.056640625
0 0.6298828125 0.62646484375 0.044921875 0.0400390625
0 0.79541015625 0.08642578125 0.0537109375 0.0537109375
0 0.4873046875 0.71435546875 0.056640625 0.0576171875
0 0.17236328125 0.19677734375 0.2275390625 0.2275390625
0 0.34326171875 0.79443359375 0.0810546875 0.0419921875
0 0.18310546875 0.4912109375 0.0458984375 0.048828125
0 0.68359375 0.603515625 0.02734375 0.029296875
0 0.5830078125 0.2470703125 0.205078125 0.205078125
0 0.21826171875 0.56103515625 0.0908203125 0.0263671875
0 0.8037109375 0.47119140625 0.11328125 0.1298828125
0 0.4560546875 0.44775390625 0.134765625 0.1376953125
0 0.81591796875 0.8212890625 0.0654296875 0.048828125
0 0.822265625 0.23876953125 0.029296875 0.0244140625
0 0.07666015625 0.68359375 0.1474609375 0.474609375
0 0.55908203125 0.8701171875 0.0126953125 0.01171875
0 0.9072265625 0.69677734375 0.056640625 0.0205078125
0 0.890625 0.2431640625 0.091796875 0.28515625
0 0.6552734375 0.80712890625 0.0859375 0.0849609375
0 0.33203125 0.89404296875 0.0390625 0.0478515625
0 0.24951171875 0.67138671875 0.1572265625 0.1806640625
0 0.37109375 0.64111328125 0.078125 0.2470703125
0 0.57177734375 0.48291015625 0.0830078125 0.2275390625
0 0.1982421875 0.81005859375 0.015625 0.0107421875
0 0.37744140625 0.9609375 0.0537109375 0.05859375
0 0.375 0.3349609375 0.0390625 0.0390625
0 0.0908203125 0.40869140625 0.048828125 0.0478515625
0 0.34033203125 0.15478515625 0.0927734375 0.0947265625
0 0.85986328125 0.95947265625 0.0263671875 0.0263671875
0 0.029296875 0.2626953125 0.02734375 0.0234375
0 0.76708984375 0.68359375 0.0556640625 0.0546875
0 0.853515625 0.62353515625 0.068359375 0.0283203125
0 0.955078125 0.02099609375 0.02734375 0.0322265625
0 0.45458984375 0.11181640625 0.0400390625 0.0419921875
0 0.52685546875 0.7900390625 0.0830078125 0.072265625
0 0.9111328125 0.46728515625 0.029296875 0.0380859375
0 0.53369140625 0.0810546875 0.0322265625 0.025390625
0 0.8046875 0.86767578125 0.029296875 0.0361328125
0 0.43994140625 0.76611328125 0.0361328125 0.0361328125
0 0.806640625 0.5751953125 0.134765625 0.04296875
0 0.25537109375 0.46142578125 0.0947265625 0.0830078125
0 0.470703125 0.88916015625 0.150390625 0.0830078125
0 0.11181640625 0.95703125 0.0537109375 0.0703125
0 0.765625 0.27978515625 0.076171875 0.1748046875
0 0.8984375 0.5234375 0.037109375 0.0390625