0 0.15087890625 0.6357421875 0.0927734375 0.02734375
0 0.39599609375 0.10400390625 0.0283203125 0.0302734375
0 0.47998046875 0.58544921875 0.0302734375 0.0361328125
0 0.376953125 0.3330078125 0.298828125 0.298828125
0 0.36767578125 0.70556640625 0.1513671875 0.1318359375
0 0.74462890625 0.75732421875 0.0498046875 0.1376953125
0 0.68017578125 0.5810546875 0.2041015625 0.04296875
0 0.02392578125 0.07373046875 0.0400390625 0.0400390625
0 0.8046875 0.033203125 0.11328125 0.041015625
0 0.8486328125 0.23583984375 0.078125 0.0791015625
0 0.49853515625 0.103515625 0.0263671875 0.033203125
0 0.71923828125 0.505859375 0.0634765625 0.06640625
0 0.3984375 0.03662109375 0.03125 0.0400390625
0 0.404296875 0.90673828125 0.134765625 0.1181640625
0 0.1826171875 0.85107421875 0.2578125 0.1396484375
0 0.89599609375 0.8603515625 0.1220703125 0.138671875
0 0.86767578125 0.080078125 0.0673828125 0.02734375
0 0.791015625 0.35205078125 0.353515625 0.1162109375
0 0.9033203125 0.14892578125 0.015625 0.0107421875
0 0.20556640625 0.6728515625 0.0439453125 0.037109375
0 0.91796875 0.63134765625 0.072265625 0.3115234375
0 0.84228515625 0.11474609375 0.0771484375 0.0400390625
0 0.6298828125 0.19921875 0.158203125 0.158203125
0 0.55322265625 0.50830078125 0.0419921875 0.0419921875
0 0.80615234375 0.50830078125 0.0458984375 0.0478515625
0 0.1064453125 0.423828125 0.041015625 0.0546875
0 0.4130859375 0.5859375 0.087890625 0.08984375
0 0.6181640625 0.0517578125 0.0859375 0.09765625
0 0.42919921875 0.15185546875 0.0380859375 0.0380859375
0 0.921875 0.43310546875 0.04296875 0.0322265625
0 0.03125 0.9208984375 0.041015625 0.03515625
0 0.03662109375 0.451171875 0.0146484375 0.013671875
0 0.1171875 0.11376953125 0.078125 0.0712890625
0 0.5712890625 0.75390625 0.08984375 0.216796875
0 0.67822265625 0.439453125 0.0185546875 0.01953125
0 0.0517578125 0.5849609375 0.0859375 0.087890625
0 0.24560546875 0.05615234375 0.1748046875 0.0556640625
0 0.63720703125 0.91015625 0.0537109375 0.052734375
0 0.7451171875 0.62158203125 0.0234375 0.0283203125
0 0.8134765625 0.9365234375 0.025390625 0.01953125
0 0.95361328125 0.02001953125 0.0361328125 0.0380859375
0 0.83544921875 0.658203125 0.0654296875 0.203125
0 0.30859375 0.572265625 0.0625 0.0625
0 0.140625 0.36083984375 0.0625 0.0615234375
0 0.5693359375 0.96533203125 0.064453125 0.0693359375
0 0.6669921875 0.75537109375 0.08203125 0.1767578125
0 0.22509765625 0.9599609375 0.0576171875 0.056640625