0 0.1708984375 0.52099609375 0.099609375 0.0517578125
0 0.3798828125 0.47705078125 0.244140625 0.8740234375
0 0.884765625 0.54248046875 0.12109375 0.5224609375
0 0.6669921875 0.0283203125 0.03515625 0.037109375
0 0.177734375 0.4345703125 0.01953125 0.017578125
0 0.62841796875 0.74267578125 0.0263671875 0.0205078125
0 0.69873046875 0.37548828125 0.1982421875 0.6376953125
0 0.85400390625 0.2177734375 0.0478515625 0.041015625
0 0.1845703125 0.2568359375 0.087890625 0.099609375
0 0.17919921875 0.5703125 0.1123046875 0.044921875
0 0.10791015625 0.2802734375 0.0322265625 0.033203125
0 0.9716796875 0.34375 0.01953125 0.013671875
0 0.69921875 0.84326171875 0.208984375 0.1123046875
0 0.18603515625 0.728515625 0.1162109375 0.119140625
0 0.56396484375 0.90283203125 0.0400390625 0.0341796875
0 0.65283203125 0.97021484375 0.0380859375 0.0498046875
0 0.1259765625 0.83251953125 0.060546875 0.0732421875
0 0.095703125 0.080078125 0.03125 0.03125
0 0.5263671875 0.05712890625 0.04296875 0.0419921875
0 0.02197265625 0.037109375 0.0302734375 0.033203125
0 0.94189453125 0.12841796875 0.0419921875 0.0380859375
0 0.115234375 0.333984375 0.142578125 0.048828125
0 0.05029296875 0.4765625 0.0517578125 0.0546875
0 0.5458984375 0.6748046875 0.0546875 0.0546875
0 0.22119140625 0.03125 0.0537109375 0.0546875
0 0.09619140625 0.595703125 0.0263671875 0.02734375
0 0.09619140625 0.22265625 0.0693359375 0.0703125
0 0.86474609375 0.921875 0.0458984375 0.1328125
0 0.0458984375 0.68603515625 0.05078125 0.0673828125
0 0.81884765625 0.97119140625 0.0361328125 0.0361328125
0 0.1142578125 0.630859375 0.03515625 0.03515625
0 0.69287109375 0.73486328125 0.0869140625 0.0751953125
0 0.21923828125 0.41796875 0.0556640625 0.0546875
0 0.10546875 0.6982421875 0.033203125 0.041015625
0 0.0849609375 0.98583984375 0.064453125 0.0224609375
0 0.18212890625 0.93994140625 0.0380859375 0.0283203125
0 0.5458984375 0.34130859375 0.03515625 0.0810546875
0 0.4638671875 0.95849609375 0.326171875 0.0693359375
0 0.9404296875 0.869140625 0.087890625 0.0859375
0 0.12353515625 0.90966796875 0.0302734375 0.0322265625
0 0.0576171875 0.87255859375 0.072265625 0.1669921875
0 0.7216796875 0.921875 0.107421875 0.033203125
0 0.58447265625 0.04150390625 0.0205078125 0.0244140625