0 0.21484375 0.7431640625 0.12890625 0.11328125
0 0.66064453125 0.123046875 0.4736328125 0.17578125
0 0.9248046875 0.44775390625 0.021484375 0.0283203125
0 0.58837890625 0.82861328125 0.3173828125 0.3173828125
0 0.5390625 0.3984375 0.095703125 0.109375
0 0.94287109375 0.2236328125 0.0419921875 0.04296875
0 0.23681640625 0.359375 0.0439453125 0.0390625
0 0.02392578125 0.54833984375 0.0361328125 0.0283203125
0 0.3681640625 0.64013671875 0.11328125 0.3857421875
0 0.791015625 0.5146484375 0.095703125 0.3046875
0 0.8642578125 0.8701171875 0.16015625 0.18359375
0 0.3818359375 0.28759765625 0.34375 0.0673828125
0 0.11669921875 0.34033203125 0.1142578125 0.0478515625
0 0.26171875 0.09228515625 0.07421875 0.1708984375
0 0.6455078125 0.43310546875 0.044921875 0.0439453125
0 0.138671875 0.841796875 0.05859375 0.0625
0 0.98583984375 0.37255859375 0.0283203125 0.0244140625
0 0.923828125 0.5048828125 0.04296875 0.044921875
0 0.9052734375 0.302734375 0.03515625 0.046875
0 0.16259765625 0.63232421875 0.0244140625 0.0302734375
0 0.3916015625 0.8955078125 0.041015625 0.041015625
0 0.72265625 0.47900390625 0.03125 0.0341796875
0 0.5703125 0.5869140625 0.103515625 0.033203125
0 0.06640625 0.06884765625 0.03125 0.0302734375
0 0.41015625 0.20263671875 0.0234375 0.0205078125
0 0.85107421875 0.7294921875 0.0693359375 0.03515625
0 0.1181640625 0.7333984375 0.0390625 0.0390625
0 0.24755859375 0.90869140625 0.0654296875 0.0205078125
0 0.220703125 0.49951171875 0.154296875 0.0830078125
0 0.3271484375 0.34130859375 0.025390625 0.0302734375
0 0.4716796875 0.017578125 0.0859375 0.03125
0 0.68505859375 0.29052734375 0.0654296875 0.0654296875
0 0.34228515625 0.0634765625 0.0380859375 0.041015625
0 0.3916015625 0.13037109375 0.0546875 0.0654296875
0 0.3046875 0.9755859375 0.033203125 0.033203125
0 0.63330078125 0.515625 0.1025390625 0.08984375
0 0.0625 0.21484375 0.099609375 0.1015625
0 0.07861328125 0.5947265625 0.0458984375 0.1328125
0 0.712890625 0.42578125 0.04296875 0.044921875
0 0.287109375 0.39697265625 0.046875 0.0341796875
0 0.15869140625 0.40234375 0.0693359375 0.068359375
0 0.34130859375 0.87060546875 0.0400390625 0.0341796875
0 0.6044921875 0.62841796875 0.033203125 0.0244140625
0 0.17236328125 0.15576171875 0.0595703125 0.0634765625
0 0.041015625 0.8359375 0.041015625 0.09375