0 0.720703125 0.16455078125 0.087890625 0.0869140625
0 0.453125 0.35205078125 0.037109375 0.0400390625
0 0.224609375 0.64501953125 0.06640625 0.0712890625
0 0.16455078125 0.26806640625 0.1044921875 0.0302734375
0 0.79833984375 0.89501953125 0.1533203125 0.1748046875
0 0.72900390625 0.60546875 0.3857421875 0.08203125
0 0.5888671875 0.28466796875 0.123046875 0.3603515625
0 0.05078125 0.39404296875 0.03515625 0.0302734375
0 0.92529296875 0.11474609375 0.0673828125 0.2041015625
0 0.36767578125 0.8046875 0.1259765625 0.046875
0 0.51953125 0.76904296875 0.064453125 0.1396484375
0 0.236328125 0.36767578125 0.04296875 0.0439453125
0 0.48876953125 0.36962890625 0.0224609375 0.0263671875
0 0.29541015625 0.28466796875 0.0419921875 0.0439453125
0 0.71240234375 0.4873046875 0.0322265625 0.03515625
0 0.421875 0.5576171875 0.15625 0.177734375
0 0.37060546875 0.9501953125 0.0322265625 0.0234375
0 0.1728515625 0.82275390625 0.0625 0.1494140625
0 0.25146484375 0.140625 0.4169921875 0.154296875
0 0.83935546875 0.423828125 0.1201171875 0.06640625
0 0.89892578125 0.3154296875 0.1513671875 0.1328125
0 0.6005859375 0.7548828125 0.06640625 0.06640625
0 0.27734375 0.52587890625 0.021484375 0.0185546875
0 0.5576171875 0.9345703125 0.02734375 0.029296875
0 0.6611328125 0.71337890625 0.02734375 0.0244140625
0 0.20654296875 0.484375 0.1044921875 0.091796875
0 0.14208984375 0.68994140625 0.0673828125 0.0654296875
0 0.73193359375 0.28466796875 0.0576171875 0.0751953125
0 0.47412109375 0.04052734375 0.0283203125 0.0361328125
0 0.677734375 0.75390625 0.04296875 0.044921875
0 0.72607421875 0.22509765625 0.0322265625 0.0322265625
0 0.46826171875 0.92138671875 0.0283203125 0.0283203125
0 0.1201171875 0.8046875 0.02734375 0.03515625
0 0.06591796875 0.71826171875 0.0576171875 0.0517578125
0 0.02783203125 0.87255859375 0.0322265625 0.0244140625
0 0.06884765625 0.2734375 0.0166015625 0.01171875
0 0.80810546875 0.66748046875 0.0263671875 0.0263671875
0 0.4599609375 0.97509765625 0.08984375 0.0302734375
0 0.58984375 0.970703125 0.02734375 0.02734375
0 0.126953125 0.3984375 0.0703125 0.072265625
0 0.6875 0.072265625 0.03515625 0.04296875
0 0.7275390625 0.3896484375 0.099609375 0.1015625
0 0.35986328125 0.6787109375 0.1162109375 0.046875
0 0.9150390625 0.50537109375 0.1328125 0.0673828125