0 0.466796875 0.7490234375 0.029296875 0.029296875
0 0.38330078125 0.11572265625 0.5595703125 0.2080078125
0 0.765625 0.54638671875 0.150390625 0.1728515625
0 0.02294921875 0.07177734375 0.0185546875 0.0224609375
0 0.03662109375 0.23046875 0.0341796875 0.037109375
0 0.46240234375 0.27783203125 0.1337890625 0.0498046875
0 0.72265625 0.8505859375 0.1640625 0.142578125
0 0.1611328125 0.5810546875 0.12109375 0.56640625
0 0.79833984375 0.34423828125 0.1064453125 0.1083984375
0 0.45361328125 0.51318359375 0.0517578125 0.0537109375
0 0.93212890625 0.3046875 0.0654296875 0.064453125
0 0.29541015625 0.55224609375 0.0947265625 0.0302734375
0 0.30224609375 0.83935546875 0.0595703125 0.0595703125
0 0.50732421875 0.37890625 0.0537109375 0.0703125
0 0.30810546875 0.6748046875 0.0556640625 0.05859375
0 0.42236328125 0.74072265625 0.0185546875 0.0166015625
0 0.06787109375 0.912109375 0.0517578125 0.05078125
0 0.42138671875 0.625 0.0361328125 0.03515625
0 0.771484375 0.14111328125 0.08984375 0.1025390625
0 0.01904296875 0.49560546875 0.0341796875 0.0341796875
0 0.40185546875 0.9140625 0.0556640625 0.068359375
0 0.1142578125 0.279296875 0.08984375 0.02734375
0 0.58203125 0.65478515625 0.1875 0.1650390625
0 0.6083984375 0.4033203125 0.04296875 0.044921875
0 0.5576171875 0.89697265625 0.03515625 0.0302734375
0 0.0546875 0.8369140625 0.03125 0.02734375
0 0.08349609375 0.22802734375 0.0146484375 0.0185546875
0 0.818359375 0.68310546875 0.072265625 0.0537109375
0 0.962890625 0.9306640625 0.017578125 0.01171875
0 0.33251953125 0.41259765625 0.1630859375 0.1630859375
0 0.5458984375 0.79248046875 0.041015625 0.0537109375
0 0.642578125 0.9501953125 0.255859375 0.0546875
0 0.8583984375 0.84326171875 0.076171875 0.1826171875
0 0.40771484375 0.71337890625 0.0322265625 0.0322265625
0 0.92333984375 0.48779296875 0.0810546875 0.2509765625
0 0.03173828125 0.41162109375 0.0341796875 0.0361328125
0 0.166015625 0.94384765625 0.08203125 0.0830078125
0 0.9130859375 0.11328125 0.037109375 0.083984375
0 0.30419921875 0.94287109375 0.0849609375 0.0341796875
0 0.7734375 0.05517578125 0.064453125 0.0654296875
0 0.94873046875 0.72412109375 0.0634765625 0.1748046875
0 0.544921875 0.451171875 0.037109375 0.029296875
0 0.94091796875 0.03466796875 0.0341796875 0.0361328125
0 0.90283203125 0.1943359375 0.1201171875 0.0625
0 0.37353515625 0.814453125 0.0498046875 0.044921875
0 0.5576171875 0.50732421875 0.1328125 0.0732421875