0 0.5947265625 0.67724609375 0.025390625 0.0244140625
0 0.826171875 0.06884765625 0.072265625 0.0732421875
0 0.62451171875 0.30517578125 0.0244140625 0.0263671875
0 0.41357421875 0.490234375 0.8154296875 0.302734375
0 0.78369140625 0.84521484375 0.1123046875 0.1142578125
0 0.3447265625 0.8193359375 0.328125 0.328125
0 0.68017578125 0.27880859375 0.0224609375 0.0283203125
0 0.1943359375 0.10009765625 0.0625 0.0615234375
0 0.40966796875 0.12255859375 0.1669921875 0.1669921875
0 0.64794921875 0.048828125 0.0615234375 0.025390625
0 0.06005859375 0.94921875 0.0244140625 0.029296875
0 0.931640625 0.32666015625 0.04296875 0.0458984375
0 0.89013671875 0.56201171875 0.1103515625 0.1259765625
0 0.63623046875 0.15576171875 0.0634765625 0.1748046875
0 0.0146484375 0.662109375 0.0234375 0.01953125
0 0.326171875 0.25048828125 0.02734375 0.0341796875
0 0.96240234375 0.1826171875 0.0654296875 0.0703125
0 0.07470703125 0.140625 0.0556640625 0.041015625
0 0.89404296875 0.83935546875 0.0634765625 0.1376953125
0 0.5615234375 0.82861328125 0.08203125 0.1884765625
0 0.71044921875 0.26708984375 0.0341796875 0.0341796875
0 0.1455078125 0.94873046875 0.05078125 0.0458984375
0 0.96533203125 0.53369140625 0.0283203125 0.0244140625
0 0.1201171875 0.234375 0.130859375 0.041015625
0 0.09716796875 0.8857421875 0.0439453125 0.04296875
0 0.9892578125 0.609375 0.021484375 0.021484375
0 0.28173828125 0.2255859375 0.0302734375 0.0390625
0 0.78515625 0.70166015625 0.05859375 0.0771484375
0 0.1591796875 0.9853515625 0.013671875 0.01171875
0 0.185546875 0.283203125 0.115234375 0.041015625
0 0.66845703125 0.8017578125 0.0888671875 0.3046875
0 0.8837890625 0.4677734375 0.01953125 0.015625
0 0.4482421875 0.2802734375 0.123046875 0.107421875
0 0.763671875 0.17919921875 0.126953125 0.1298828125
0 0.9638671875 0.865234375 0.0234375 0.0234375
0 0.26025390625 0.02001953125 0.0205078125 0.0146484375
0 0.3671875 0.01806640625 0.06640625 0.0205078125
0 0.89453125 0.24609375 0.025390625 0.02734375
0 0.80078125 0.953125 0.146484375 0.076171875
0 0.07666015625 0.71044921875 0.0595703125 0.0595703125
0 0.09912109375 0.80126953125 0.0419921875 0.0439453125
0 0.93212890625 0.64501953125 0.0361328125 0.0380859375