0 0.82373046875 0.0498046875 0.0205078125 0.021484375
0 0.2294921875 0.453125 0.0625 0.01953125
0 0.04248046875 0.6103515625 0.0732421875 0.06640625
0 0.84716796875 0.30224609375 0.1474609375 0.4736328125
0 0.9287109375 0.767578125 0.02734375 0.021484375
0 0.65478515625 0.9150390625 0.1025390625 0.1171875
0 0.38232421875 0.1083984375 0.0517578125 0.05078125
0 0.98486328125 0.3056640625 0.0244140625 0.017578125
0 0.2158203125 0.6337890625 0.041015625 0.04296875
0 0.69384765625 0.4951171875 0.0263671875 0.033203125
0 0.09619140625 0.28564453125 0.0458984375 0.0458984375
0 0.32080078125 0.77099609375 0.0517578125 0.1123046875
0 0.9111328125 0.9462890625 0.033203125 0.033203125
0 0.6357421875 0.283203125 0.14453125 0.07421875
0 0.50244140625 0.54541015625 0.3095703125 0.3095703125
0 0.6669921875 0.03466796875 0.033203125 0.0341796875
0 0.22900390625 0.90234375 0.0361328125 0.10546875
0 0.478515625 0.923828125 0.13671875 0.119140625
0 0.11376953125 0.60302734375 0.0673828125 0.3173828125
0 0.40771484375 0.2958984375 0.0595703125 0.0625
0 0.9599609375 0.78662109375 0.015625 0.0185546875
0 0.70654296875 0.2041015625 0.0751953125 0.076171875
0 0.33154296875 0.01904296875 0.0283203125 0.0244140625
0 0.3037109375 0.23486328125 0.060546875 0.1826171875
0 0.18408203125 0.2958984375 0.0595703125 0.05859375
0 0.25341796875 0.71728515625 0.0244140625 0.0224609375
0 0.853515625 0.640625 0.138671875 0.140625
0 0.0244140625 0.916015625 0.03125 0.033203125
0 0.08056640625 0.876953125 0.0615234375 0.07421875
0 0.1845703125 0.1572265625 0.1171875 0.134765625
0 0.091796875 0.37890625 0.03515625 0.03515625
0 0.5263671875 0.810546875 0.14453125 0.080078125
0 0.57275390625 0.0546875 0.0419921875 0.044921875
0 0.87353515625 0.05322265625 0.0205078125 0.0205078125
0 0.5810546875 0.16845703125 0.166015625 0.1455078125
0 0.71142578125 0.38134765625 0.0615234375 0.0224609375
0 0.85986328125 0.7734375 0.1044921875 0.033203125
0 0.888671875 0.86767578125 0.0546875 0.0400390625
0 0.8046875 0.91845703125 0.072265625 0.0732421875
0 0.458984375 0.158203125 0.03125 0.041015625
0 0.5322265625 0.34521484375 0.03515625 0.0458984375
0 0.4306640625 0.359375 0.087890625 0.03515625
0 0.19873046875 0.6884765625 0.0576171875 0.056640625
0 0.02294921875 0.962890625 0.0302734375 0.025390625