0 0.55908203125 0.56884765625 0.0419921875 0.0419921875
0 0.34375 0.73095703125 0.060546875 0.0595703125
0 0.802734375 0.72119140625 0.10546875 0.0927734375
0 0.26220703125 0.44921875 0.3935546875 0.232421875
0 0.28173828125 0.64013671875 0.0322265625 0.0341796875
0 0.40087890625 0.08056640625 0.1826171875 0.0576171875
0 0.671875 0.79052734375 0.146484375 0.0810546875
0 0.72705078125 0.609375 0.0205078125 0.017578125
0 0.876953125 0.35791015625 0.177734375 0.5712890625
0 0.083984375 0.78662109375 0.115234375 0.3642578125
0 0.62548828125 0.40673828125 0.0205078125 0.0244140625
0 0.6669921875 0.29150390625 0.111328125 0.0966796875
0 0.02197265625 0.3486328125 0.0322265625 0.03515625
0 0.75 0.35400390625 0.046875 0.0458984375
0 0.65380859375 0.5625 0.0888671875 0.1015625
0 0.353515625 0.2109375 0.060546875 0.017578125
0 0.70947265625 0.0810546875 0.0302734375 0.041015625
0 0.55078125 0.84375 0.033203125 0.033203125
0 0.4736328125 0.17333984375 0.072265625 0.0654296875
0 0.0244140625 0.103515625 0.0390625 0.115234375
0 0.84912109375 0.94140625 0.1298828125 0.046875
0 0.55322265625 0.67578125 0.0888671875 0.046875
0 0.609375 0.177734375 0.111328125 0.044921875
0 0.2548828125 0.87744140625 0.083984375 0.0849609375
0 0.3095703125 0.28564453125 0.021484375 0.0263671875
0 0.5185546875 0.3779296875 0.1015625 0.115234375
0 0.58935546875 0.29345703125 0.0400390625 0.0302734375
0 0.68701171875 0.0390625 0.0205078125 0.017578125
0 0.50048828125 0.83642578125 0.0302734375 0.0205078125
0 0.71875 0.56884765625 0.03125 0.0380859375
0 0.94970703125 0.8125 0.0283203125 0.025390625
0 0.54931640625 0.4833984375 0.0380859375 0.048828125
0 0.748046875 0.87060546875 0.32421875 0.0693359375
0 0.4306640625 0.8193359375 0.1015625 0.103515625
0 0.51708984375 0.11962890625 0.0341796875 0.0361328125
0 0.06103515625 0.18212890625 0.0302734375 0.0322265625
0 0.20947265625 0.23388671875 0.0673828125 0.1533203125
0 0.724609375 0.1669921875 0.09765625 0.099609375
0 0.6298828125 0.45068359375 0.048828125 0.0361328125
0 0.0244140625 0.48974609375 0.04296875 0.0458984375
0 0.27490234375 0.17919921875 0.0322265625 0.0322265625
0 0.5126953125 0.74609375 0.03125 0.03125
0 0.95556640625 0.71533203125 0.0576171875 0.1318359375
0 0.611328125 0.07666015625 0.044921875 0.0439453125
0 0.17626953125 0.6005859375 0.0595703125 0.0625