0 0.61376953125 0.74365234375 0.3212890625 0.3212890625
0 0.55029296875 0.435546875 0.0576171875 0.138671875
0 0.80908203125 0.7529296875 0.0556640625 0.12109375
0 0.3564453125 0.30078125 0.166015625 0.052734375
0 0.2119140625 0.9375 0.119140625 0.064453125
0 0.01904296875 0.27099609375 0.0224609375 0.0244140625
0 0.18994140625 0.533203125 0.0849609375 0.25390625
0 0.9560546875 0.49267578125 0.013671875 0.0087890625
0 0.33251953125 0.61767578125 0.1591796875 0.5693359375
0 0.05029296875 0.28564453125 0.0380859375 0.1123046875
0 0.05126953125 0.66796875 0.0576171875 0.060546875
0 0.40478515625 0.09814453125 0.1708984375 0.1708984375
0 0.12060546875 0.1875 0.0634765625 0.1875
0 0.208984375 0.86474609375 0.060546875 0.0185546875
0 0.72265625 0.2041015625 0.037109375 0.044921875
0 0.982421875 0.1376953125 0.025390625 0.033203125
0 0.6962890625 0.31591796875 0.119140625 0.1357421875
0 0.6171875 0.40283203125 0.03515625 0.0263671875
0 0.6708984375 0.5380859375 0.265625 0.056640625
0 0.89990234375 0.25341796875 0.0244140625 0.0283203125
0 0.51513671875 0.94091796875 0.1142578125 0.0458984375
0 0.59765625 0.13525390625 0.1640625 0.1435546875
0 0.24609375 0.20166015625 0.05859375 0.0615234375
0 0.85888671875 0.44970703125 0.0751953125 0.3544921875
0 0.93896484375 0.85693359375 0.0556640625 0.0732421875
0 0.79345703125 0.11572265625 0.0185546875 0.0185546875
0 0.6787109375 0.45849609375 0.044921875 0.0439453125
0 0.724609375 0.96337890625 0.0703125 0.0634765625
0 0.08154296875 0.541015625 0.0654296875 0.0703125
0 0.0791015625 0.595703125 0.029296875 0.03125
0 0.16552734375 0.2998046875 0.0205078125 0.025390625
0 0.4482421875 0.44287109375 0.05078125 0.0517578125
0 0.92724609375 0.17138671875 0.0712890625 0.0732421875
0 0.203125 0.712890625 0.041015625 0.041015625
0 0.8505859375 0.1181640625 0.029296875 0.029296875
0 0.828125 0.943359375 0.076171875 0.02734375
0 0.49951171875 0.28564453125 0.0673828125 0.0712890625
0 0.91796875 0.759765625 0.046875 0.03515625
0 0.2392578125 0.08544921875 0.13671875 0.1572265625
0 0.81005859375 0.845703125 0.0615234375 0.060546875
0 0.10205078125 0.76416015625 0.0947265625 0.0927734375
0 0.083984375 0.4453125 0.09765625 0.099609375
0 0.65625 0.93115234375 0.02734375 0.0244140625
0 0.0791015625 0.9794921875 0.03515625 0.03515625
0 0.95703125 0.5947265625 0.0390625 0.033203125
0 0.7431640625 0.42919921875 0.078125 0.0400390625
0 0.8037109375 0.1953125 0.08203125 0.072265625
0 0.72509765625 0.47802734375 0.0419921875 0.0361328125