0 0.41015625 0.91455078125 0.080078125 0.0908203125
0 0.9072265625 0.640625 0.025390625 0.0234375
0 0.64599609375 0.349609375 0.0244140625 0.029296875
0 0.14697265625 0.66552734375 0.1787109375 0.5751953125
0 0.24072265625 0.16455078125 0.2099609375 0.2099609375
0 0.44970703125 0.61865234375 0.0732421875 0.0224609375
0 0.85595703125 0.6123046875 0.0576171875 0.05859375
0 0.74755859375 0.66796875 0.1455078125 0.626953125
0 0.4267578125 0.26123046875 0.056640625 0.0224609375
0 0.89453125 0.37646484375 0.099609375 0.2939453125
0 0.62158203125 0.60986328125 0.0517578125 0.0458984375
0 0.3984375 0.43017578125 0.033203125 0.0341796875
0 0.375 0.63720703125 0.064453125 0.0693359375
0 0.37939453125 0.75 0.2294921875 0.126953125
0 0.39599609375 0.146484375 0.0712890625 0.08203125
0 0.72705078125 0.083984375 0.4072265625 0.158203125
0 0.8916015625 0.77783203125 0.03515625 0.0419921875
0 0.439453125 0.49462890625 0.0546875 0.0576171875
0 0.58837890625 0.25439453125 0.0537109375 0.0537109375
0 0.54052734375 0.859375 0.0322265625 0.033203125
0 0.583984375 0.35302734375 0.044921875 0.0478515625
0 0.59521484375 0.21240234375 0.0263671875 0.0263671875
0 0.92578125 0.8642578125 0.052734375 0.12109375
0 0.56201171875 0.9716796875 0.0185546875 0.0234375
0 0.54443359375 0.5546875 0.0947265625 0.283203125
0 0.3818359375 0.35009765625 0.03515625 0.0302734375
0 0.02099609375 0.51953125 0.0263671875 0.0234375
0 0.0751953125 0.224609375 0.091796875 0.2109375
0 0.287109375 0.84375 0.021484375 0.021484375
0 0.37451171875 0.2119140625 0.0224609375 0.029296875
0 0.0302734375 0.09619140625 0.05859375 0.0439453125
0 0.51025390625 0.2568359375 0.0205078125 0.015625
0 0.33837890625 0.57177734375 0.0439453125 0.0439453125
0 0.41796875 0.22314453125 0.04296875 0.0419921875
0 0.7734375 0.2099609375 0.130859375 0.046875
0 0.4814453125 0.36328125 0.109375 0.095703125
0 0.283203125 0.32861328125 0.08984375 0.0908203125
0 0.6142578125 0.8642578125 0.091796875 0.09375
0 0.27783203125 0.65966796875 0.0263671875 0.0283203125
0 0.71435546875 0.291015625 0.1240234375 0.0390625
0 0.9638671875 0.84423828125 0.015625 0.0107421875
0 0.27197265625 0.4541015625 0.0673828125 0.03515625
0 0.43701171875 0.0517578125 0.0673828125 0.06640625
0 0.18505859375 0.30810546875 0.0576171875 0.0556640625
0 0.310546875 0.91552734375 0.05859375 0.0771484375