0 0.54638671875 0.71240234375 0.1728515625 0.1513671875
0 0.22607421875 0.92431640625 0.0634765625 0.0634765625
0 0.8173828125 0.11572265625 0.16015625 0.1396484375
0 0.51904296875 0.32470703125 0.4111328125 0.2431640625
0 0.6923828125 0.07861328125 0.060546875 0.0654296875
0 0.5849609375 0.92529296875 0.01953125 0.0224609375
0 0.8076171875 0.73095703125 0.078125 0.2158203125
0 0.56591796875 0.5390625 0.0224609375 0.02734375
0 0.63623046875 0.84521484375 0.1181640625 0.0615234375
0 0.177734375 0.13671875 0.11328125 0.12890625
0 0.13134765625 0.734375 0.0361328125 0.03125
0 0.3740234375 0.83251953125 0.0625 0.0634765625
0 0.24365234375 0.5390625 0.2705078125 0.087890625
0 0.92236328125 0.71044921875 0.0927734375 0.2724609375
0 0.89794921875 0.34521484375 0.1259765625 0.1279296875
0 0.45703125 0.08642578125 0.37109375 0.0791015625
0 0.88720703125 0.24072265625 0.0205078125 0.0263671875
0 0.48193359375 0.51318359375 0.0654296875 0.0849609375
0 0.72314453125 0.9716796875 0.0263671875 0.025390625
0 0.6630859375 0.9052734375 0.021484375 0.021484375
0 0.14599609375 0.64453125 0.0673828125 0.06640625
0 0.95556640625 0.2529296875 0.0166015625 0.01171875
0 0.025390625 0.771484375 0.037109375 0.0390625
0 0.12353515625 0.7841796875 0.0732421875 0.021484375
0 0.25390625 0.7373046875 0.05859375 0.060546875
0 0.7197265625 0.76953125 0.046875 0.1015625
0 0.46533203125 0.8447265625 0.0654296875 0.064453125
0 0.13720703125 0.23095703125 0.0205078125 0.0205078125
0 0.2529296875 0.9716796875 0.037109375 0.02734375
0 0.0791015625 0.09912109375 0.08203125 0.1884765625
0 0.841796875 0.56884765625 0.021484375 0.0224609375
0 0.11572265625 0.9228515625 0.0927734375 0.029296875
0 0.81982421875 0.94873046875 0.0439453125 0.0439453125
0 0.3857421875 0.93896484375 0.1875 0.1005859375
0 0.51171875 0.8876953125 0.0234375 0.021484375
0 0.94921875 0.03662109375 0.0546875 0.0576171875
0 0.89501953125 0.5146484375 0.0830078125 0.033203125
0 0.95361328125 0.92236328125 0.0908203125 0.0341796875
0 0.18115234375 0.35302734375 0.0810546875 0.0830078125
0 0.10986328125 0.826171875 0.0458984375 0.048828125
0 0.7783203125 0.36083984375 0.10546875 0.3349609375
0 0.1875 0.431640625 0.029296875 0.025390625
0 0.05908203125 0.77978515625 0.0244140625 0.0185546875
0 0.6708984375 0.56103515625 0.0859375 0.0986328125
0 0.07666015625 0.24658203125 0.0810546875 0.0732421875
0 0.03466796875 0.6689453125 0.0361328125 0.04296875