0 0.48291015625 0.97607421875 0.0439453125 0.0458984375
0 0.33740234375 0.67529296875 0.0810546875 0.0419921875
0 0.2998046875 0.48095703125 0.029296875 0.0302734375
0 0.46728515625 0.2841796875 0.0830078125 0.033203125
0 0.47216796875 0.572265625 0.0166015625 0.01171875
0 0.5498046875 0.892578125 0.037109375 0.044921875
0 0.9345703125 0.79296875 0.033203125 0.03515625
0 0.11279296875 0.6083984375 0.0830078125 0.240234375
0 0.6083984375 0.12353515625 0.623046875 0.2314453125
0 0.78564453125 0.73583984375 0.1279296875 0.1298828125
0 0.6162109375 0.5078125 0.220703125 0.220703125
0 0.11376953125 0.07275390625 0.0634765625 0.0634765625
0 0.6103515625 0.31201171875 0.14453125 0.1259765625
0 0.3642578125 0.63037109375 0.0625 0.0458984375
0 0.845703125 0.39208984375 0.03125 0.0419921875
0 0.2890625 0.62890625 0.02734375 0.0234375
0 0.75732421875 0.43896484375 0.0498046875 0.0498046875
0 0.1337890625 0.20166015625 0.10546875 0.0380859375
0 0.21337890625 0.10302734375 0.0302734375 0.0224609375
0 0.236328125 0.33837890625 0.287109375 0.0615234375
0 0.9453125 0.0205078125 0.015625 0.01953125
0 0.30712890625 0.404296875 0.0751953125 0.068359375
0 0.91552734375 0.560546875 0.1298828125 0.1328125
0 0.77001953125 0.9296875 0.3525390625 0.109375
0 0.45556640625 0.36376953125 0.0634765625 0.0673828125
0 0.837890625 0.4794921875 0.0234375 0.021484375
0 0.4697265625 0.7275390625 0.11328125 0.12890625
0 0.3642578125 0.79833984375 0.03125 0.0302734375
0 0.26171875 0.56494140625 0.091796875 0.0908203125
0 0.181640625 0.93017578125 0.115234375 0.1318359375
0 0.76953125 0.29296875 0.09765625 0.0859375
0 0.5888671875 0.71435546875 0.05859375 0.0634765625
0 0.5029296875 0.826171875 0.07421875 0.021484375
0 0.1044921875 0.82958984375 0.181640625 0.0576171875
0 0.04541015625 0.05517578125 0.0361328125 0.0830078125
0 0.02099609375 0.98486328125 0.0302734375 0.0302734375
0 0.08935546875 0.46142578125 0.0400390625 0.0341796875
0 0.09619140625 0.2509765625 0.0400390625 0.04296875
0 0.91162109375 0.3720703125 0.0458984375 0.044921875
0 0.091796875 0.982421875 0.01171875 0.013671875
0 0.96337890625 0.46240234375 0.0439453125 0.0576171875
0 0.3642578125 0.2587890625 0.029296875 0.029296875
0 0.201171875 0.0537109375 0.021484375 0.021484375
0 0.35986328125 0.86474609375 0.1357421875 0.0732421875