0 0.8642578125 0.12744140625 0.08203125 0.0810546875
0 0.63427734375 0.6748046875 0.3173828125 0.123046875
0 0.4072265625 0.564453125 0.048828125 0.05078125
0 0.7685546875 0.94921875 0.025390625 0.025390625
0 0.841796875 0.96044921875 0.02734375 0.0244140625
0 0.50244140625 0.2275390625 0.0498046875 0.048828125
0 0.1298828125 0.5078125 0.1484375 0.4765625
0 0.61474609375 0.59228515625 0.0537109375 0.0400390625
0 0.37744140625 0.94775390625 0.0458984375 0.0498046875
0 0.83349609375 0.61572265625 0.0419921875 0.0556640625
0 0.36572265625 0.302734375 0.2197265625 0.04296875
0 0.884765625 0.27099609375 0.04296875 0.0986328125
0 0.41650390625 0.05859375 0.1220703125 0.048828125
0 0.75439453125 0.35107421875 0.0302734375 0.0302734375
0 0.22021484375 0.90625 0.0556640625 0.06640625
0 0.515625 0.8466796875 0.091796875 0.2109375
0 0.75244140625 0.263671875 0.0380859375 0.109375
0 0.7724609375 0.8837890625 0.087890625 0.076171875
0 0.34375 0.35693359375 0.017578125 0.0185546875
0 0.8896484375 0.076171875 0.015625 0.01171875
0 0.2734375 0.44970703125 0.10546875 0.1201171875
0 0.90478515625 0.66552734375 0.0986328125 0.0283203125
0 0.62939453125 0.12744140625 0.0185546875 0.0224609375
0 0.19677734375 0.1171875 0.0498046875 0.05078125
0 0.8779296875 0.462890625 0.18359375 0.16015625
0 0.45068359375 0.42333984375 0.1318359375 0.1337890625
0 0.98291015625 0.75244140625 0.0244140625 0.0205078125
0 0.38134765625 0.169921875 0.0166015625 0.021484375
0 0.68798828125 0.2841796875 0.0341796875 0.03515625
0 0.42822265625 0.7783203125 0.0439453125 0.04296875
0 0.71435546875 0.47900390625 0.0615234375 0.0634765625
0 0.58203125 0.4130859375 0.04296875 0.044921875
0 0.638671875 0.8720703125 0.056640625 0.1796875
0 0.03076171875 0.626953125 0.0244140625 0.021484375
0 0.63232421875 0.17041015625 0.0400390625 0.0302734375
0 0.89453125 0.8037109375 0.04296875 0.04296875
0 0.1083984375 0.80224609375 0.09765625 0.0361328125
0 0.24755859375 0.17333984375 0.1396484375 0.0478515625
0 0.26025390625 0.70556640625 0.1005859375 0.3115234375
0 0.1162109375 0.03955078125 0.033203125 0.0419921875
0 0.2939453125 0.09326171875 0.107421875 0.0556640625
0 0.4296875 0.876953125 0.0390625 0.0390625
0 0.79541015625 0.138671875 0.0380859375 0.03515625
0 0.93408203125 0.91943359375 0.1103515625 0.1259765625
0 0.55419921875 0.3125 0.0400390625 0.04296875