0 0.3212890625 0.5546875 0.09765625 0.0390625
0 0.26416015625 0.78662109375 0.0869140625 0.2763671875
0 0.57421875 0.736328125 0.0390625 0.0390625
0 0.9365234375 0.935546875 0.03515625 0.037109375
0 0.78076171875 0.25390625 0.1220703125 0.41796875
0 0.5927734375 0.9443359375 0.04296875 0.052734375
0 0.48095703125 0.669921875 0.0458984375 0.0390625
0 0.166015625 0.533203125 0.068359375 0.1875
0 0.48779296875 0.3330078125 0.1611328125 0.611328125
0 0.798828125 0.7509765625 0.048828125 0.064453125
0 0.82421875 0.6103515625 0.09765625 0.05078125
0 0.63525390625 0.51025390625 0.0361328125 0.0380859375
0 0.6884765625 0.41162109375 0.029296875 0.0205078125
0 0.962890625 0.6201171875 0.017578125 0.015625
0 0.88623046875 0.38720703125 0.0634765625 0.1376953125
0 0.306640625 0.3232421875 0.03125 0.02734375
0 0.10986328125 0.23291015625 0.1240234375 0.3662109375
0 0.478515625 0.87109375 0.158203125 0.1796875
0 0.33203125 0.46240234375 0.052734375 0.0517578125
0 0.2734375 0.9365234375 0.021484375 0.021484375
0 0.7763671875 0.673828125 0.23046875 0.048828125
0 0.7197265625 0.5673828125 0.01171875 0.013671875
0 0.2724609375 0.0986328125 0.140625 0.123046875
0 0.0703125 0.6005859375 0.078125 0.1875
0 0.91845703125 0.072265625 0.1044921875 0.0390625
0 0.12451171875 0.021484375 0.0791015625 0.0234375
0 0.02001953125 0.1376953125 0.0205078125 0.021484375
0 0.01611328125 0.5712890625 0.0283203125 0.03515625
0 0.64404296875 0.31396484375 0.0263671875 0.0205078125
0 0.10009765625 0.94580078125 0.0751953125 0.0849609375
0 0.75439453125 0.95068359375 0.0673828125 0.0673828125
0 0.93212890625 0.7900390625 0.1357421875 0.138671875
0 0.64453125 0.18017578125 0.083984375 0.0283203125
0 0.70751953125 0.8056640625 0.0712890625 0.064453125
0 0.626953125 0.2509765625 0.037109375 0.048828125
0 0.07958984375 0.8115234375 0.0986328125 0.09765625
0 0.6279296875 0.876953125 0.046875 0.03515625
0 0.88671875 0.52734375 0.08203125 0.083984375
0 0.15869140625 0.85888671875 0.0361328125 0.0380859375
0 0.669921875 0.4921875 0.029296875 0.03125
0 0.3583984375 0.61572265625 0.060546875 0.0615234375
0 0.24169921875 0.376953125 0.0634765625 0.30078125
0 0.18798828125 0.67919921875 0.0498046875 0.0537109375
0 0.97705078125 0.19091796875 0.0439453125 0.0439453125
0 0.3505859375 0.26318359375 0.076171875 0.0751953125