0 0.201171875 0.28125 0.134765625 0.13671875
0 0.83740234375 0.33447265625 0.0380859375 0.0380859375
0 0.298828125 0.16162109375 0.0546875 0.0576171875
0 0.18359375 0.103515625 0.060546875 0.0546875
0 0.74072265625 0.8125 0.5185546875 0.275390625
0 0.5224609375 0.52685546875 0.66796875 0.2587890625
0 0.88916015625 0.16015625 0.1259765625 0.12890625
0 0.63671875 0.25 0.333984375 0.197265625
0 0.68115234375 0.05078125 0.1083984375 0.03125
0 0.1455078125 0.736328125 0.037109375 0.048828125
0 0.96044921875 0.431640625 0.0458984375 0.048828125
0 0.35888671875 0.29296875 0.1591796875 0.181640625
0 0.0615234375 0.3974609375 0.107421875 0.31640625
0 0.90966796875 0.4521484375 0.0224609375 0.02734375
0 0.5927734375 0.38134765625 0.0703125 0.0263671875
0 0.88916015625 0.65625 0.0205078125 0.013671875
0 0.94677734375 0.25830078125 0.0595703125 0.0439453125
0 0.3447265625 0.7626953125 0.076171875 0.0859375
0 0.19384765625 0.84033203125 0.0458984375 0.0556640625
0 0.111328125 0.8466796875 0.11328125 0.099609375
0 0.2646484375 0.837890625 0.0546875 0.05859375
0 0.4560546875 0.91796875 0.025390625 0.025390625
0 0.41162109375 0.0458984375 0.1552734375 0.0859375
0 0.45703125 0.8759765625 0.046875 0.046875
0 0.58349609375 0.06396484375 0.0517578125 0.0537109375
0 0.3369140625 0.92626953125 0.072265625 0.0712890625
0 0.21728515625 0.986328125 0.0224609375 0.01953125
0 0.9755859375 0.04736328125 0.0234375 0.0185546875
0 0.0478515625 0.64697265625 0.044921875 0.0380859375
0 0.24462890625 0.0390625 0.1533203125 0.052734375
0 0.75244140625 0.12548828125 0.0146484375 0.0126953125
0 0.09521484375 0.07080078125 0.0595703125 0.1298828125
0 0.6123046875 0.1298828125 0.03125 0.033203125
0 0.10009765625 0.9580078125 0.1416015625 0.072265625
0 0.22119140625 0.78662109375 0.0302734375 0.0380859375
0 0.501953125 0.12060546875 0.0546875 0.0537109375
0 0.1572265625 0.44921875 0.021484375 0.02734375
0 0.05419921875 0.7158203125 0.0732421875 0.07421875
0 0.4150390625 0.76220703125 0.0625 0.1728515625
0 0.8994140625 0.048828125 0.0625 0.0625
0 0.96044921875 0.5595703125 0.0771484375 0.185546875
0 0.71044921875 0.09912109375 0.0205078125 0.0205078125
0 0.27490234375 0.11181640625 0.0966796875 0.0400390625
0 0.89990234375 0.27490234375 0.0322265625 0.0341796875