0 0.59228515625 0.640625 0.2646484375 0.615234375
0 0.61181640625 0.1787109375 0.0634765625 0.17578125
0 0.255859375 0.3857421875 0.033203125 0.025390625
0 0.87158203125 0.14453125 0.1240234375 0.142578125
0 0.8076171875 0.8056640625 0.017578125 0.01171875
0 0.41943359375 0.79638671875 0.0458984375 0.0341796875
0 0.38671875 0.45556640625 0.06640625 0.0654296875
0 0.23193359375 0.232421875 0.0556640625 0.056640625
0 0.05224609375 0.89404296875 0.0341796875 0.0341796875
0 0.01904296875 0.6806640625 0.0341796875 0.037109375
0 0.1357421875 0.1396484375 0.091796875 0.09375
0 0.95654296875 0.78857421875 0.0244140625 0.0302734375
0 0.34326171875 0.830078125 0.0712890625 0.2109375
0 0.69140625 0.2939453125 0.212890625 0.044921875
0 0.13134765625 0.90478515625 0.0771484375 0.1767578125
0 0.18603515625 0.59130859375 0.0771484375 0.3330078125
0 0.92626953125 0.60986328125 0.0322265625 0.0341796875
0 0.41162109375 0.24072265625 0.0712890625 0.0810546875
0 0.82373046875 0.91455078125 0.1572265625 0.1572265625
0 0.84716796875 0.68359375 0.0908203125 0.080078125
0 0.2587890625 0.669921875 0.05859375 0.140625
0 0.89306640625 0.32421875 0.0576171875 0.060546875
0 0.8173828125 0.58251953125 0.166015625 0.0888671875
0 0.3134765625 0.18798828125 0.056640625 0.0732421875
0 0.2001953125 0.1806640625 0.021484375 0.021484375
0 0.9228515625 0.4296875 0.03125 0.033203125
0 0.755859375 0.1806640625 0.103515625 0.041015625
0 0.30224609375 0.263671875 0.0322265625 0.03515625
0 0.25341796875 0.9609375 0.0869140625 0.078125
0 0.76611328125 0.75537109375 0.0810546875 0.0419921875
0 0.462890625 0.06884765625 0.060546875 0.0595703125
0 0.8505859375 0.263671875 0.03515625 0.037109375
0 0.056640625 0.28564453125 0.1015625 0.0888671875
0 0.103515625 0.0693359375 0.0390625 0.033203125
0 0.82666015625 0.43212890625 0.0126953125 0.0146484375
0 0.3955078125 0.30712890625 0.1015625 0.0380859375
0 0.763671875 0.1201171875 0.087890625 0.029296875
0 0.85205078125 0.39111328125 0.0322265625 0.0322265625
0 0.42822265625 0.60595703125 0.0615234375 0.0615234375
0 0.9267578125 0.541015625 0.041015625 0.048828125
0 0.71240234375 0.0517578125 0.0322265625 0.02734375
0 0.2109375 0.02783203125 0.013671875 0.0126953125
0 0.13720703125 0.72314453125 0.0185546875 0.0185546875
0 0.5390625 0.125 0.03515625 0.044921875
0 0.58203125 0.05810546875 0.09765625 0.0302734375