0 0.21826171875 0.30029296875 0.0263671875 0.0341796875
0 0.666015625 0.61572265625 0.021484375 0.0185546875
0 0.49462890625 0.57080078125 0.0322265625 0.0322265625
0 0.7421875 0.21923828125 0.123046875 0.0498046875
0 0.20263671875 0.552734375 0.2998046875 0.05859375
0 0.14111328125 0.4501953125 0.0576171875 0.021484375
0 0.66943359375 0.78515625 0.5947265625 0.30859375
0 0.9248046875 0.4423828125 0.033203125 0.03515625
0 0.37744140625 0.1875 0.0302734375 0.033203125
0 0.361328125 0.3466796875 0.0703125 0.052734375
0 0.18212890625 0.85986328125 0.0341796875 0.0361328125
0 0.287109375 0.88330078125 0.056640625 0.1787109375
0 0.55126953125 0.40869140625 0.2568359375 0.2568359375
0 0.03466796875 0.13330078125 0.0693359375 0.2041015625
0 0.2705078125 0.208984375 0.068359375 0.1484375
0 0.919921875 0.5751953125 0.04296875 0.04296875
0 0.24560546875 0.37939453125 0.0185546875 0.0224609375
0 0.1298828125 0.66357421875 0.0703125 0.0361328125
0 0.1591796875 0.283203125 0.068359375 0.197265625
0 0.02783203125 0.8486328125 0.0302734375 0.037109375
0 0.24072265625 0.72314453125 0.0419921875 0.0419921875
0 0.92138671875 0.2265625 0.0576171875 0.056640625
0 0.25244140625 0.0703125 0.0341796875 0.033203125
0 0.02880859375 0.5703125 0.0322265625 0.02734375
0 0.541015625 0.97412109375 0.103515625 0.0322265625
0 0.30322265625 0.33740234375 0.0400390625 0.0302734375
0 0.8017578125 0.59716796875 0.056640625 0.0615234375
0 0.8330078125 0.08447265625 0.234375 0.1298828125
0 0.7158203125 0.3837890625 0.037109375 0.037109375
0 0.32080078125 0.7099609375 0.0400390625 0.041015625
0 0.55126953125 0.13037109375 0.2451171875 0.2451171875
0 0.86279296875 0.396484375 0.0693359375 0.0703125
0 0.91015625 0.29541015625 0.150390625 0.0478515625
0 0.76025390625 0.33154296875 0.0341796875 0.0361328125
0 0.24951171875 0.453125 0.0810546875 0.0703125
0 0.2177734375 0.251953125 0.02734375 0.01953125
0 0.36376953125 0.26025390625 0.0439453125 0.0400390625
0 0.7353515625 0.505859375 0.046875 0.11328125
0 0.34130859375 0.47021484375 0.0302734375 0.0400390625
0 0.6513671875 0.5673828125 0.037109375 0.0390625
0 0.80078125 0.3837890625 0.03125 0.0390625
0 0.1435546875 0.73876953125 0.0859375 0.0849609375
0 0.32177734375 0.6474609375 0.0908203125 0.080078125
0 0.32080078125 0.20068359375 0.0185546875 0.0166015625
0 0.11083984375 0.13916015625 0.0771484375 0.0888671875
0 0.0546875 0.31640625 0.087890625 0.08984375