0 0.67919921875 0.87548828125 0.1376953125 0.1572265625
0 0.97216796875 0.61669921875 0.0341796875 0.0361328125
0 0.13037109375 0.408203125 0.1103515625 0.341796875
0 0.48974609375 0.97216796875 0.0302734375 0.0302734375
0 0.36865234375 0.4658203125 0.0380859375 0.037109375
0 0.3427734375 0.666015625 0.029296875 0.03125
0 0.478515625 0.80859375 0.060546875 0.060546875
0 0.64501953125 0.0791015625 0.0263671875 0.03125
0 0.93359375 0.345703125 0.015625 0.013671875
0 0.884765625 0.43798828125 0.142578125 0.1240234375
0 0.2041015625 0.3681640625 0.03125 0.033203125
0 0.5341796875 0.30126953125 0.5546875 0.2060546875
0 0.06982421875 0.896484375 0.0400390625 0.03515625
0 0.408203125 0.80810546875 0.05859375 0.1865234375
0 0.27587890625 0.81494140625 0.0302734375 0.0400390625
0 0.9287109375 0.9443359375 0.033203125 0.03515625
0 0.9267578125 0.67822265625 0.056640625 0.0595703125
0 0.9013671875 0.1494140625 0.162109375 0.08984375
0 0.34033203125 0.11669921875 0.4853515625 0.1591796875
0 0.7109375 0.4833984375 0.103515625 0.052734375
0 0.1494140625 0.783203125 0.0546875 0.06640625
0 0.89306640625 0.29052734375 0.0615234375 0.0224609375
0 0.31494140625 0.49853515625 0.0205078125 0.0166015625
0 0.56689453125 0.55615234375 0.0712890625 0.2080078125
0 0.71923828125 0.75048828125 0.0419921875 0.0380859375
0 0.63671875 0.59521484375 0.056640625 0.0576171875
0 0.07080078125 0.671875 0.1357421875 0.138671875
0 0.81201171875 0.07080078125 0.0771484375 0.0224609375
0 0.23583984375 0.9443359375 0.0224609375 0.02734375
0 0.25146484375 0.66455078125 0.0400390625 0.0419921875
0 0.7587890625 0.6015625 0.029296875 0.0390625
0 0.86328125 0.8349609375 0.1875 0.1640625
0 0.6484375 0.74560546875 0.04296875 0.0927734375
0 0.25537109375 0.583984375 0.0517578125 0.05078125
0 0.5888671875 0.84814453125 0.015625 0.0107421875
0 0.72607421875 0.17041015625 0.1513671875 0.0517578125
0 0.7490234375 0.0361328125 0.0390625 0.0390625
0 0.2724609375 0.98291015625 0.03125 0.0263671875
0 0.77783203125 0.939453125 0.0556640625 0.041015625
0 0.97998046875 0.29052734375 0.0244140625 0.0244140625
0 0.720703125 0.1171875 0.123046875 0.05078125
0 0.83056640625 0.587890625 0.1123046875 0.12890625
0 0.3154296875 0.86767578125 0.041015625 0.0400390625