0 0.19677734375 0.1484375 0.0654296875 0.06640625
0 0.06982421875 0.48681640625 0.1259765625 0.5888671875
0 0.38525390625 0.453125 0.0302734375 0.03125
0 0.265625 0.6962890625 0.078125 0.029296875
0 0.1884765625 0.8525390625 0.0546875 0.056640625
0 0.6337890625 0.05029296875 0.08203125 0.0810546875
0 0.759765625 0.9208984375 0.13671875 0.076171875
0 0.3544921875 0.96875 0.015625 0.01953125
0 0.46142578125 0.88623046875 0.0400390625 0.0400390625
0 0.4150390625 0.16357421875 0.041015625 0.0322265625
0 0.56396484375 0.7880859375 0.0458984375 0.111328125
0 0.5703125 0.3876953125 0.248046875 0.248046875
0 0.8466796875 0.298828125 0.25 0.580078125
0 0.82421875 0.71728515625 0.021484375 0.0185546875
0 0.27099609375 0.40673828125 0.1240234375 0.3837890625
0 0.38671875 0.40283203125 0.064453125 0.0576171875
0 0.01416015625 0.1298828125 0.0263671875 0.01953125
0 0.44091796875 0.59423828125 0.1826171875 0.1591796875
0 0.35205078125 0.09326171875 0.0595703125 0.0634765625
0 0.37158203125 0.74365234375 0.0302734375 0.0400390625
0 0.88525390625 0.8427734375 0.0986328125 0.3125
0 0.17041015625 0.94677734375 0.2529296875 0.0830078125
0 0.69482421875 0.6318359375 0.0400390625 0.109375
0 0.56005859375 0.04052734375 0.0322265625 0.0322265625
0 0.6416015625 0.75537109375 0.103515625 0.1181640625
0 0.4404296875 0.7470703125 0.0546875 0.0546875
0 0.5419921875 0.080078125 0.064453125 0.01953125
0 0.51318359375 0.83056640625 0.0537109375 0.0537109375
0 0.16650390625 0.2158203125 0.0263671875 0.0234375
0 0.32373046875 0.1513671875 0.0517578125 0.05078125
0 0.4501953125 0.07763671875 0.091796875 0.0380859375
0 0.5244140625 0.2314453125 0.16015625 0.0546875
0 0.0849609375 0.11669921875 0.041015625 0.0302734375
0 0.32275390625 0.73828125 0.0439453125 0.037109375
0 0.23095703125 0.78076171875 0.0791015625 0.0693359375
0 0.5068359375 0.91064453125 0.02734375 0.0283203125
0 0.60302734375 0.59130859375 0.0615234375 0.0810546875
0 0.36962890625 0.310546875 0.0400390625 0.0859375
0 0.59326171875 0.12841796875 0.0205078125 0.0244140625
0 0.4755859375 0.16796875 0.029296875 0.029296875
0 0.52001953125 0.7373046875 0.0322265625 0.03125
0 0.04248046875 0.04541015625 0.0576171875 0.0615234375
0 0.7587890625 0.83935546875 0.072265625 0.0732421875
0 0.330078125 0.02587890625 0.224609375 0.0439453125
0 0.53125 0.9599609375 0.126953125 0.06640625
0 0.1572265625 0.49267578125 0.044921875 0.0478515625
0 0.76806640625 0.73486328125 0.0283203125 0.0341796875