0 0.64404296875 0.72021484375 0.0947265625 0.4443359375
0 0.17822265625 0.93017578125 0.0361328125 0.0361328125
0 0.1982421875 0.64306640625 0.048828125 0.0595703125
0 0.5302734375 0.87451171875 0.08984375 0.0283203125
0 0.68701171875 0.27685546875 0.5732421875 0.3447265625
0 0.8583984375 0.5830078125 0.025390625 0.02734375
0 0.21240234375 0.740234375 0.0224609375 0.01953125
0 0.15478515625 0.70068359375 0.0341796875 0.0361328125
0 0.4716796875 0.0439453125 0.083984375 0.08203125
0 0.5458984375 0.68701171875 0.048828125 0.0478515625
0 0.0703125 0.40771484375 0.048828125 0.0439453125
0 0.3291015625 0.65478515625 0.046875 0.0498046875
0 0.25732421875 0.3544921875 0.0478515625 0.1328125
0 0.40087890625 0.6357421875 0.0400390625 0.0390625
0 0.18798828125 0.11865234375 0.2861328125 0.0556640625
0 0.7646484375 0.78369140625 0.076171875 0.0771484375
0 0.462890625 0.9169921875 0.03125 0.0390625
0 0.5009765625 0.63818359375 0.0390625 0.0517578125
0 0.04931640625 0.8115234375 0.0927734375 0.037109375
0 0.283203125 0.744140625 0.015625 0.01171875
0 0.95849609375 0.57177734375 0.0615234375 0.0810546875
0 0.84423828125 0.63037109375 0.0693359375 0.0517578125
0 0.41796875 0.984375 0.037109375 0.03125
0 0.4130859375 0.544921875 0.02734375 0.02734375
0 0.3173828125 0.9111328125 0.158203125 0.138671875
0 0.8408203125 0.923828125 0.109375 0.125
0 0.34228515625 0.78955078125 0.0576171875 0.0615234375
0 0.5927734375 0.07275390625 0.029296875 0.0302734375
0 0.103515625 0.2666015625 0.1484375 0.169921875
0 0.8359375 0.7353515625 0.048828125 0.10546875
0 0.302734375 0.5361328125 0.19140625 0.10546875
0 0.1494140625 0.4013671875 0.03515625 0.02734375
0 0.44873046875 0.60107421875 0.0361328125 0.0380859375
0 0.11767578125 0.451171875 0.0244140625 0.029296875
0 0.43505859375 0.73046875 0.1044921875 0.037109375
0 0.3046875 0.2080078125 0.126953125 0.111328125
0 0.22509765625 0.04638671875 0.0810546875 0.0419921875
0 0.72021484375 0.57568359375 0.0263671875 0.0263671875
0 0.04052734375 0.57275390625 0.0693359375 0.1669921875
0 0.9580078125 0.75146484375 0.076171875 0.0771484375
0 0.8828125 0.53125 0.064453125 0.064453125
0 0.154296875 0.74267578125 0.0859375 0.0244140625
0 0.943359375 0.478515625 0.025390625 0.0234375