0 0.34033203125 0.32177734375 0.0380859375 0.0400390625
0 0.36181640625 0.68896484375 0.0419921875 0.0419921875
0 0.625 0.193359375 0.06640625 0.150390625
0 0.357421875 0.44140625 0.111328125 0.041015625
0 0.48876953125 0.578125 0.1474609375 0.16796875
0 0.46337890625 0.18310546875 0.0634765625 0.0634765625
0 0.6748046875 0.45947265625 0.05078125 0.0498046875
0 0.47607421875 0.8818359375 0.1318359375 0.044921875
0 0.32421875 0.54541015625 0.03515625 0.0302734375
0 0.2294921875 0.333984375 0.02734375 0.0234375
0 0.0849609375 0.0947265625 0.033203125 0.04296875
0 0.8642578125 0.10693359375 0.0625 0.1884765625
0 0.95458984375 0.64501953125 0.0341796875 0.0341796875
0 0.23388671875 0.8681640625 0.0361328125 0.0390625
0 0.140625 0.3115234375 0.126953125 0.14453125
0 0.89892578125 0.91455078125 0.1689453125 0.1474609375
0 0.720703125 0.638671875 0.21875 0.21875
0 0.1982421875 0.70947265625 0.09765625 0.2255859375
0 0.29248046875 0.84130859375 0.0439453125 0.0400390625
0 0.07666015625 0.857421875 0.1083984375 0.056640625
0 0.765625 0.1103515625 0.09375 0.02734375
0 0.12890625 0.0537109375 0.025390625 0.025390625
0 0.3583984375 0.27783203125 0.025390625 0.0224609375
0 0.91650390625 0.6416015625 0.0283203125 0.01953125
0 0.08203125 0.58154296875 0.103515625 0.3212890625
0 0.82958984375 0.22314453125 0.0302734375 0.0322265625
0 0.6474609375 0.82666015625 0.15625 0.1376953125
0 0.96630859375 0.50390625 0.0341796875 0.04296875
0 0.529296875 0.1279296875 0.056640625 0.060546875
0 0.86669921875 0.466796875 0.1162109375 0.046875
0 0.92919921875 0.228515625 0.0517578125 0.052734375
0 0.67626953125 0.06494140625 0.2958984375 0.0576171875
0 0.7490234375 0.32080078125 0.0390625 0.0302734375
0 0.97021484375 0.2333984375 0.0205078125 0.021484375
0 0.72607421875 0.38720703125 0.2294921875 0.0751953125
0 0.77783203125 0.17626953125 0.0712890625 0.0693359375
0 0.45703125 0.09619140625 0.0859375 0.0849609375
0 0.54296875 0.45654296875 0.0703125 0.0712890625
0 0.26611328125 0.2109375 0.0751953125 0.20703125
0 0.7275390625 0.9384765625 0.03125 0.033203125
0 0.3671875 0.2080078125 0.0546875 0.06640625
0 0.10888671875 0.16259765625 0.0400390625 0.0537109375
0 0.53173828125 0.33544921875 0.0810546875 0.0830078125
0 0.8720703125 0.3076171875 0.0390625 0.029296875
0 0.89208984375 0.74560546875 0.1220703125 0.0673828125
0 0.1796875 0.87548828125 0.01953125 0.0224609375