0 0.2109375 0.3857421875 0.068359375 0.1484375
0 0.80859375 0.83544921875 0.013671875 0.0126953125
0 0.34765625 0.5537109375 0.060546875 0.16796875
0 0.09375 0.40087890625 0.029296875 0.0380859375
0 0.21630859375 0.0498046875 0.0517578125 0.05078125
0 0.9150390625 0.7119140625 0.0234375 0.025390625
0 0.1044921875 0.326171875 0.109375 0.03125
0 0.57958984375 0.05908203125 0.0322265625 0.0322265625
0 0.4951171875 0.6669921875 0.0546875 0.125
0 0.2529296875 0.09912109375 0.021484375 0.0263671875
0 0.861328125 0.29296875 0.052734375 0.0390625
0 0.54443359375 0.3046875 0.0458984375 0.0390625
0 0.81640625 0.55224609375 0.130859375 0.1337890625
0 0.50927734375 0.89453125 0.0576171875 0.056640625
0 0.77978515625 0.427734375 0.1162109375 0.060546875
0 0.85107421875 0.16064453125 0.2021484375 0.2021484375
0 0.3876953125 0.86572265625 0.111328125 0.0400390625
0 0.28173828125 0.18798828125 0.1474609375 0.1474609375
0 0.111328125 0.09716796875 0.056640625 0.0595703125
0 0.427734375 0.138671875 0.091796875 0.26953125
0 0.28857421875 0.71728515625 0.0400390625 0.0400390625
0 0.77001953125 0.95556640625 0.1494140625 0.0830078125
0 0.41259765625 0.76171875 0.0341796875 0.029296875
0 0.65966796875 0.564453125 0.0283203125 0.01953125
0 0.5244140625 0.13916015625 0.07421875 0.0732421875
0 0.4326171875 0.37060546875 0.056640625 0.0595703125
0 0.28759765625 0.95947265625 0.3701171875 0.0791015625
0 0.06201171875 0.21630859375 0.0322265625 0.0322265625
0 0.39599609375 0.4560546875 0.0263671875 0.02734375
0 0.65283203125 0.8193359375 0.0869140625 0.029296875
0 0.080078125 0.92138671875 0.021484375 0.0166015625
0 0.21240234375 0.70068359375 0.1025390625 0.1044921875
0 0.06884765625 0.76904296875 0.0791015625 0.0322265625
0 0.6279296875 0.6533203125 0.08203125 0.072265625
0 0.53857421875 0.48828125 0.0771484375 0.087890625
0 0.09912109375 0.27197265625 0.0771484375 0.0693359375
0 0.90673828125 0.884765625 0.1220703125 0.138671875
0 0.1689453125 0.84130859375 0.30078125 0.0986328125
0 0.45947265625 0.30859375 0.0439453125 0.046875
0 0.12890625 0.49365234375 0.04296875 0.0517578125
0 0.8984375 0.345703125 0.033203125 0.04296875
0 0.65478515625 0.43408203125 0.0419921875 0.0458984375
0 0.02783203125 0.953125 0.0224609375 0.02734375
0 0.07568359375 0.68310546875 0.1259765625 0.1103515625
0 0.041015625 0.4375 0.037109375 0.037109375
0 0.24609375 0.529296875 0.0390625 0.0390625