0 0.6962890625 0.2451171875 0.076171875 0.17578125
0 0.2470703125 0.7939453125 0.0234375 0.0234375
0 0.2431640625 0.642578125 0.037109375 0.0390625
0 0.556640625 0.7578125 0.015625 0.01953125
0 0.14892578125 0.8076171875 0.1650390625 0.14453125
0 0.68505859375 0.89111328125 0.5654296875 0.2099609375
0 0.5546875 0.181640625 0.01953125 0.017578125
0 0.71875 0.64208984375 0.07421875 0.0849609375
0 0.83984375 0.1728515625 0.05078125 0.06640625
0 0.802734375 0.40771484375 0.224609375 0.0439453125
0 0.30712890625 0.306640625 0.0576171875 0.05859375
0 0.83984375 0.4794921875 0.041015625 0.087890625
0 0.74267578125 0.51123046875 0.0205078125 0.0205078125
0 0.95166015625 0.62841796875 0.0576171875 0.0556640625
0 0.50537109375 0.36962890625 0.2451171875 0.2451171875
0 0.79931640625 0.32421875 0.0322265625 0.03125
0 0.06494140625 0.13916015625 0.0185546875 0.0166015625
0 0.302734375 0.05859375 0.1015625 0.037109375
0 0.18359375 0.9345703125 0.08984375 0.091796875
0 0.1201171875 0.22802734375 0.083984375 0.2666015625
0 0.2978515625 0.4609375 0.037109375 0.037109375
0 0.6474609375 0.60546875 0.052734375 0.056640625
0 0.365234375 0.66357421875 0.103515625 0.0302734375
0 0.44921875 0.55908203125 0.091796875 0.0380859375
0 0.62353515625 0.08642578125 0.0361328125 0.0380859375
0 0.65087890625 0.5087890625 0.0244140625 0.03125
0 0.95703125 0.6796875 0.02734375 0.0234375
0 0.1376953125 0.53759765625 0.115234375 0.0361328125
0 0.76220703125 0.48046875 0.0322265625 0.033203125
0 0.19580078125 0.14501953125 0.0380859375 0.0380859375
0 0.67822265625 0.03271484375 0.1259765625 0.0654296875
0 0.3515625 0.53076171875 0.0390625 0.0478515625
0 0.44873046875 0.65673828125 0.0419921875 0.1220703125
0 0.2080078125 0.40087890625 0.0859375 0.0751953125
0 0.54296875 0.099609375 0.03125 0.033203125
0 0.2666015625 0.74951171875 0.05859375 0.0439453125
0 0.1279296875 0.39794921875 0.021484375 0.0263671875
0 0.04150390625 0.42919921875 0.0224609375 0.0166015625
0 0.943359375 0.1826171875 0.11328125 0.12890625
0 0.7666015625 0.72265625 0.07421875 0.06640625
0 0.94921875 0.4306640625 0.046875 0.048828125
0 0.43701171875 0.150390625 0.1357421875 0.138671875
0 0.900390625 0.74462890625 0.078125 0.0771484375
0 0.51806640625 0.033203125 0.0205078125 0.013671875