0 0.02880859375 0.88427734375 0.0302734375 0.0361328125
0 0.15576171875 0.43212890625 0.0634765625 0.0185546875
0 0.92724609375 0.3408203125 0.0361328125 0.03125
0 0.7705078125 0.48681640625 0.021484375 0.0185546875
0 0.529296875 0.2275390625 0.07421875 0.029296875
0 0.0830078125 0.76025390625 0.017578125 0.0166015625
0 0.79443359375 0.7373046875 0.1240234375 0.470703125
0 0.08935546875 0.33642578125 0.0224609375 0.0263671875
0 0.93896484375 0.1845703125 0.0673828125 0.068359375
0 0.38232421875 0.33447265625 0.4716796875 0.1748046875
0 0.96044921875 0.59912109375 0.0224609375 0.0224609375
0 0.03662109375 0.234375 0.0693359375 0.30078125
0 0.95703125 0.8740234375 0.029296875 0.021484375
0 0.62890625 0.630859375 0.154296875 0.17578125
0 0.2529296875 0.51025390625 0.0859375 0.0322265625
0 0.119140625 0.3701171875 0.03125 0.033203125
0 0.95556640625 0.1259765625 0.0146484375 0.017578125
0 0.48681640625 0.09912109375 0.4443359375 0.0869140625
0 0.126953125 0.97021484375 0.056640625 0.0595703125
0 0.71533203125 0.244140625 0.1279296875 0.111328125
0 0.62109375 0.86328125 0.09765625 0.033203125
0 0.10986328125 0.8876953125 0.0771484375 0.078125
0 0.47216796875 0.650390625 0.0712890625 0.064453125
0 0.423828125 0.841796875 0.09375 0.224609375
0 0.27587890625 0.73974609375 0.1572265625 0.1787109375
0 0.57421875 0.80029296875 0.0703125 0.0712890625
0 0.31982421875 0.44775390625 0.0400390625 0.0302734375
0 0.8310546875 0.2685546875 0.0625 0.193359375
0 0.900390625 0.578125 0.056640625 0.060546875
0 0.10302734375 0.52880859375 0.1513671875 0.1513671875
0 0.43359375 0.19482421875 0.0625 0.0615234375
0 0.26904296875 0.59423828125 0.1259765625 0.1103515625
0 0.8984375 0.52294921875 0.0390625 0.0419921875
0 0.35595703125 0.5302734375 0.0439453125 0.04296875
0 0.4619140625 0.576171875 0.041015625 0.041015625
0 0.6708984375 0.44482421875 0.05859375 0.1689453125
0 0.9345703125 0.67431640625 0.0546875 0.0576171875
0 0.16015625 0.1328125 0.0234375 0.03125
0 0.87158203125 0.4189453125 0.1298828125 0.072265625
0 0.75732421875 0.34716796875 0.0556640625 0.0537109375
0 0.12890625 0.2197265625 0.025390625 0.025390625
0 0.830078125 0.47314453125 0.0390625 0.0302734375
0 0.1845703125 0.224609375 0.068359375 0.03515625
0 0.494140625 0.4462890625 0.04296875 0.04296875
0 0.14453125 0.75244140625 0.080078125 0.1826171875
0 0.65283203125 0.79150390625 0.0458984375 0.0478515625
0 0.11279296875 0.08935546875 0.0615234375 0.0810546875