0 0.16455078125 0.7138671875 0.0595703125 0.0625
0 0.45947265625 0.4052734375 0.1201171875 0.37109375
0 0.0615234375 0.5791015625 0.048828125 0.1171875
0 0.2705078125 0.52294921875 0.080078125 0.0693359375
0 0.74853515625 0.5224609375 0.4111328125 0.921875
0 0.36474609375 0.80908203125 0.0751953125 0.1630859375
0 0.099609375 0.8271484375 0.037109375 0.029296875
0 0.2958984375 0.08740234375 0.3671875 0.1142578125
0 0.4931640625 0.697265625 0.08984375 0.087890625
0 0.1865234375 0.9609375 0.0390625 0.0390625
0 0.0927734375 0.39892578125 0.109375 0.1240234375
0 0.0283203125 0.1015625 0.056640625 0.04296875
0 0.50634765625 0.87158203125 0.0654296875 0.0654296875
0 0.1767578125 0.84130859375 0.05859375 0.1708984375
0 0.130859375 0.62255859375 0.044921875 0.0380859375
0 0.1396484375 0.24853515625 0.015625 0.0146484375
0 0.16064453125 0.3662109375 0.0205078125 0.017578125
0 0.35009765625 0.23193359375 0.0400390625 0.0419921875
0 0.4052734375 0.6650390625 0.05859375 0.017578125
0 0.97412109375 0.55517578125 0.0283203125 0.0283203125
0 0.2431640625 0.93115234375 0.046875 0.0615234375
0 0.95654296875 0.02587890625 0.0693359375 0.0244140625
0 0.35693359375 0.70556640625 0.0263671875 0.0263671875
0 0.31201171875 0.36767578125 0.1552734375 0.1357421875
0 0.0947265625 0.92578125 0.09375 0.107421875
0 0.3212890625 0.17919921875 0.0390625 0.0478515625
0 0.97705078125 0.451171875 0.0341796875 0.037109375
0 0.0166015625 0.61962890625 0.0234375 0.0302734375
0 0.1796875 0.1884765625 0.01953125 0.0234375
0 0.119140625 0.29736328125 0.1640625 0.0517578125
0 0.31591796875 0.67724609375 0.0205078125 0.0205078125
0 0.18359375 0.5244140625 0.025390625 0.017578125
0 0.06396484375 0.703125 0.0341796875 0.037109375
0 0.265625 0.70849609375 0.0546875 0.0537109375
0 0.30126953125 0.62841796875 0.1005859375 0.0400390625
0 0.1083984375 0.4970703125 0.068359375 0.03515625
0 0.10986328125 0.19287109375 0.0771484375 0.0791015625
0 0.17626953125 0.4228515625 0.0478515625 0.05078125
0 0.974609375 0.82763671875 0.0390625 0.0400390625
0 0.22509765625 0.208984375 0.0634765625 0.056640625
0 0.3701171875 0.6064453125 0.025390625 0.03125
0 0.31005859375 0.95947265625 0.0302734375 0.0322265625