0 0.29931640625 0.98095703125 0.0224609375 0.0224609375
0 0.08837890625 0.392578125 0.1142578125 0.04296875
0 0.61279296875 0.162109375 0.1005859375 0.029296875
0 0.87109375 0.373046875 0.2421875 0.130859375
0 0.64453125 0.71044921875 0.32421875 0.0693359375
0 0.3505859375 0.74609375 0.09765625 0.30078125
0 0.69189453125 0.2431640625 0.0986328125 0.0859375
0 0.857421875 0.6689453125 0.0234375 0.02734375
0 0.10107421875 0.21044921875 0.0732421875 0.0712890625
0 0.69970703125 0.94482421875 0.0302734375 0.0322265625
0 0.3994140625 0.38720703125 0.046875 0.0419921875
0 0.30517578125 0.15673828125 0.1904296875 0.1904296875
0 0.28759765625 0.4306640625 0.0478515625 0.046875
0 0.517578125 0.08056640625 0.072265625 0.0732421875
0 0.576171875 0.86474609375 0.021484375 0.0185546875
0 0.2001953125 0.37646484375 0.046875 0.0458984375
0 0.583984375 0.43798828125 0.11328125 0.0361328125
0 0.30224609375 0.3212890625 0.0458984375 0.048828125
0 0.10986328125 0.71728515625 0.0224609375 0.0283203125
0 0.39306640625 0.46630859375 0.1279296875 0.0654296875
0 0.8681640625 0.16455078125 0.060546875 0.0458984375
0 0.79248046875 0.18017578125 0.0810546875 0.2333984375
0 0.208984375 0.56103515625 0.15625 0.1787109375
0 0.654296875 0.53857421875 0.35546875 0.1103515625
0 0.20068359375 0.88427734375 0.0166015625 0.0146484375
0 0.15087890625 0.96484375 0.0654296875 0.02734375
0 0.54638671875 0.2578125 0.0244140625 0.03125
0 0.5751953125 0.080078125 0.03515625 0.03515625
0 0.23046875 0.75146484375 0.140625 0.1611328125
0 0.9462890625 0.7333984375 0.05078125 0.052734375
0 0.474609375 0.6435546875 0.021484375 0.021484375
0 0.0322265625 0.69189453125 0.033203125 0.0361328125
0 0.7900390625 0.8251953125 0.12890625 0.130859375
0 0.45361328125 0.7958984375 0.0556640625 0.068359375
0 0.61474609375 0.94970703125 0.1083984375 0.0947265625
0 0.72900390625 0.421875 0.0380859375 0.087890625
0 0.47607421875 0.30712890625 0.1103515625 0.1123046875
0 0.0595703125 0.5615234375 0.0546875 0.1328125
0 0.439453125 0.93115234375 0.052734375 0.0556640625
0 0.470703125 0.04345703125 0.015625 0.0107421875
0 0.17529296875 0.09228515625 0.0537109375 0.0712890625
0 0.43212890625 0.57177734375 0.0205078125 0.0185546875
0 0.609375 0.6474609375 0.044921875 0.044921875
0 0.03466796875 0.7255859375 0.0380859375 0.029296875
0 0.8662109375 0.6005859375 0.0234375 0.025390625