0 0.05322265625 0.5166015625 0.0400390625 0.04296875
0 0.63134765625 0.22998046875 0.5712890625 0.2216796875
0 0.77392578125 0.5751953125 0.0166015625 0.021484375
0 0.79931640625 0.73388671875 0.0322265625 0.0341796875
0 0.27197265625 0.17431640625 0.0966796875 0.0986328125
0 0.87060546875 0.6748046875 0.0732421875 0.07421875
0 0.55859375 0.8984375 0.18359375 0.18359375
0 0.3330078125 0.755859375 0.021484375 0.021484375
0 0.04248046875 0.22412109375 0.0439453125 0.0380859375
0 0.53076171875 0.43017578125 0.0517578125 0.0537109375
0 0.58837890625 0.53076171875 0.0810546875 0.0419921875
0 0.26904296875 0.578125 0.0908203125 0.091796875
0 0.08642578125 0.78515625 0.0888671875 0.28125
0 0.740234375 0.7978515625 0.072265625 0.029296875
0 0.24365234375 0.3388671875 0.0537109375 0.052734375
0 0.19287109375 0.2412109375 0.0595703125 0.134765625
0 0.50048828125 0.37939453125 0.0419921875 0.0380859375
0 0.7294921875 0.46533203125 0.029296875 0.0380859375
0 0.89599609375 0.9755859375 0.0458984375 0.044921875
0 0.45849609375 0.66845703125 0.1572265625 0.1376953125
0 0.41162109375 0.5029296875 0.0400390625 0.041015625
0 0.96240234375 0.25830078125 0.0283203125 0.0224609375
0 0.4013671875 0.568359375 0.107421875 0.03125
0 0.11865234375 0.43359375 0.0693359375 0.21484375
0 0.45458984375 0.533203125 0.0400390625 0.03515625
0 0.875 0.47900390625 0.029296875 0.0361328125
0 0.77294921875 0.40087890625 0.1435546875 0.0458984375
0 0.06640625 0.39892578125 0.03125 0.0341796875
0 0.4501953125 0.0830078125 0.015625 0.013671875
0 0.15380859375 0.0595703125 0.1181640625 0.04296875
0 0.27099609375 0.8359375 0.0986328125 0.236328125
0 0.95703125 0.052734375 0.037109375 0.02734375
0 0.08544921875 0.09814453125 0.0205078125 0.0146484375
0 0.3984375 0.767578125 0.025390625 0.033203125
0 0.62060546875 0.71240234375 0.0888671875 0.0771484375
0 0.9541015625 0.8876953125 0.087890625 0.099609375
0 0.900390625 0.54296875 0.03515625 0.03515625
0 0.1953125 0.90478515625 0.017578125 0.0205078125
0 0.4140625 0.93798828125 0.07421875 0.0732421875
0 0.77294921875 0.04443359375 0.2060546875 0.0439453125
0 0.9697265625 0.59619140625 0.048828125 0.1357421875
0 0.27587890625 0.39501953125 0.0380859375 0.0380859375
0 0.19482421875 0.66650390625 0.0595703125 0.0634765625
0 0.77197265625 0.52001953125 0.0595703125 0.0595703125