0 0.52099609375 0.88671875 0.1728515625 0.095703125
0 0.74609375 0.4931640625 0.033203125 0.03515625
0 0.30126953125 0.12744140625 0.1806640625 0.1591796875
0 0.95703125 0.943359375 0.0390625 0.033203125
0 0.646484375 0.15673828125 0.115234375 0.0478515625
0 0.75634765625 0.65869140625 0.1318359375 0.1494140625
0 0.294921875 0.4326171875 0.0703125 0.16015625
0 0.56298828125 0.24267578125 0.0517578125 0.0634765625
0 0.15869140625 0.82470703125 0.2978515625 0.2978515625
0 0.29345703125 0.64306640625 0.0986328125 0.0302734375
0 0.43310546875 0.12158203125 0.0595703125 0.0634765625
0 0.443359375 0.27197265625 0.015625 0.0185546875
0 0.609375 0.32763671875 0.41015625 0.0869140625
0 0.193359375 0.505859375 0.03515625 0.03515625
0 0.5341796875 0.091796875 0.1328125 0.044921875
0 0.77294921875 0.39404296875 0.0419921875 0.0419921875
0 0.60205078125 0.77978515625 0.0498046875 0.0517578125
0 0.87158203125 0.72412109375 0.0576171875 0.1826171875
0 0.921875 0.25244140625 0.111328125 0.3798828125
0 0.3798828125 0.4775390625 0.0234375 0.025390625
0 0.54931640625 0.50244140625 0.1240234375 0.0458984375
0 0.54296875 0.607421875 0.095703125 0.109375
0 0.375 0.80419921875 0.03515625 0.0341796875
0 0.16357421875 0.18701171875 0.0927734375 0.0810546875
0 0.3720703125 0.939453125 0.064453125 0.033203125
0 0.771484375 0.16064453125 0.048828125 0.0478515625
0 0.1337890625 0.50244140625 0.0234375 0.0166015625
0 0.06396484375 0.49658203125 0.0517578125 0.0537109375
0 0.22509765625 0.59033203125 0.0205078125 0.0263671875
0 0.83251953125 0.42041015625 0.0458984375 0.0341796875
0 0.64111328125 0.0556640625 0.0595703125 0.064453125
0 0.51025390625 0.974609375 0.0400390625 0.0390625
0 0.40234375 0.642578125 0.03125 0.02734375
0 0.10693359375 0.591796875 0.0556640625 0.1328125
0 0.12158203125 0.345703125 0.0380859375 0.029296875
0 0.185546875 0.328125 0.078125 0.080078125
0 0.73876953125 0.826171875 0.1396484375 0.142578125
0 0.53271484375 0.81201171875 0.0205078125 0.0205078125
0 0.921875 0.75732421875 0.01171875 0.0107421875
0 0.44580078125 0.7177734375 0.0869140625 0.078125
0 0.2373046875 0.25 0.037109375 0.037109375
0 0.7099609375 0.037109375 0.04296875 0.056640625
0 0.9208984375 0.02685546875 0.033203125 0.0400390625
0 0.06591796875 0.24365234375 0.0849609375 0.0869140625