0 0.46826171875 0.6083984375 0.6806640625 0.361328125
0 0.3427734375 0.94873046875 0.0234375 0.0283203125
0 0.8466796875 0.5537109375 0.01953125 0.021484375
0 0.93359375 0.56982421875 0.068359375 0.0732421875
0 0.22412109375 0.83837890625 0.0322265625 0.0322265625
0 0.3310546875 0.1787109375 0.04296875 0.04296875
0 0.42333984375 0.9033203125 0.1142578125 0.05859375
0 0.765625 0.07763671875 0.0546875 0.1240234375
0 0.5419921875 0.25732421875 0.029296875 0.0302734375
0 0.10546875 0.8193359375 0.064453125 0.05859375
0 0.98779296875 0.06640625 0.0224609375 0.02734375
0 0.92041015625 0.9560546875 0.1220703125 0.05078125
0 0.08056640625 0.93359375 0.1142578125 0.0390625
0 0.86181640625 0.36572265625 0.0595703125 0.0595703125
0 0.513671875 0.1064453125 0.029296875 0.03125
0 0.17724609375 0.0810546875 0.2373046875 0.130859375
0 0.64794921875 0.1259765625 0.1611328125 0.18359375
0 0.71435546875 0.35595703125 0.0263671875 0.0244140625
0 0.54296875 0.9404296875 0.025390625 0.025390625
0 0.06884765625 0.52978515625 0.1123046875 0.3564453125
0 0.1533203125 0.28125 0.046875 0.048828125
0 0.5029296875 0.34619140625 0.38671875 0.1201171875
0 0.08056640625 0.2939453125 0.0634765625 0.0625
0 0.80029296875 0.85693359375 0.3701171875 0.0791015625
0 0.91259765625 0.11279296875 0.0810546875 0.2236328125
0 0.47900390625 0.1630859375 0.0537109375 0.052734375
0 0.8505859375 0.2646484375 0.048828125 0.05078125
0 0.46923828125 0.97998046875 0.1005859375 0.0302734375
0 0.92236328125 0.7939453125 0.0263671875 0.017578125
0 0.9326171875 0.2861328125 0.056640625 0.068359375
0 0.375 0.8017578125 0.02734375 0.021484375
0 0.3837890625 0.1826171875 0.041015625 0.03515625
0 0.912109375 0.48291015625 0.029296875 0.0380859375
0 0.77294921875 0.2900390625 0.0791015625 0.24609375
0 0.96337890625 0.4248046875 0.0654296875 0.158203125
0 0.41259765625 0.08984375 0.0771484375 0.078125
0 0.9287109375 0.72705078125 0.107421875 0.0400390625
0 0.2587890625 0.92529296875 0.064453125 0.0478515625
0 0.162109375 0.37744140625 0.068359375 0.0693359375
0 0.8427734375 0.49169921875 0.0390625 0.0517578125
0 0.66064453125 0.267578125 0.0205078125 0.017578125
0 0.0634765625 0.75341796875 0.033203125 0.0322265625