0 0.60546875 0.5087890625 0.0234375 0.0234375
0 0.275390625 0.33251953125 0.080078125 0.0791015625
0 0.3701171875 0.18603515625 0.11328125 0.0576171875
0 0.14208984375 0.3173828125 0.1279296875 0.404296875
0 0.69677734375 0.849609375 0.4990234375 0.294921875
0 0.7822265625 0.359375 0.287109375 0.666015625
0 0.400390625 0.48779296875 0.111328125 0.1279296875
0 0.48828125 0.1953125 0.021484375 0.0234375
0 0.14990234375 0.80224609375 0.2470703125 0.2470703125
0 0.580078125 0.20654296875 0.107421875 0.3330078125
0 0.1923828125 0.55615234375 0.1640625 0.0556640625
0 0.39892578125 0.63232421875 0.1748046875 0.0966796875
0 0.38818359375 0.8271484375 0.0947265625 0.21875
0 0.412109375 0.32373046875 0.15625 0.1357421875
0 0.10107421875 0.01513671875 0.0615234375 0.0244140625
0 0.20361328125 0.02490234375 0.0341796875 0.0361328125
0 0.478515625 0.14013671875 0.03125 0.0400390625
0 0.31591796875 0.05322265625 0.0146484375 0.0185546875
0 0.583984375 0.6435546875 0.02734375 0.02734375
0 0.21337890625 0.080078125 0.0908203125 0.033203125
0 0.6240234375 0.48046875 0.0234375 0.02734375
0 0.044921875 0.97314453125 0.046875 0.0400390625
0 0.43701171875 0.98583984375 0.0185546875 0.0146484375
0 0.5048828125 0.2294921875 0.0390625 0.041015625
0 0.09912109375 0.63818359375 0.0556640625 0.0556640625
0 0.30322265625 0.54931640625 0.0419921875 0.0439453125
0 0.20361328125 0.646484375 0.0322265625 0.02734375
0 0.95947265625 0.64453125 0.0419921875 0.041015625
0 0.52978515625 0.46337890625 0.0458984375 0.0341796875
0 0.0390625 0.09326171875 0.013671875 0.0126953125
0 0.0419921875 0.4990234375 0.06640625 0.19140625
0 0.251953125 0.26220703125 0.05859375 0.0595703125
0 0.0361328125 0.1904296875 0.02734375 0.02734375
0 0.34375 0.1015625 0.03515625 0.04296875
0 0.96728515625 0.2431640625 0.0419921875 0.041015625
0 0.90087890625 0.0126953125 0.0283203125 0.01953125
0 0.58935546875 0.41748046875 0.0615234375 0.0556640625
0 0.28955078125 0.44873046875 0.0947265625 0.0966796875
0 0.4912109375 0.56494140625 0.064453125 0.0185546875
0 0.95458984375 0.57958984375 0.0556640625 0.0732421875
0 0.1611328125 0.63525390625 0.041015625 0.0439453125
0 0.14453125 0.05859375 0.0390625 0.04296875