0 0.7626953125 0.7294921875 0.10546875 0.0390625
0 0.40625 0.54150390625 0.021484375 0.0146484375
0 0.28759765625 0.82470703125 0.3251953125 0.3251953125
0 0.95068359375 0.40185546875 0.0341796875 0.0419921875
0 0.384765625 0.6142578125 0.03125 0.0234375
0 0.447265625 0.392578125 0.6484375 0.240234375
0 0.0927734375 0.123046875 0.07421875 0.205078125
0 0.85693359375 0.36669921875 0.1416015625 0.6650390625
0 0.07421875 0.37939453125 0.060546875 0.0615234375
0 0.5458984375 0.12890625 0.234375 0.234375
0 0.728515625 0.5703125 0.046875 0.046875
0 0.2509765625 0.11279296875 0.0234375 0.0205078125
0 0.619140625 0.97119140625 0.01171875 0.0146484375
0 0.48583984375 0.783203125 0.0283203125 0.037109375
0 0.83154296875 0.90771484375 0.0927734375 0.1064453125
0 0.5634765625 0.74560546875 0.099609375 0.0869140625
0 0.16064453125 0.5703125 0.2001953125 0.107421875
0 0.9208984375 0.77294921875 0.150390625 0.1318359375
0 0.333984375 0.12841796875 0.078125 0.1884765625
0 0.32568359375 0.25927734375 0.0205078125 0.0244140625
0 0.5859375 0.6220703125 0.125 0.126953125
0 0.265625 0.03857421875 0.046875 0.0615234375
0 0.0849609375 0.7880859375 0.03125 0.03125
0 0.03955078125 0.306640625 0.0517578125 0.05078125
0 0.74267578125 0.6259765625 0.0537109375 0.048828125
0 0.73974609375 0.13671875 0.0810546875 0.033203125
0 0.66845703125 0.7763671875 0.0517578125 0.0546875
0 0.0830078125 0.8720703125 0.03515625 0.037109375
0 0.8037109375 0.78515625 0.048828125 0.05078125
0 0.69091796875 0.87451171875 0.0732421875 0.0712890625
0 0.06103515625 0.70068359375 0.0966796875 0.1103515625
0 0.69287109375 0.029296875 0.0380859375 0.029296875
0 0.0830078125 0.95068359375 0.072265625 0.0205078125
0 0.517578125 0.9228515625 0.02734375 0.02734375
0 0.5234375 0.88037109375 0.037109375 0.0322265625
0 0.2529296875 0.2177734375 0.072265625 0.037109375
0 0.66748046875 0.62939453125 0.0361328125 0.0361328125
0 0.9091796875 0.95556640625 0.060546875 0.0634765625
0 0.9599609375 0.0888671875 0.0625 0.142578125
0 0.1806640625 0.04736328125 0.080078125 0.0791015625
0 0.107421875 0.42529296875 0.021484375 0.0224609375
0 0.51220703125 0.962890625 0.0361328125 0.0390625
0 0.71875 0.986328125 0.021484375 0.01953125