0 0.7041015625 0.58740234375 0.03515625 0.0341796875
0 0.427734375 0.578125 0.033203125 0.04296875
0 0.56396484375 0.42724609375 0.2197265625 0.1181640625
0 0.73779296875 0.365234375 0.0302734375 0.025390625
0 0.279296875 0.67431640625 0.1015625 0.0888671875
0 0.73974609375 0.4296875 0.0361328125 0.046875
0 0.8896484375 0.18017578125 0.021484375 0.0146484375
0 0.470703125 0.69873046875 0.078125 0.0400390625
0 0.6337890625 0.77490234375 0.08984375 0.2705078125
0 0.77490234375 0.21044921875 0.1142578125 0.1162109375
0 0.91064453125 0.25634765625 0.0400390625 0.0400390625
0 0.19482421875 0.10107421875 0.0322265625 0.0341796875
0 0.78955078125 0.11865234375 0.0205078125 0.0205078125
0 0.03076171875 0.1298828125 0.0478515625 0.05859375
0 0.701171875 0.11962890625 0.048828125 0.0439453125
0 0.08935546875 0.6513671875 0.1396484375 0.501953125
0 0.49560546875 0.5595703125 0.0615234375 0.0625
0 0.77587890625 0.48974609375 0.0654296875 0.0654296875
0 0.43017578125 0.89208984375 0.0947265625 0.0966796875
0 0.51904296875 0.302734375 0.0576171875 0.0625
0 0.95751953125 0.337890625 0.0341796875 0.037109375
0 0.49365234375 0.80859375 0.0556640625 0.05859375
0 0.30908203125 0.181640625 0.3916015625 0.12109375
0 0.56689453125 0.85205078125 0.0224609375 0.0283203125
0 0.90771484375 0.63330078125 0.0927734375 0.2880859375
0 0.87548828125 0.0576171875 0.1025390625 0.03125
0 0.7529296875 0.9501953125 0.37890625 0.07421875
0 0.7509765625 0.04638671875 0.02734375 0.0205078125
0 0.10595703125 0.29541015625 0.1455078125 0.0498046875
0 0.28271484375 0.78076171875 0.0361328125 0.0380859375
0 0.35400390625 0.5029296875 0.0849609375 0.18359375
0 0.82373046875 0.73779296875 0.0478515625 0.1396484375
0 0.93115234375 0.865234375 0.0810546875 0.029296875
0 0.5556640625 0.21142578125 0.052734375 0.0556640625
0 0.2314453125 0.77587890625 0.025390625 0.0302734375
0 0.083984375 0.97216796875 0.052734375 0.0517578125
0 0.32470703125 0.92138671875 0.0322265625 0.0322265625
0 0.25146484375 0.3623046875 0.1005859375 0.232421875
0 0.345703125 0.35498046875 0.044921875 0.0380859375
0 0.84814453125 0.3759765625 0.1728515625 0.15234375
0 0.3974609375 0.697265625 0.03515625 0.03515625
0 0.46533203125 0.08740234375 0.0947265625 0.0380859375
0 0.5087890625 0.6337890625 0.072265625 0.0546875
0 0.74755859375 0.8974609375 0.0302734375 0.02734375