0 0.5810546875 0.95751953125 0.2265625 0.0478515625
0 0.31201171875 0.33203125 0.0419921875 0.044921875
0 0.44775390625 0.62744140625 0.1240234375 0.3994140625
0 0.13720703125 0.81982421875 0.0322265625 0.0322265625
0 0.64501953125 0.26318359375 0.0341796875 0.0439453125
0 0.82080078125 0.78369140625 0.2236328125 0.2236328125
0 0.05126953125 0.7880859375 0.0419921875 0.041015625
0 0.7900390625 0.30908203125 0.099609375 0.0517578125
0 0.1416015625 0.64404296875 0.0234375 0.0244140625
0 0.1123046875 0.4404296875 0.048828125 0.064453125
0 0.15234375 0.14697265625 0.021484375 0.0166015625
0 0.662109375 0.44140625 0.08203125 0.083984375
0 0.37841796875 0.8603515625 0.0615234375 0.060546875
0 0.08447265625 0.16650390625 0.1103515625 0.1259765625
0 0.033203125 0.71240234375 0.03125 0.0224609375
0 0.25634765625 0.171875 0.0693359375 0.21875
0 0.7685546875 0.59375 0.041015625 0.041015625
0 0.22802734375 0.66650390625 0.0634765625 0.0673828125
0 0.9384765625 0.30712890625 0.12109375 0.5693359375
0 0.564453125 0.30615234375 0.02734375 0.0244140625
0 0.25244140625 0.75634765625 0.0634765625 0.0615234375
0 0.310546875 0.4619140625 0.052734375 0.064453125
0 0.564453125 0.21728515625 0.0546875 0.1513671875
0 0.4345703125 0.2099609375 0.16015625 0.18359375
0 0.72802734375 0.15869140625 0.2451171875 0.1357421875
0 0.01953125 0.6552734375 0.03515625 0.03515625
0 0.119140625 0.77392578125 0.033203125 0.0283203125
0 0.75537109375 0.498046875 0.0185546875 0.015625
0 0.61669921875 0.56884765625 0.0810546875 0.0732421875
0 0.8359375 0.0419921875 0.025390625 0.025390625
0 0.80078125 0.92529296875 0.146484375 0.0498046875
0 0.07373046875 0.904296875 0.0732421875 0.07421875
0 0.18408203125 0.9697265625 0.0205078125 0.025390625
0 0.1181640625 0.3232421875 0.06640625 0.16015625
0 0.93896484375 0.9541015625 0.0517578125 0.0546875
0 0.47021484375 0.89501953125 0.1103515625 0.0322265625
0 0.82763671875 0.54052734375 0.0498046875 0.0517578125
0 0.56640625 0.4365234375 0.05859375 0.126953125
0 0.287109375 0.58203125 0.068359375 0.025390625
0 0.048828125 0.55224609375 0.09765625 0.0849609375
0 0.310546875 0.93017578125 0.0859375 0.0341796875
0 0.81396484375 0.42529296875 0.1044921875 0.1064453125
0 0.2041015625 0.39453125 0.05859375 0.04296875
0 0.533203125 0.529296875 0.029296875 0.03515625
0 0.13818359375 0.560546875 0.0302734375 0.033203125