0 0.556640625 0.92333984375 0.037109375 0.0322265625
0 0.8408203125 0.17724609375 0.052734375 0.0693359375
0 0.51904296875 0.49462890625 0.2724609375 0.2724609375
0 0.7666015625 0.142578125 0.0234375 0.021484375
0 0.958984375 0.64013671875 0.064453125 0.0263671875
0 0.50439453125 0.2109375 0.0634765625 0.0625
0 0.75439453125 0.7861328125 0.1025390625 0.31640625
0 0.27392578125 0.59619140625 0.0537109375 0.0654296875
0 0.30224609375 0.2490234375 0.1259765625 0.431640625
0 0.697265625 0.14892578125 0.046875 0.1064453125
0 0.53125 0.064453125 0.13671875 0.0703125
0 0.671875 0.267578125 0.04296875 0.044921875
0 0.9052734375 0.55712890625 0.021484375 0.0185546875
0 0.267578125 0.87158203125 0.3984375 0.1552734375
0 0.56103515625 0.8759765625 0.0361328125 0.0390625
0 0.20458984375 0.6494140625 0.0634765625 0.068359375
0 0.248046875 0.9716796875 0.033203125 0.033203125
0 0.66845703125 0.48291015625 0.0224609375 0.0166015625
0 0.4404296875 0.30908203125 0.072265625 0.0830078125
0 0.7255859375 0.39306640625 0.111328125 0.0966796875
0 0.0859375 0.2734375 0.025390625 0.025390625
0 0.6494140625 0.83984375 0.08203125 0.07421875
0 0.11181640625 0.43994140625 0.1083984375 0.1103515625
0 0.033203125 0.7255859375 0.0625 0.06640625
0 0.9697265625 0.60888671875 0.033203125 0.0263671875
0 0.13720703125 0.71728515625 0.0185546875 0.0185546875
0 0.89404296875 0.38525390625 0.0947265625 0.2275390625
0 0.12744140625 0.04638671875 0.1103515625 0.0341796875
0 0.5224609375 0.73876953125 0.33203125 0.1025390625
0 0.08251953125 0.646484375 0.1142578125 0.041015625
0 0.91064453125 0.25634765625 0.0185546875 0.0224609375
0 0.39111328125 0.65869140625 0.1396484375 0.0478515625
0 0.18798828125 0.2451171875 0.0302734375 0.0390625
0 0.74365234375 0.041015625 0.0283203125 0.03515625
0 0.2021484375 0.76318359375 0.041015625 0.0419921875
0 0.90869140625 0.8310546875 0.0888671875 0.267578125
0 0.15673828125 0.14013671875 0.1494140625 0.1298828125
0 0.79296875 0.60791015625 0.021484375 0.0224609375
0 0.8330078125 0.66162109375 0.046875 0.1357421875
0 0.77294921875 0.19287109375 0.0517578125 0.0537109375
0 0.64111328125 0.904296875 0.0302734375 0.029296875
0 0.10498046875 0.33203125 0.0693359375 0.05078125
0 0.63427734375 0.32470703125 0.0322265625 0.0322265625
0 0.77099609375 0.53125 0.1474609375 0.08203125
0 0.74658203125 0.2734375 0.0830078125 0.08203125