0 0.70703125 0.05712890625 0.091796875 0.0908203125
0 0.1455078125 0.2705078125 0.13671875 0.466796875
0 0.79931640625 0.96630859375 0.0341796875 0.0263671875
0 0.56591796875 0.19970703125 0.0537109375 0.1552734375
0 0.912109375 0.88330078125 0.046875 0.0400390625
0 0.7509765625 0.7646484375 0.068359375 0.05078125
0 0.50439453125 0.509765625 0.0576171875 0.18359375
0 0.36279296875 0.54736328125 0.0595703125 0.0537109375
0 0.484375 0.66064453125 0.0625 0.0634765625
0 0.38427734375 0.439453125 0.1396484375 0.072265625
0 0.20654296875 0.80908203125 0.2919921875 0.2919921875
0 0.34521484375 0.05126953125 0.0205078125 0.0224609375
0 0.3564453125 0.2626953125 0.0234375 0.0234375
0 0.7421875 0.49462890625 0.09765625 0.2861328125
0 0.02734375 0.63671875 0.041015625 0.052734375
0 0.6552734375 0.18408203125 0.056640625 0.0576171875
0 0.5712890625 0.87548828125 0.21484375 0.1162109375
0 0.0400390625 0.162109375 0.0390625 0.0390625
0 0.9091796875 0.1123046875 0.134765625 0.154296875
0 0.69921875 0.98583984375 0.078125 0.0283203125
0 0.2421875 0.33203125 0.0234375 0.02734375
0 0.376953125 0.13232421875 0.13671875 0.1201171875
0 0.94287109375 0.79248046875 0.1005859375 0.1025390625
0 0.25830078125 0.22265625 0.0380859375 0.041015625
0 0.5625 0.3544921875 0.029296875 0.03125
0 0.53466796875 0.78466796875 0.0458984375 0.0478515625
0 0.53076171875 0.31396484375 0.0205078125 0.0185546875
0 0.48583984375 0.29150390625 0.0791015625 0.0244140625
0 0.96826171875 0.451171875 0.0419921875 0.041015625
0 0.78369140625 0.85791015625 0.1103515625 0.0458984375
0 0.0419921875 0.0322265625 0.01953125 0.013671875
0 0.89453125 0.4287109375 0.080078125 0.185546875
0 0.88720703125 0.587890625 0.1318359375 0.115234375
0 0.7470703125 0.69140625 0.166015625 0.056640625
0 0.7587890625 0.13818359375 0.03515625 0.0302734375
0 0.04931640625 0.486328125 0.0283203125 0.03515625
0 0.39306640625 0.3779296875 0.0283203125 0.02734375
0 0.8232421875 0.1484375 0.025390625 0.025390625
0 0.6416015625 0.33447265625 0.033203125 0.0400390625
0 0.82763671875 0.35107421875 0.0498046875 0.0498046875
0 0.68359375 0.30126953125 0.0390625 0.0419921875
0 0.40478515625 0.65478515625 0.0478515625 0.0498046875
0 0.267578125 0.60205078125 0.2734375 0.0537109375
0 0.61083984375 0.39599609375 0.0498046875 0.0654296875
0 0.349609375 0.34033203125 0.044921875 0.1025390625