0 0.71142578125 0.45263671875 0.0654296875 0.1962890625
0 0.12939453125 0.7939453125 0.0615234375 0.169921875
0 0.33642578125 0.48876953125 0.4775390625 0.1767578125
0 0.9208984375 0.31103515625 0.12890625 0.6025390625
0 0.484375 0.6884765625 0.107421875 0.109375
0 0.70263671875 0.66455078125 0.1005859375 0.0517578125
0 0.84033203125 0.7939453125 0.0869140625 0.02734375
0 0.2724609375 0.869140625 0.04296875 0.04296875
0 0.55029296875 0.1591796875 0.2216796875 0.123046875
0 0.11474609375 0.3544921875 0.1025390625 0.037109375
0 0.2587890625 0.2353515625 0.15234375 0.173828125
0 0.30322265625 0.78857421875 0.1181640625 0.1044921875
0 0.92822265625 0.966796875 0.0888671875 0.02734375
0 0.76904296875 0.56787109375 0.0458984375 0.0498046875
0 0.6005859375 0.80712890625 0.0859375 0.1982421875
0 0.86328125 0.70068359375 0.1328125 0.1357421875
0 0.75439453125 0.197265625 0.1845703125 0.162109375
0 0.27734375 0.3603515625 0.05078125 0.0546875
0 0.82177734375 0.8447265625 0.1123046875 0.044921875
0 0.7001953125 0.8515625 0.041015625 0.03125
0 0.380859375 0.7509765625 0.033203125 0.03515625
0 0.71533203125 0.03857421875 0.0400390625 0.0400390625
0 0.9755859375 0.78173828125 0.048828125 0.0439453125
0 0.43017578125 0.61767578125 0.0263671875 0.0283203125
0 0.0419921875 0.79736328125 0.08203125 0.1767578125
0 0.0771484375 0.20458984375 0.12890625 0.1474609375
0 0.05322265625 0.54736328125 0.0263671875 0.0283203125
0 0.41259765625 0.1337890625 0.0263671875 0.017578125
0 0.85107421875 0.9150390625 0.2275390625 0.0703125
0 0.0615234375 0.576171875 0.0234375 0.0234375
0 0.669921875 0.88623046875 0.029296875 0.0283203125
0 0.30126953125 0.1162109375 0.0615234375 0.060546875
0 0.4365234375 0.7802734375 0.02734375 0.0234375
0 0.26953125 0.93408203125 0.400390625 0.0849609375
0 0.31640625 0.6435546875 0.060546875 0.044921875
0 0.8212890625 0.04248046875 0.0390625 0.0341796875
0 0.0185546875 0.94921875 0.01953125 0.0234375
0 0.39501953125 0.29443359375 0.0419921875 0.0517578125
0 0.75048828125 0.74365234375 0.0146484375 0.0185546875
0 0.46533203125 0.31201171875 0.0322265625 0.0419921875
0 0.47216796875 0.76513671875 0.0185546875 0.0166015625
0 0.20166015625 0.75927734375 0.0537109375 0.0712890625
0 0.64990234375 0.392578125 0.0556640625 0.05859375
0 0.26708984375 0.70263671875 0.0302734375 0.0302734375
0 0.822265625 0.08837890625 0.044921875 0.0439453125
0 0.0478515625 0.09619140625 0.052734375 0.0537109375