0 0.689453125 0.40283203125 0.17578125 0.0556640625
0 0.65869140625 0.30224609375 0.0244140625 0.0244140625
0 0.68212890625 0.80712890625 0.4111328125 0.2431640625
0 0.22412109375 0.53759765625 0.0595703125 0.1279296875
0 0.3681640625 0.58935546875 0.048828125 0.0361328125
0 0.056640625 0.3837890625 0.052734375 0.0546875
0 0.349609375 0.68310546875 0.021484375 0.0263671875
0 0.8818359375 0.0693359375 0.0546875 0.072265625
0 0.720703125 0.11328125 0.224609375 0.224609375
0 0.69580078125 0.9638671875 0.0361328125 0.0390625
0 0.5849609375 0.57080078125 0.060546875 0.0634765625
0 0.3896484375 0.31298828125 0.265625 0.0869140625
0 0.0830078125 0.93994140625 0.134765625 0.1181640625
0 0.02001953125 0.68408203125 0.0361328125 0.0361328125
0 0.16748046875 0.24853515625 0.0361328125 0.1064453125
0 0.47998046875 0.41552734375 0.0986328125 0.0302734375
0 0.4326171875 0.119140625 0.060546875 0.181640625
0 0.32958984375 0.18896484375 0.0498046875 0.0537109375
0 0.46044921875 0.52978515625 0.1220703125 0.1396484375
0 0.373046875 0.95654296875 0.1953125 0.0380859375
0 0.3876953125 0.79638671875 0.05859375 0.0576171875
0 0.11572265625 0.09375 0.0361328125 0.046875
0 0.89404296875 0.24853515625 0.0224609375 0.0224609375
0 0.326171875 0.44482421875 0.0859375 0.0771484375
0 0.52294921875 0.10302734375 0.1142578125 0.1162109375
0 0.9755859375 0.837890625 0.041015625 0.041015625
0 0.076171875 0.61083984375 0.033203125 0.0322265625
0 0.31640625 0.23046875 0.02734375 0.0234375
0 0.12109375 0.79150390625 0.11328125 0.0595703125
0 0.86279296875 0.95751953125 0.1162109375 0.0419921875
0 0.2080078125 0.7001953125 0.125 0.109375
0 0.65576171875 0.9873046875 0.0283203125 0.025390625
0 0.85791015625 0.54833984375 0.2060546875 0.2060546875
0 0.185546875 0.9423828125 0.025390625 0.017578125
0 0.0625 0.189453125 0.064453125 0.068359375
0 0.595703125 0.48828125 0.04296875 0.044921875
0 0.724609375 0.60498046875 0.013671875 0.0166015625
0 0.0595703125 0.67138671875 0.0390625 0.0341796875
0 0.1220703125 0.03662109375 0.052734375 0.0517578125
0 0.27734375 0.54541015625 0.04296875 0.0439453125
0 0.65380859375 0.60107421875 0.0537109375 0.0654296875
0 0.9638671875 0.27734375 0.03515625 0.02734375
0 0.296875 0.8447265625 0.080078125 0.091796875
0 0.86572265625 0.376953125 0.0556640625 0.12890625
0 0.201171875 0.12548828125 0.087890625 0.0361328125
0 0.71044921875 0.29296875 0.0732421875 0.07421875