0 0.97900390625 0.05615234375 0.0244140625 0.0244140625
0 0.5966796875 0.24853515625 0.53125 0.3134765625
0 0.18359375 0.47607421875 0.244140625 0.9267578125
0 0.54833984375 0.4794921875 0.0615234375 0.07421875
0 0.62939453125 0.8720703125 0.0419921875 0.04296875
0 0.86669921875 0.556640625 0.0322265625 0.041015625
0 0.375 0.50537109375 0.080078125 0.1923828125
0 0.7802734375 0.474609375 0.099609375 0.05078125
0 0.43017578125 0.916015625 0.0595703125 0.0625
0 0.7607421875 0.787109375 0.14453125 0.423828125
0 0.908203125 0.74609375 0.033203125 0.033203125
0 0.56787109375 0.62158203125 0.0400390625 0.0419921875
0 0.953125 0.3642578125 0.09375 0.44140625
0 0.01416015625 0.93408203125 0.0283203125 0.0380859375
0 0.4306640625 0.7421875 0.18359375 0.16015625
0 0.50390625 0.61474609375 0.033203125 0.0322265625
0 0.6279296875 0.494140625 0.076171875 0.166015625
0 0.91015625 0.65966796875 0.09765625 0.1123046875
0 0.51708984375 0.06640625 0.0185546875 0.021484375
0 0.2822265625 0.9638671875 0.0546875 0.041015625
0 0.9248046875 0.90185546875 0.11328125 0.0458984375
0 0.63525390625 0.66943359375 0.0927734375 0.0947265625
0 0.60888671875 0.9453125 0.0908203125 0.08984375
0 0.96630859375 0.7919921875 0.0380859375 0.03515625
0 0.04150390625 0.8701171875 0.0380859375 0.033203125
0 0.36669921875 0.88720703125 0.0498046875 0.0517578125
0 0.11328125 0.96240234375 0.03515625 0.0341796875
0 0.5830078125 0.8203125 0.05859375 0.05859375
0 0.90283203125 0.95458984375 0.1357421875 0.0458984375
0 0.53271484375 0.03125 0.1943359375 0.041015625
0 0.4248046875 0.6474609375 0.02734375 0.02734375
0 0.8984375 0.07275390625 0.07421875 0.0263671875
0 0.982421875 0.71044921875 0.02734375 0.0341796875
0 0.79443359375 0.06494140625 0.0439453125 0.0458984375
0 0.4560546875 0.55029296875 0.080078125 0.0810546875
0 0.86669921875 0.48828125 0.0302734375 0.033203125
0 0.75244140625 0.54833984375 0.0927734375 0.0283203125
0 0.69384765625 0.0693359375 0.0361328125 0.02734375
0 0.04150390625 0.92041015625 0.0166015625 0.0146484375
0 0.66259765625 0.02294921875 0.0380859375 0.0322265625
0 0.92724609375 0.1279296875 0.0302734375 0.021484375
0 0.498046875 0.93896484375 0.0234375 0.0244140625