0 0.56103515625 0.18310546875 0.0615234375 0.0810546875
0 0.197265625 0.62255859375 0.0390625 0.0517578125
0 0.3525390625 0.27734375 0.02734375 0.021484375
0 0.84326171875 0.09619140625 0.0439453125 0.0439453125
0 0.46923828125 0.8642578125 0.0263671875 0.033203125
0 0.650390625 0.50927734375 0.6875 0.2548828125
0 0.8896484375 0.3310546875 0.111328125 0.056640625
0 0.271484375 0.14013671875 0.0859375 0.0322265625
0 0.47802734375 0.22265625 0.0595703125 0.064453125
0 0.19384765625 0.66259765625 0.0654296875 0.0185546875
0 0.859375 0.90625 0.142578125 0.044921875
0 0.5390625 0.77783203125 0.0625 0.0634765625
0 0.12890625 0.4033203125 0.173828125 0.173828125
0 0.6455078125 0.82421875 0.115234375 0.33984375
0 0.89306640625 0.0986328125 0.0224609375 0.01953125
0 0.73779296875 0.109375 0.0654296875 0.064453125
0 0.83740234375 0.04248046875 0.0185546875 0.0224609375
0 0.775390625 0.9775390625 0.029296875 0.029296875
0 0.17041015625 0.29150390625 0.0283203125 0.0283203125
0 0.07958984375 0.67724609375 0.0869140625 0.2958984375
0 0.27685546875 0.52880859375 0.0478515625 0.0439453125
0 0.08349609375 0.146484375 0.0830078125 0.2421875
0 0.26123046875 0.87353515625 0.0517578125 0.1123046875
0 0.1806640625 0.732421875 0.08203125 0.09375
0 0.44189453125 0.01904296875 0.0263671875 0.0263671875
0 0.34619140625 0.0810546875 0.3193359375 0.0625
0 0.6337890625 0.3583984375 0.0390625 0.033203125
0 0.86474609375 0.751953125 0.1318359375 0.115234375
0 0.4072265625 0.28515625 0.05859375 0.1875
0 0.05078125 0.865234375 0.02734375 0.01953125
0 0.0576171875 0.287109375 0.033203125 0.03515625
0 0.42822265625 0.751953125 0.0791015625 0.181640625
0 0.18896484375 0.1884765625 0.0673828125 0.06640625
0 0.81494140625 0.21240234375 0.2587890625 0.1396484375
0 0.9462890625 0.765625 0.017578125 0.015625
0 0.4970703125 0.96240234375 0.052734375 0.0556640625
0 0.3564453125 0.20849609375 0.041015625 0.0498046875
0 0.28173828125 0.29541015625 0.1044921875 0.1064453125
0 0.73779296875 0.79248046875 0.0673828125 0.0498046875
0 0.5078125 0.716796875 0.03125 0.033203125
0 0.25634765625 0.57421875 0.0400390625 0.04296875
0 0.33349609375 0.802734375 0.0869140625 0.099609375
0 0.20263671875 0.92138671875 0.0576171875 0.0556640625
0 0.95751953125 0.0439453125 0.0751953125 0.076171875
0 0.7607421875 0.314453125 0.111328125 0.044921875
0 0.142578125 0.04833984375 0.03125 0.0322265625