0 0.283203125 0.873046875 0.099609375 0.037109375
0 0.6494140625 0.74365234375 0.017578125 0.0185546875
0 0.05078125 0.8125 0.060546875 0.017578125
0 0.84423828125 0.16943359375 0.1982421875 0.1064453125
0 0.17236328125 0.88134765625 0.0458984375 0.0478515625
0 0.62744140625 0.21875 0.0615234375 0.044921875
0 0.505859375 0.3857421875 0.33984375 0.111328125
0 0.5751953125 0.7646484375 0.060546875 0.13671875
0 0.03662109375 0.595703125 0.0341796875 0.033203125
0 0.47802734375 0.48974609375 0.0966796875 0.0302734375
0 0.2705078125 0.3125 0.083984375 0.095703125
0 0.388671875 0.7529296875 0.095703125 0.4140625
0 0.71826171875 0.75537109375 0.0400390625 0.0400390625
0 0.896484375 0.7421875 0.111328125 0.345703125
0 0.17822265625 0.79443359375 0.0537109375 0.0654296875
0 0.56640625 0.650390625 0.0703125 0.0703125
0 0.7998046875 0.79736328125 0.056640625 0.0595703125
0 0.9267578125 0.3564453125 0.10546875 0.244140625
0 0.22607421875 0.56298828125 0.0419921875 0.0556640625
0 0.4599609375 0.1416015625 0.265625 0.265625
0 0.0556640625 0.423828125 0.017578125 0.015625
0 0.13818359375 0.48193359375 0.1142578125 0.3896484375
0 0.7568359375 0.6318359375 0.13671875 0.15625
0 0.0537109375 0.73828125 0.048828125 0.052734375
0 0.0439453125 0.5224609375 0.041015625 0.037109375
0 0.12158203125 0.12646484375 0.1884765625 0.1884765625
0 0.6748046875 0.07275390625 0.025390625 0.0322265625
0 0.1298828125 0.943359375 0.044921875 0.0390625
0 0.7314453125 0.45751953125 0.0625 0.0673828125
0 0.7958984375 0.30517578125 0.0625 0.0654296875
0 0.201171875 0.70361328125 0.07421875 0.0302734375
0 0.0380859375 0.9765625 0.0234375 0.0234375
0 0.61474609375 0.89697265625 0.1240234375 0.1259765625
0 0.1708984375 0.91455078125 0.017578125 0.0126953125
0 0.90380859375 0.0458984375 0.0849609375 0.083984375
0 0.85888671875 0.3173828125 0.0205078125 0.017578125
0 0.44970703125 0.9677734375 0.0126953125 0.015625
0 0.0361328125 0.6337890625 0.0390625 0.029296875
0 0.97412109375 0.14306640625 0.0302734375 0.0302734375
0 0.74755859375 0.923828125 0.1259765625 0.12890625
0 0.49755859375 0.91259765625 0.0478515625 0.1318359375
0 0.4619140625 0.908203125 0.015625 0.01953125
0 0.25 0.43505859375 0.05859375 0.0576171875
0 0.26025390625 0.80908203125 0.0888671875 0.0458984375
0 0.4814453125 0.6630859375 0.083984375 0.267578125
0 0.28173828125 0.078125 0.0419921875 0.04296875