0 0.6181640625 0.39208984375 0.1171875 0.1025390625
0 0.6318359375 0.93408203125 0.02734375 0.0283203125
0 0.33447265625 0.13916015625 0.4990234375 0.2587890625
0 0.42236328125 0.76171875 0.0654296875 0.064453125
0 0.8076171875 0.5009765625 0.25390625 0.96484375
0 0.3203125 0.60791015625 0.625 0.2314453125
0 0.40087890625 0.96728515625 0.0615234375 0.0654296875
0 0.35595703125 0.4482421875 0.1318359375 0.048828125
0 0.51513671875 0.76708984375 0.0361328125 0.0380859375
0 0.2607421875 0.88671875 0.140625 0.16015625
0 0.0283203125 0.36474609375 0.052734375 0.0556640625
0 0.27099609375 0.333984375 0.0927734375 0.09375
0 0.640625 0.23193359375 0.044921875 0.0380859375
0 0.12939453125 0.8671875 0.0556640625 0.12890625
0 0.9765625 0.35302734375 0.033203125 0.0322265625
0 0.96044921875 0.8798828125 0.0126953125 0.015625
0 0.6025390625 0.80859375 0.044921875 0.044921875
0 0.3974609375 0.853515625 0.130859375 0.068359375
0 0.18505859375 0.42578125 0.0791015625 0.0234375
0 0.54931640625 0.9130859375 0.1005859375 0.115234375
0 0.0712890625 0.3046875 0.015625 0.01953125
0 0.04833984375 0.4296875 0.0732421875 0.06640625
0 0.04150390625 0.97021484375 0.0458984375 0.0458984375
0 0.08642578125 0.96337890625 0.0400390625 0.0517578125
0 0.05224609375 0.10546875 0.0634765625 0.197265625
0 0.12060546875 0.32568359375 0.0244140625 0.0185546875
0 0.41064453125 0.32275390625 0.0380859375 0.0380859375
0 0.2939453125 0.77197265625 0.158203125 0.0498046875
0 0.50830078125 0.3701171875 0.0849609375 0.0859375
0 0.44775390625 0.9091796875 0.0419921875 0.03125
0 0.95947265625 0.04931640625 0.0302734375 0.0263671875
0 0.1728515625 0.34716796875 0.078125 0.0771484375
0 0.96630859375 0.17578125 0.0537109375 0.05859375
0 0.61669921875 0.29541015625 0.0966796875 0.0400390625
0 0.03955078125 0.87841796875 0.0615234375 0.0615234375
0 0.63525390625 0.08935546875 0.0771484375 0.1669921875
0 0.1904296875 0.4677734375 0.037109375 0.037109375
0 0.357421875 0.33544921875 0.046875 0.0615234375
0 0.9638671875 0.7734375 0.033203125 0.03515625
0 0.5751953125 0.75 0.021484375 0.01953125
0 0.9443359375 0.90380859375 0.017578125 0.0126953125