0 0.4931640625 0.54345703125 0.0390625 0.0302734375
0 0.35107421875 0.03857421875 0.0439453125 0.0400390625
0 0.93212890625 0.69677734375 0.0166015625 0.0205078125
0 0.95654296875 0.158203125 0.0869140625 0.0859375
0 0.09912109375 0.76953125 0.0380859375 0.037109375
0 0.27880859375 0.37890625 0.1259765625 0.14453125
0 0.2744140625 0.890625 0.142578125 0.048828125
0 0.6005859375 0.44970703125 0.171875 0.6142578125
0 0.8291015625 0.2578125 0.138671875 0.158203125
0 0.630859375 0.88916015625 0.07421875 0.1689453125
0 0.2412109375 0.63134765625 0.072265625 0.0537109375
0 0.33984375 0.56103515625 0.248046875 0.0810546875
0 0.39892578125 0.33251953125 0.1103515625 0.3486328125
0 0.7275390625 0.9189453125 0.037109375 0.037109375
0 0.0849609375 0.66845703125 0.078125 0.0400390625
0 0.96923828125 0.57080078125 0.0341796875 0.0361328125
0 0.84375 0.857421875 0.091796875 0.09375
0 0.12353515625 0.33056640625 0.0458984375 0.0595703125
0 0.25048828125 0.11279296875 0.0986328125 0.1005859375
0 0.4609375 0.03759765625 0.09765625 0.0400390625
0 0.908203125 0.86376953125 0.029296875 0.0380859375
0 0.83984375 0.58349609375 0.03515625 0.0361328125
0 0.37744140625 0.74462890625 0.0986328125 0.0302734375
0 0.21240234375 0.2509765625 0.0224609375 0.0234375
0 0.17529296875 0.5791015625 0.0458984375 0.0390625
0 0.11474609375 0.48974609375 0.0517578125 0.1513671875
0 0.8017578125 0.7177734375 0.1796875 0.1796875
0 0.9140625 0.51171875 0.05859375 0.060546875
0 0.74072265625 0.55126953125 0.0537109375 0.0537109375
0 0.8583984375 0.5146484375 0.02734375 0.02734375
0 0.16796875 0.765625 0.064453125 0.0625
0 0.30859375 0.93359375 0.0234375 0.0234375
0 0.28125 0.27294921875 0.03125 0.0224609375
0 0.5615234375 0.95947265625 0.037109375 0.0400390625
0 0.4833984375 0.91455078125 0.01953125 0.0224609375
0 0.09130859375 0.8701171875 0.0380859375 0.041015625
0 0.2646484375 0.79345703125 0.029296875 0.0361328125
0 0.08984375 0.08251953125 0.02734375 0.0244140625
0 0.77490234375 0.4140625 0.1142578125 0.099609375
0 0.7685546875 0.0810546875 0.150390625 0.1328125
0 0.4306640625 0.68212890625 0.076171875 0.0771484375
0 0.150390625 0.826171875 0.09765625 0.03515625
0 0.9697265625 0.978515625 0.03515625 0.03125
0 0.5283203125 0.0908203125 0.28125 0.0546875