0 0.1318359375 0.8603515625 0.0625 0.017578125
0 0.73486328125 0.3095703125 0.2529296875 0.587890625
0 0.58447265625 0.40869140625 0.0244140625 0.0166015625
0 0.55615234375 0.76513671875 0.7119140625 0.2646484375
0 0.3466796875 0.154296875 0.0390625 0.11328125
0 0.42626953125 0.3974609375 0.0302734375 0.0234375
0 0.48583984375 0.2138671875 0.0654296875 0.1953125
0 0.94970703125 0.099609375 0.0556640625 0.0546875
0 0.32763671875 0.26611328125 0.0283203125 0.0283203125
0 0.1572265625 0.052734375 0.109375 0.037109375
0 0.42529296875 0.09375 0.0224609375 0.02734375
0 0.94677734375 0.15380859375 0.0439453125 0.0458984375
0 0.22509765625 0.1943359375 0.1162109375 0.060546875
0 0.486328125 0.54052734375 0.13671875 0.1396484375
0 0.255859375 0.32177734375 0.080078125 0.0908203125
0 0.0234375 0.2724609375 0.04296875 0.0546875
0 0.56640625 0.0703125 0.064453125 0.068359375
0 0.06689453125 0.21337890625 0.1298828125 0.0537109375
0 0.63525390625 0.953125 0.4228515625 0.08984375
0 0.18505859375 0.2705078125 0.0439453125 0.046875
0 0.21923828125 0.5185546875 0.1650390625 0.14453125
0 0.9638671875 0.5244140625 0.0390625 0.029296875
0 0.513671875 0.375 0.0390625 0.041015625
0 0.13037109375 0.79052734375 0.0341796875 0.0791015625
0 0.111328125 0.275390625 0.0546875 0.0546875
0 0.359375 0.49365234375 0.05078125 0.0517578125
0 0.953125 0.4677734375 0.052734375 0.0546875
0 0.05224609375 0.48876953125 0.0439453125 0.0576171875
0 0.56396484375 0.26123046875 0.0654296875 0.0595703125
0 0.92333984375 0.6103515625 0.0283203125 0.025390625
0 0.14599609375 0.3740234375 0.1259765625 0.12890625
0 0.55859375 0.1904296875 0.041015625 0.041015625
0 0.24072265625 0.25048828125 0.0419921875 0.0419921875
0 0.4580078125 0.048828125 0.09765625 0.03515625
0 0.9306640625 0.25439453125 0.029296875 0.0244140625
0 0.3056640625 0.93994140625 0.083984375 0.0830078125
0 0.138671875 0.93896484375 0.03125 0.0380859375
0 0.3974609375 0.5703125 0.03125 0.03125
0 0.90087890625 0.197265625 0.0224609375 0.0234375
0 0.291015625 0.04931640625 0.03515625 0.0302734375
0 0.38525390625 0.40185546875 0.0478515625 0.1142578125
0 0.0419921875 0.71875 0.03515625 0.04296875